-15 32
-42 -17
28 22
-6 -39
37 -22
39 49
43 -15
47 49
10 -7
-41 31
30 41
-37 -19
-40 19
0 36
-24 -17
-5 48
-23 -48
30 24
-46 -42
1 34
-8 31
42 21
42 43
34 -17
20 9
-32 23
37 -38
-6 5
-8 15
-33 -13
-47 -46
13 9
-3 38
28 10
18 -16
-23 -21
-41 13
-41 -33
42 20
-25 -48
12 44
8 18
-26 -1
-16 -7
33 37
-3 39
-26 -17
2 32
-36 11
27 34
26 -15
-27 28
18 4
-10 7
0 -11
-10 -22
-8 1
-1 31
-44 -1
-26 -19
-44 48
23 31
-24 14
46 25
-46 33
6 -34
44 -7
38 -32
25 43
-49 -31
19 -45
33 -4
8 20
-35 7
44 43
7 28
7 -1
-34 48
29 49
37 -23
14 -21
-14 39
-16 40
-31 -42
-47 -32
39 -43
-40 -12
-28 -34
43 2
34 -21
-20 -35
45 16
27 28
46 -35
23 41
19 26
5 11
-13 -24
5 38
-25 -2
-35 -20
27 -46
-17 -19
-5 10
1 -45
-31 37
-45 -25
3 -39
-19 1
-38 0
-44 15
-42 -22
-34 0
16 22
-44 -25
-9 11
14 38
-26 43
6 26
42 -10
49 -34
0 -45
2 39
16 -35
15 -49
46 14
-39 12
35 11
-1 49
-20 22
15 35
0 47
-34 -25
-29 -40
-4 29
-29 -24
-39 -1
14 -6
24 -39
27 -15
47 -37
-8 11
-38 -44
-25 -49
-7 -35
13 5
-13 -34
-15 20
38 31
8 -39
-25 34
26 -19
-2 16
40 -20
23 -11
1 30
-32 -19
-38 -23
42 49
-25 28
-40 29
48 9
-5 33
0 -34
-18 31
-31 26
-37 -16
-41 -12
12 30
-19 -27
-18 -37
-38 -16
-20 29
-42 42
48 -3
-8 -4
0 22
-5 16
20 37
-19 20
-34 -31
40 -12
36 -1
-49 19
-24 -32
-44 -28
43 -28
-42 43
-44 -24
-8 -27
11 39
26 44
-6 47
-49 27
-41 31
-36 38
9 22
-38 -32
19 -11
-22 26
30 -24
-23 49
45 45
-48 -3
21 -1
-5 -31
-1 35
47 -38
13 -3
42 -49
-6 -27
38 16
25 1
-13 -40
-7 -19
-12 3
-31 36
47 4
49 -34
31 15
-32 -1
42 16
-13 46
37 6
-30 32
-20 19
10 -1
27 -42
-9 5
-22 26
28 -24
12 23
30 20
-16 42
20 0
-46 -20
-19 26
13 39
-36 -42
-43 12
-29 0
45 37
23 28
-16 -49
39 21
22 25
-40 31
-4 10
39 -43
-39 -18
11 -27
-1 15
2 32
-34 -13
-48 26
47 13
15 -38
4 44
31 -12
16 -19
-7 35
-23 -46
-37 -28
-47 21
-48 28
-9 -18
-12 48
-31 -24
16 -49
42 46
-43 47
46 -5
8 -47
38 9
1 -44
47 -36
-1 -22
27 23
-32 9
-45 -33
30 -1
17 0
-31 44
-2 27
-45 -2
0 -18
46 47
34 -26
2 -26
9 47
-29 47
-17 1
5 -14
-9 -38
0 16
33 44
-43 -45
41 -31
-6 -30
-10 -21
32 2
-36 -8
45 6
2 0
-40 -5
41 -36
-17 9
13 -32
-37 -5
20 35
42 -8
14 10
46 -18
-35 8
19 -10
-19 20
8 -36
7 -5
-38 1
49 -21
42 -10
35 20
36 44
46 13
32 -42
-39 -2
17 -20
-23 -36
16 -38
-31 47
38 9
34 -1
-33 23
-42 47
37 -27
3 30
34 1
2 29
-24 -33
-48 4
47 -17
3 -36
3 -6
30 -39
49 -7
8 -14
18 -6
46 11
26 -27
21 -26
22 20
-36 -37
-25 21
22 -28
-13 -27
39 -24
-23 1
-16 6
-27 -24
30 -41
4 37
39 -32
-25 -1
-7 27
-21 -20
42 29
-23 26
-30 -28
23 3
35 34
35 44
-37 16
18 -41
0 -13
-49 -19
4 -22
44 -2
-38 -4
-39 35
-15 33
42 45
-19 -11
-13 -5
1 -29
-44 -4
47 -11
19 -26
41 -21
32 29
48 -4
3 -21
12 -11
-13 7
-5 -49
-10 -35
-35 4
48 -20
15 -45
27 18
-5 45
-24 0
-32 -30
-49 11
16 8
-23 -41
-1 32
-46 -11
27 32
-22 -39
-23 -42
-26 0
14 0
-49 5
-25 -2
28 -17
-11 25
-45 -39
-33 4
-38 47
24 9
-17 30
-22 2
13 37
45 -45
6 -46
-13 -44
-2 -46
0 -16
-41 -12
-8 13
-25 -24
-5 -11
-1 -29
-31 -47
36 6
-3 17
-48 -44
-8 40
48 36
16 -26
19 -40
-7 11
8 -4
26 -29
-3 -11
-19 13
33 34
-10 -10
37 8
-44 -32
-34 -24
-10 18
-22 -11
-32 -40
-36 -6
3 -33
-15 26
24 43
35 41
39 -3
-11 41
45 31
2 18
40 9
42 -2
3 -3
26 -46
34 -26
-6 -29
16 26
19 41
-38 -11
-39 -1
-27 -17
32 -32
24 15
-33 -39
6 -34
-12 0
45 34
-36 -10
48 -2
-8 27
12 -16
38 -4
30 -40
-35 -3
48 6
3 -36
11 45
47 49
-42 20
5 -34
-46 34
-4 -16
6 -42
-3 -23
-35 -23
-41 -25
-42 -31
-39 -3
-5 -49
-1 37
-41 -28
-2 26
46 47
16 19
-37 -14
-18 36
29 -31
-31 -49
21 4
-27 24
-18 -38
5 -16
-20 -22
36 -31
34 19
-36 15
-24 -1
0 5
-11 26
-20 -38
1 41
-44 -9
31 18
23 29
6 -11
-26 33
15 -9
-28 10
22 21
15 5
-24 -18
-49 -14
-42 -10
29 -46
49 0
26 21
-11 -30
-15 -11
39 -9
34 -10
39 -16
-24 23
33 33
-34 48
31 31
-7 -33
43 -48
40 -39
46 -30
-43 7
-30 -49
-33 41
30 23
-47 -37
-23 10
31 -41
32 28
6 42
33 29
-8 32
-37 43
6 -31
-26 -37
-34 -4
-3 48
43 -38
-38 19
17 28
-14 -29
31 -30
-21 10
19 -29
24 -43
46 2
-38 -38
12 -37
1 2
-39 1
-41 21
-5 -6
36 17
-12 -39
-12 47
26 41
-42 -29
-32 -33
8 37
35 31
0 42
35 37
43 41
23 -42
22 1
-31 -29
10 -22
47 38
47 -42
7 26
-47 27
17 0
7 -37
-15 21
-20 -7
18 15
42 -16
14 -6
47 33
-36 26
-41 36
24 -40
-42 21
33 48
-26 -20
37 2
33 -20
-48 28
-8 -6
24 35
10 -9
9 -17
-10 -2
-3 31
-31 -5
43 -30
4 -10
5 25
-42 14
8 -37
-47 -6
-38 28
19 -36
25 11
25 -40
0 0
8 46
-21 23
42 -44
49 -32
37 42
0 6
44 38
-14 13
39 29
-31 42
-24 -7
-36 36
-4 4
-8 -10
-24 -22
-14 -29
-32 -10
-25 32
-21 28
18 29
-39 48
-14 26
3 -11
-13 -5
-27 33
-42 9
-31 -30
7 -28
28 47
-3 -31
-32 -18
19 -22
5 -4
-4 -5
-3 -32
-41 44
-21 -46
-38 -40
20 32
-49 38
-42 -20
4 -5
-2 -40
34 44
1 41
-46 -45
28 44
44 -48
10 -48
-6 9
-8 5
8 45
49 14
38 -17
-47 34
33 -2
43 33
-10 26
4 -1
-2 -3
-46 41
34 24
-46 20
-38 -26
26 40
-3 37
41 -18
-27 10
-36 -32
29 41
0 33
28 28
-31 23
26 37
-35 19
11 3
-41 40
-11 8
-12 20
16 -40
-46 -45
-41 -37
35 -3
43 18
-23 23
29 2
-41 -16
12 30
27 13
-21 -9
-34 -39
29 -4
18 21
-15 1
44 4
10 -41
-20 27
36 -8
15 -10
37 36
-29 -13
24 27
-4 6
17 12
-33 1
-7 40
18 9
48 4
-6 42
-18 6
44 3
30 -14
35 1
-15 -27
44 36
-37 27
40 -7
20 -25
49 -20
25 -17
-6 42
-33 13
-11 -33
34 34
40 37
19 -5
-23 -35
10 -26
-29 10
-14 38
4 -16
7 -12
2 -18
-2 24
-42 37
-6 -32
27 0
28 16
-45 31
-22 -38
-5 49
42 -7
-11 22
15 -48
-38 -8
-4 -23
15 -7
-43 5
34 -12
-5 28
7 14
-2 49
-40 21
-44 -35
-10 24
-32 -42
-36 -16
34 -2
2 -2
-48 48
40 20
21 21
-20 20
31 46
30 -42
13 -11
13 -4
5 37
48 29
9 43
-33 17
-1 34
-48 -12
-3 12
-49 12
-3 22
45 -22
19 -23
-48 23
-42 -40
-10 -6
-49 -47
15 2
-27 -48
36 -46
-2 -15
-2 5
-3 15
6 -41
34 13
38 38
-36 13
6 28
20 -44
35 -16
49 20
29 18
49 41
9 1
-36 46
-10 -24
-39 -21
-17 -6
-26 37
-4 -27
-21 32
36 -30
-18 23
44 39
-22 -43
3 -43
30 -18
13 -26
-11 3
-5 36
0 46
-32 4
-15 0
-1 10
0 -29
0 38
27 -27
-5 16
5 17
4 11
44 48
38 -46
-24 -34
23 32
-20 -15
-48 -11
29 16
12 -25
40 -28
6 49
14 -37
40 -21
17 48
-25 25
-47 -44
7 44
-26 0
7 41
-33 -33
32 42
5 29
44 -41
26 47
-32 -28
40 40
-21 32
47 16
25 35
13 45
23 29
-42 42
28 20
37 14
-42 -29
-5 -5
24 -3
-29 12
46 -24
8 -20
20 -22
33 -14
-37 0
-24 -13
23 0
30 9
-47 10
-40 10
6 16
-15 5
30 24
-32 28
28 24
-15 -18
-11 27
-12 37
-33 49
10 -47
-41 26
-2 -2
-38 -33
-24 -39
-42 3
8 19
-30 41
9 -11
12 1
-46 0
-25 7
-31 35
40 25
37 -1
3 13
43 6
31 -44
42 -5
46 16
15 28
-42 13
4 -12
-11 -1
-45 0
3 11
42 12
-14 25
-16 27
8 -20
-4 -15
47 -6
-48 17
39 -28
-11 16
17 20
-28 19
-47 -37
-49 44
-40 -32
33 43
10 5
43 -36
-16 20
-9 -12
-37 13
-21 -22
-25 -43
-19 -36
-6 -17
23 -8
14 -33
37 0
19 -41
39 8
6 20
-18 -44
-29 28
-5 15
26 -6
26 -27
-12 -3
34 -40
-12 -12
24 -34
40 38
21 -41
-19 20
21 13
21 -8
-34 -7
9 -43
30 4
-9 -2
3 -26
-29 18
16 45
-39 -3
9 -19
10 -9
-46 41
-31 -29
42 16
-20 1
20 15
-49 -41
-46 32
-36 -36
9 5
22 -2
13 0
-46 -12
-3 -28
-48 -29
47 48
2 8
-15 -9
41 -45
-38 -2
-49 -9
3 37
-15 3
20 36
-48 4
-33 -32
-42 17
-2 43
7 -21
-21 45
48 -29
10 46
-2 -24
-39 -2
-44 0
24 -37
-22 -40
39 -24
-15 -9
-39 -28
-45 28
20 -39
42 -6
-34 5
-8 44
24 44
10 -26
26 -28
-20 -8
-30 -32
22 -31
20 22
-13 24
37 4
1 2
-47 -41
-21 6
35 10
29 -6
14 22
-44 34
-46 -2
42 44
-40 3
-35 15
-22 -20
-24 7
-9 -11
-28 29
13 11
19 -43
-4 8
6 -4
22 21
43 13
-14 -26
24 38
-22 -7
-3 16
7 -3
25 -3
-6 -30
3 19
-49 43
40 46
-16 -35
17 -46
-33 -30
-15 22
-42 13
-23 7
-42 16
9 46
-49 0
0 1
21 -10
28 17
-46 37
9 48
46 38
-8 12
-12 -3
-42 48
3 11
17 -3
40 -1
10 40
-36 -48
41 -47
-44 17
5 19
-44 -45
4 -26
35 -21
-10 -1
33 13
5 -20
26 20
0 45
17 23
7 45
-36 -30
-41 -37
29 0
35 -37
4 -44
-34 -36
35 -41
35 -33
-4 40
42 -33
-24 -48
-24 -4
33 -35
44 17
25 47
0 -23
11 25
39 12
40 18
-28 42
-25 30
38 -23
-40 -43
-23 29
31 4
3 14
-25 42
49 10
-31 38
-14 -44
8 30
-32 -35
-11 6
-31 45
30 32
12 -13
-37 -9
8 -37
12 6
-3 -19
-34 -6
0 -45
25 -15
9 7
34 21
11 36
-3 1
14 -39
-33 -26
-19 -14
-3 -5
29 3
-35 -28
43 19
20 9
42 -8
-37 1
33 -35
-10 9
-38 -43
20 -29
10 19
-22 -23
7 32
-37 -3
-26 -2
41 -25
-26 42
-17 -34
-36 0
18 -20
34 -12
-35 -47
-9 26
1 23
-31 -6
-24 -35
15 -33
31 -12
23 20
32 -28
-22 -2
39 -39
-46 31
-45 26
-48 -13
45 30
-19 -27
49 -19
-28 -7
-3 -16
-11 28
-7 -35
-37 -9
-11 36
36 29
0 -26
-47 -27
22 2
48 43
14 -6
-29 12
-30 -5
20 -19
26 38
49 -23
-41 -3
-43 -25
37 -1
-18 22
15 -28
18 36
10 15
5 38
0 -31
44 -7
-33 40
21 -14
32 -37
-10 41
39 28
-47 -37
6 37
-23 0
-16 -18
11 11
22 -7
-31 30
-5 -48
39 10
-3 27
-2 -48
-3 -45
17 46
21 49
15 -10
11 -42
-26 -49
-11 -1
48 14
-14 46
38 40
-2 -21
-32 -31
-22 -10
17 12
18 -36
11 -8
2 32
-18 -41
-33 -10
28 -17
0 20
-1 16
14 -38
13 -30
-28 13
-41 -23
-32 43
-40 -30
0 38
-35 -1
44 7
-40 -49
46 11
-21 11
-39 45
11 48
-10 9
-33 6
10 -3
30 -9
-39 -28
-33 39
-20 13
-45 18
-30 -22
-19 6
37 -4
8 28
40 14
-35 -46
7 -43
-41 -35
4 38
-46 46
-8 -19
-31 29
7 -2
-29 -1
10 28
-42 6
31 49
-7 35
-7 -39
-10 3
47 28
-40 -46
-7 -2
-28 -47
39 9
-23 -15
-32 -49
37 49
-30 -11
31 -8
4 -23
21 -5
-24 -18
17 -49
-8 35
-24 -26
19 3
-46 -18
-19 -22
-20 5
30 -14
29 -45
-29 -28
30 26
1 28
24 -26
27 38
31 -7
-48 26
-36 2
5 -10
-2 25
44 -19
29 18
36 -48
-27 34
32 1
38 -31
8 32
0 -17
-25 -21
28 -16
-46 -24
4 -20
27 36
46 -10
0 -10
-20 26
35 39
19 -10
-29 -40
-24 40
42 -1
46 25
42 -26
-46 35
16 -18
43 45
-26 28
20 34
-41 -48
35 24
-22 -13
-5 44
29 -23
-27 19
12 -1
39 20
27 -24
16 -44
-12 32
-21 -15
-14 9
24 -14
29 47
-21 -2
-8 25
24 45
-49 20
-43 -12
26 0
-35 20
5 10
-45 -16
-10 -28
-31 -15
42 11
-8 15
-41 20
45 -23
-27 42
-26 -39
-17 -36
24 36
20 -41
25 -28
36 -33
19 -2
32 -4
-4 4
-43 -22
37 19
45 -17
8 24
-48 48
-7 13
-49 -33
0 -25
-44 -4
-13 -15
1 -45
49 16
-32 18
-39 -17
-44 -40
-13 -4
-9 -37
-49 -31
45 4
44 -17
-35 16
-25 6
11 18
-15 -11
-29 -29
43 -48
-44 34
17 -39
28 -33
-8 -6
-5 -24
-5 5
23 32
40 -24
10 -29
37 7
47 -24
-39 0
42 -32
38 9
26 -26
-16 -20
-37 5
-47 3
-40 -7
-9 14
17 -26
45 47
25 13
-24 -10
-48 -15
-4 -26
-2 -33
47 22
26 12
38 -11
-17 -28
43 20
4 -11
15 -22
-8 -32
42 9
-33 -36
-33 41
-13 -43
13 48
-21 -46
-30 40
-28 5
45 -46
26 -45
28 35
11 -17
29 -18
-11 -16
46 35
20 8
-12 -49
5 -32
-48 -7
31 -31
-7 0
-21 12
-47 8
34 2
-6 23
-3 8
-48 -49
-25 -32
-42 7
-20 49
23 -30
22 -49
-1 -22
-14 -4
-45 -12
-45 -27
31 36
13 -26
2 0
26 -4
-2 29
12 21
2 -10
18 -45
33 -21
-27 17
45 -44
-24 -48
-19 -16
47 26
7 21
-15 -15
-35 -38
-46 -5
-10 -37
-44 13
-5 -14
33 37
7 47
0 -22
36 44
-24 20
47 20
21 9
-2 20
40 32
-40 45
-27 24
1 -22
29 -22
-29 0
18 -33
38 -8
-13 -34
32 -25
38 49
47 -32
31 -37
33 33
46 23
26 34
-29 14
45 39
0 47
3 4
5 -7
-13 25
39 -42
22 27
-27 -7
4 5
-11 -45
-8 5
-43 -7
35 26
-16 -40
29 23
-32 -25
-22 10
17 -2
0 14
-12 25
-15 47
44 18
5 -20
3 3
-25 27
41 -30
5 13
2 23
4 32
46 -42
-41 18
-9 -1
-37 21
11 -8
11 0
48 48
-31 -31
49 -22
-14 -21
-39 41
-10 -36
46 3
36 -31
-48 -39
14 -41
-15 -45
-19 -4
38 -21
42 33
-14 27
15 -38
-16 15
-29 20
-17 42
-14 -23
-22 -14
4 -16
-34 -26
-40 22
28 -35
5 -28
-35 34
25 6
7 -45
-37 -14
-24 12
22 21
-17 -9
-49 15
25 18
-33 39
-48 49
4 42
42 -7
25 -19
42 37
37 23
-24 4
-31 36
-46 -25
-35 -11
-14 22
-10 -32
38 -10
15 27
-17 41
-34 -28
-26 14
-36 41
6 -5
27 0
-47 30
-20 -9
-38 -3
27 -8
-5 -8
-1 -45
-49 -17
44 11
-25 -43
-26 0
-24 42
-38 -45
-7 -15
22 13
-3 -26
-3 23
-44 -23
17 37
-24 -9
-10 2
29 -23
-28 39
25 -25
-46 -14
-7 -43
1 -28
-41 38
-37 25
-4 -41
-6 32
10 -45
25 23
4 -43
-2 18
-39 -33
-38 -41
-14 -38
10 22
-7 -33
-3 49
-45 4
47 36
-34 42
22 -31
18 42
-9 -43
-23 -7
10 -16
49 -23
-25 -13
-43 -20
-48 -29
-9 3
-46 1
5 -24
-24 35
-11 5
-48 20
-24 1
-25 38
-20 -31
-17 -18
-38 -18
18 0
-2 -13
7 40
31 -40
-37 47
-30 -22
-30 20
45 39
-49 11
7 31
-6 -13
9 -39
-1 2
38 -43
-28 32
-16 9
-9 9
10 6
-31 -8
37 39
22 7
-37 -7
-2 12
10 34
-5 -29
-29 18
-33 -32
45 -49
10 15
-18 -10
0 -26
-25 21
-48 40
12 -8
-26 -42
-10 1
37 15
-21 31
14 -17
29 0
-24 43
-42 -12
-21 19
-36 1
-26 11
29 17
-18 45
45 14
-34 -12
38 15
48 -22
-25 -42
-35 32
-40 16
29 -4
-2 -5
-34 41
-29 -8
-30 1
13 -19
39 29
-28 -15
46 23
-11 -42
-4 18
-7 -19
12 -42
-19 44
14 8
-18 3
-3 9
36 -15
-26 20
-35 -10
-35 -17
10 -48
11 -46
25 -14
32 8
3 36
8 -1
42 -48
-12 36
-47 -46
-21 -17
-25 -5
-41 22
-12 43
0 -32
-1 44
42 -29
-49 -29
29 -10
20 41
-17 35
48 23
-13 40
31 17
37 -20
-26 -21
-21 23
-29 -16
15 39
15 -12
20 16
13 42
40 -33
-45 -9
-8 -44
9 6
-26 11
10 -31
-20 -13
24 -24
24 -5
-27 -5
43 -19
-26 15
13 -16
-44 32
0 -7
35 43
-29 46
41 4
-15 5
-4 -6
-23 -25
7 21
-32 7
-33 39
-1 -23
-47 -46
11 -26
-43 -16
-34 7
-33 -25
12 -31
2 49
-29 -32
13 6
-46 -24
1 30
29 -16
13 -23
-37 28
-21 -22
6 -24
46 14
-43 -2
-17 44
-13 -48
23 -5
9 -39
20 8
-21 -6
-18 -17
-11 -46
46 35
45 27
7 36
25 -16
-32 -30
24 -13
3 -9
36 -43
-46 -43
-29 12
28 -4
-2 40
36 29
28 -44
4 18
35 -25
-45 23
42 -38
48 15
10 -7
-26 -7
25 -30
-14 26
-25 22
-20 47
-28 46
48 -46
47 -24
46 35
-24 28
-39 41
43 42
-3 34
-5 -29
-23 -48
37 -38
27 32
-40 -7
8 -2
-43 18
-23 6
28 -12
-25 3
24 -7
17 32
42 39
37 -17
16 -23
38 -13
13 -45
31 -49
-16 11
49 16
-34 -2
-10 37
-43 24
-12 0
3 1
12 45
49 -32
45 9
-5 -5
-44 -35
13 -21
35 -47
-45 37
13 -38
5 27
-45 -26
6 -7
35 -12
-8 16
27 11
-48 -41
-4 -27
-21 42
31 -43
34 34
6 15
-46 34
34 -32
41 8
47 -34
-12 39
3 20
34 -26
41 -30
-2 19
-40 7
6 30
17 32
10 -38
-17 19
30 18
24 3
-37 30
10 -44
27 -21
-13 -4
3 23
-39 -30
-29 -37
27 -9
26 -7
-14 32
4 16
-1 6
23 36
43 -37
-40 24
-21 5
28 0
25 -17
-33 -27
38 -17
19 27
-14 -33
15 -23
-7 -32
-22 36
-26 18
23 -8
-28 16
25 37
46 -24
-15 -17
-7 -11
-3 -3
12 33
23 34
15 23
10 21
-47 47
-9 21
-4 -25
45 30
0 31
48 -21
-7 -41
42 8
-11 -11
48 28
-13 29
-18 -13
-14 22
4 -33
3 -23
5 -20
-14 25
-4 10
-40 21
-2 -16
24 38
-34 -48
-19 -41
25 2
37 24
1 -14
45 47
3 -29
-27 14
5 -6
-32 -21
-42 -20
25 0
-7 1
6 -45
-23 24
-17 -9
-21 -44
-22 -49
-20 -48
-42 -32
47 -31
15 -30
-43 32
-26 -20
-3 43
-23 -7
40 26
22 -10
17 -27
9 -20
21 9
9 49
49 -44
39 -10
24 -47
-37 -36
14 12
19 18
-6 5
46 -21
24 -35
47 -28
-34 12
48 -2
17 7
-24 13
27 49
-10 21
-33 15
42 -20
-23 -18
-7 40
-42 32
0 26
40 -28
18 -44
42 -42
26 -41
30 -13
40 -9
11 19
-46 -38
15 -24
23 25
37 -10
25 31
-43 36
19 -42
-20 -2
-10 -29
39 -18
12 -23
-36 39
-14 2
-13 -40
-38 11
-27 -11
-41 15
34 18
25 -14
1 -47
48 42
19 0
-26 -23
-22 41
6 38
5 -3
14 -23
42 27
46 2
33 30
-5 14
41 31
36 -19
-10 17
46 44
-22 46
-17 7
15 26
-5 -43
21 -10
-34 13
20 -32
-45 43
-21 -44
31 -19
42 42
-41 21
-36 -3
37 22
-7 -46
20 6
28 -47
21 47
-26 -37
13 -18
45 14
31 -7
45 22
11 16
43 5
39 -30
-1 -47
44 14
44 -21
28 -49
38 10
35 5
48 -7
17 -36
1 -20
49 5
-25 18
-22 17
-42 -7
-43 17
38 -30
42 39
-29 39
-15 36
40 -39
16 8
5 -47
30 -10
-9 -47
44 27
26 45
44 22
-27 36
-12 43
18 -45
2 3
-28 39
13 34
6 29
41 32
-31 -15
13 8
-18 38
17 46
-4 32
-12 -21
-48 6
11 -33
17 -35
-31 25
-41 6
-4 48
-35 13
-24 -49
-43 46
22 7
38 43
9 -24
19 49
25 34
-30 15
49 -38
31 8
13 33
-6 18
-2 29
-7 -44
17 41
-21 39
-27 19
13 -8
22 10
17 -2
-17 27
6 -45
-25 -42
-29 -25
-6 -18
-10 33
-34 29
21 14
-14 -27
-42 48
26 21
-28 -31
-23 39
-16 42
-13 44
14 16
30 -28
-30 -15
-25 -49
27 -10
2 -14
42 -35
-34 40
0 -29
-20 -15
-22 7
11 24
-21 46
4 9
-13 -16
1 4
-11 48
22 31
2 -49
41 -2
-20 0
-32 -30
-36 -27
44 32
-15 37
-30 -1
-47 11
-22 -31
11 23
-27 3
-32 -43
10 32
-10 15
-13 1
14 -31
46 -26
44 -25
0 10
-41 37
42 -29
-17 -40
42 -40
-28 -19
-43 -49
-7 -7
-28 -34
48 35
-45 6
13 24
7 14
8 22
-11 10
13 18
-33 20
-17 -18
18 -28
-23 45
45 -34
-49 7
38 -17
8 48
-37 25
-3 32
38 46
-7 15
-33 48
-18 46
-10 -16
-37 -10
-44 35
-35 37
-30 -29
-26 -18
-21 30
0 -4
33 39
-13 -27
4 46
17 23
17 -46
1 26
-10 -49
-48 34
18 37
-1 49
-40 11
-34 36
-11 21
-22 -41
14 -27
7 34
-46 39
4 -48
5 -10
-22 -2
17 -34
-3 -10
32 -13
7 -31
33 15
23 38
-7 -32
-32 21
43 20
-12 25
44 22
-43 -6
21 46
12 3
-8 16
46 38
-28 46
-24 42
-13 14
-13 -16
-44 37
29 -27
21 31
-26 -10
-25 49
19 -27
43 -30
-36 41
7 4
-3 -49
12 -2
-28 22
-13 -7
-37 -22
9 -7
-25 47
-32 -20
11 -27
34 32
44 -43
28 -47
-42 34
-36 18
42 -3
-13 -19
49 -3
-35 -33
-34 -49
33 -32
17 6
-19 -4
34 -30
33 0
13 3
22 -1
-44 42
6 29
25 23
-44 -21
-7 -6
22 -44
-19 39
39 -17
35 -7
-33 -34
-24 -47
-21 -29
-44 33
44 -27
-7 -41
-3 -5
-22 -9
43 -36
-17 -21
8 -22
11 -21
-24 17
42 14
-1 28
20 -26
-46 -8
5 -31
-3 11
29 -43
-9 -40
10 -47
18 -24
-13 5
14 -39
-49 -46
21 1
34 36
41 -3
-11 48
-26 27
-34 -31
-46 -24
-7 -16
-36 -40
-46 -27
-41 -2
-45 46
-27 -31
-4 15
-44 30
-38 14
-5 -47
2 27
5 16
47 48
-6 -10
14 33
-3 3
-44 -38
5 27
-45 39
-45 16
-25 -3
41 -15
10 -32
21 -20
26 -23
48 42
41 -33
27 -28
31 13
28 -20
33 -43
6 -18
-23 3
24 -47
40 -24
46 -22
-47 29
29 40
15 33
-35 31
38 -46
-29 2
-12 11
-47 34
-34 -28
-29 9
-49 33
37 15
-35 -40
5 -30
-19 11
39 45
-7 40
-8 24
-21 -40
32 -21
-5 43
-24 20
15 -8
45 -18
39 41
30 -36
31 -28
40 25
40 -26
47 12
0 -17
-29 -29
40 15
-2 -24
-15 21
1 -47
42 29
9 8
9 45
46 46
-10 15
-37 35
-31 15
-46 -20
46 -48
18 40
13 27
31 15
24 -17
24 -13
-9 21
25 21
-46 10
-42 -15
49 -1
-40 0
2 -24
12 2
8 1
15 -48
-14 -48
36 -13
-30 29
14 -13
21 -12
-40 41
15 -2
14 11
24 -40
-2 -8
24 -45
-42 -46
42 26
-1 17
-11 31
10 7
-23 2
-23 34
30 -29
-17 6
48 -15
46 -33
37 -33
39 -43
-3 0
-40 30
-29 19
20 -11
9 -40
3 28
14 -23
26 16
44 -48
0 20
-26 14
-30 2
-17 -27
40 18
34 -14
-40 -32
4 12
26 26
37 44
-11 6
15 38
4 24
49 5
-44 -17
29 21
14 -43
18 17
-1 22
-3 32
2 -14
37 46
-28 34
-47 -32
48 15
-24 -2
-44 12
-8 7
18 0
39 33
-2 7
21 15
48 -20
-25 -39
30 -23
35 8
2 20
15 -15
-7 41
6 -24
-14 -41
48 -40
-33 14
13 33
-16 -41
-46 0
9 -25
22 25
-38 32
21 6
33 5
-2 3
-34 0
-17 20
