2881 2350
2940 3151
-2868 2517
1340 -887
1373 1599
674 -2021
602 -1446
2235 1189
515 -726
-2154 870
2908 -3375
1634 3209
1040 1908
1816 975
-3430 690
3486 -3458
2843 2338
2272 1263
-1127 3379
49 1087
1377 -3112
-1017 -380
529 1308
3416 2799
1105 -454
2478 -469
908 -420
3770 -3177
3093 3783
-645 1486
-3393 2640
-966 -2903
1647 -3483
-2589 -3515
-2724 -1834
-707 -3203
-3527 1462
1768 160
82 3367
2447 2651
-1737 1813
2956 734
507 1789
267 2091
-8 -3145
-907 -117
-2544 3381
-89 -2296
2033 658
186 745
-1812 -1077
2281 2109
-1254 -1910
2470 -3236
61 -215
2085 2365
3285 -3162
-1426 1762
-3634 -1297
360 3604
-730 -3074
64 -3629
2247 740
-662 -2409
-1358 -2596
-2416 2201
-171 1928
-2991 139
-622 2273
-1538 3074
-107 157
663 -743
3380 -2832
2462 -3091
1436 3194
-3030 -250
-1605 -593
-1434 167
-2904 621
447 2369
-300 -2818
-814 3483
-496 -2438
128 632
-1599 -1732
972 546
-2789 -2831
-1555 -3215
-514 218
-1204 1474
1434 3181
-3668 2250
273 -135
-978 -3034
-2763 1695
799 -2559
-2609 2237
2922 1037
2223 -2745
-3652 2448
-1655 -1435
1320 -1943
-3038 -2177
-1713 1715
404 -1151
676 1663
2396 -2866
-3657 -403
253 1273
-3635 1908
-3730 -2814
1589 -701
943 2961
723 -3226
820 1567
1306 3540
-196 -1090
-177 2227
-413 3384
601 378
3632 1435
3543 -2422
-3444 1089
-2812 -1624
-2168 369
-1692 453
900 1360
3561 2346
3203 -1088
1260 -3592
3567 545
-2830 -2361
-1122 3589
-1372 -2751
-1283 -1177
215 -2378
886 648
1264 2508
-1500 -3231
-1322 -1890
2654 -1303
-3685 -2450
-816 1918
-2786 3593
2316 -1059
1397 2107
2889 -1213
-692 3236
1734 -554
-3565 2592
3563 -2660
329 -3127
736 -2668
-3463 -1462
-352 3185
-511 -1619
-3173 360
-725 300
-937 -2121
515 -1128
2508 423
-2460 -560
-814 -3197
3280 3267
3064 162
314 3439
2412 3218
-2018 -2707
-69 3472
-2016 425
606 -1834
-1709 268
-2092 -3516
674 2540
412 1371
-287 3737
1559 782
-1121 -588
3742 -2918
2129 689
-3169 1282
1440 -3006
-3584 -642
1804 435
2230 1483
-3644 -186
-151 1353
-3209 2083
2227 -2852
874 1699
-617 3323
-1560 281
2990 3313
-3055 -1183
-2046 -3145
-2040 -28
-3477 -2105
-1698 2702
-2721 -2491
-1512 3604
1132 -3422
3423 2510
-533 -467
-2939 -3006
-1520 -3147
876 2374
2235 1846
333 -164
-264 2112
-2147 3283
833 -2039
222 -1933
-3483 -3355
-968 -1619
-3542 -782
-2860 2710
2506 2639
1581 -704
-2347 3034
780 2963
-1567 2662
-1998 -999
3092 2130
1137 1178
-2271 -697
3247 -987
1638 3404
3106 105
3725 -768
2831 2627
-2951 -3337
-454 -2969
3516 -390
1740 -592
-1746 -2344
2768 3381
1131 3462
-1339 -1578
1573 3026
-2080 -3752
3373 1357
756 2430
778 626
2819 -1029
2752 3009
-1509 -454
1980 -1807
2729 3461
-3744 -846
-3270 -2456
-552 -2730
1617 3595
-2997 1903
2628 -1244
-463 740
174 540
-2266 2129
1936 -2272
-564 -139
1573 2381
-1051 3490
2812 2163
-3496 2565
3414 -3318
3672 -1757
192 3550
-497 -460
-2968 -1856
-3340 2656
-3184 569
-274 2017
-2758 1828
-3798 -1824
-1481 -2092
-1314 -1596
-1724 1078
2563 -1256
2132 3755
985 -2113
-3218 3204
3401 3026
3788 -1977
-3149 -3265
-3335 687
803 2564
-3457 -2851
-1294 1232
3613 1959
3686 -1614
-3439 1328
505 -25
-3695 -297
-397 3299
2149 -542
-3596 450
-66 -261
-2106 1413
-2915 3796
-350 3640
2046 -156
2430 -2106
-2487 -2937
-3090 -2618
-258 -234
2085 -2496
-709 3351
3099 -2018
-1993 -3620
579 3145
3641 2191
3730 -3327
1254 3444
2843 -1657
-3041 -257
-749 3777
-3569 517
-1462 1081
-1915 3040
2976 -2234
-3644 -1324
472 -2842
-538 2283
-1890 -1317
1073 2202
-27 -3767
2889 -316
-1967 936
2868 -3106
-483 -238
2896 3664
-1232 -3691
2919 -1264
3720 -1407
646 335
1995 780
1864 1015
3568 -1614
-3608 -376
136 651
-3171 1812
-1625 -3124
1605 -3014
-742 1327
-3400 -680
2986 -1495
-210 -2507
-2060 -741
107 -3625
-2715 1864
-313 199
1648 3410
-724 -3378
-2675 3660
-282 2204
2151 -1059
817 -517
3753 -3550
3550 91
-2270 -1529
2638 2984
3054 66
630 -1224
2701 1422
-789 2599
1447 1363
2169 1651
-3351 3008
999 -1058
-2797 -1983
-2960 3442
1220 -1257
1689 -1299
-3397 1999
-2139 1459
3138 672
3693 2630
-1713 -2922
-84 -2719
-1347 -215
1505 -809
1840 -1465
-3391 746
3483 992
-838 -548
-445 476
-526 -3121
3313 559
3182 -1150
3392 732
-2534 -2165
-3369 -1842
2661 -3561
1536 -1117
-2660 -114
2414 827
3265 -1019
-883 1649
34 1744
-1740 830
1415 -48
3295 3376
-2106 -775
-374 2460
-388 1392
-2867 2424
3419 2362
-1194 8
-1420 -3515
1781 2217
594 1373
907 948
2593 -216
1652 764
475 -216
839 327
248 1184
3093 -2805
-2915 -690
-2009 -3351
-1148 2753
-2580 121
1516 -2185
2801 -2995
2489 3099
-3753 1780
-330 2727
-1087 -827
558 1027
-2646 -2236
124 3447
1287 1020
-2600 934
-360 -2728
-1412 120
3004 -1677
1625 -3300
-2406 1135
-1181 -1895
493 2356
2000 -3672
1634 2715
-3753 928
139 -3434
-3367 -509
3356 315
-383 -1561
2210 -3340
-239 1640
-3368 -3556
650 1953
-1967 445
-2111 1425
191 -845
1273 -2287
2980 3153
3744 -2323
-1142 -3017
-3001 3445
-2206 -2451
1225 2127
3639 2522
-602 -3258
2198 1600
1995 -2899
-347 3165
71 2651
-2464 -1199
3113 -2668
1102 1433
845 -999
2177 -2707
1742 -3014
1265 2435
1189 -965
-2559 -2088
-3081 2808
2517 -2127
3000 -3499
-3634 -2505
1444 -921
1750 -2064
3553 -243
2478 3760
-2324 3512
-1576 -2895
2530 3433
2711 1923
858 2773
3173 -2601
-2230 -1167
3777 -2474
402 -1055
-3546 1689
-580 -3016
1595 3474
-261 -2585
1317 -1976
2945 2149
3254 750
-2660 -3466
3210 3372
85 -2898
2507 2984
-3433 3301
-1305 1544
2376 3351
1695 -240
-2885 2428
961 -515
577 255
81 -3756
-1290 -1970
-933 2496
-2002 -2004
-304 -3789
-3555 -1682
-1067 -382
-753 -1062
-1914 -2156
2207 -2070
2463 -933
-2569 1772
48 -2408
-633 -741
3407 3607
-2896 -452
-1234 -732
-1803 2036
-3085 -54
-1799 592
194 -2940
-3408 -1274
1631 197
-2746 -3162
-652 1832
2150 -27
-3725 559
3334 3542
1320 -379
-8 2277
1319 -2200
-392 -73
-515 -941
3362 1942
-1238 909
3742 -2689
-82 -342
-776 1638
370 -52
2277 -319
673 3492
-1946 3457
-799 389
-428 3469
3589 -2813
-3731 -599
-3014 -2359
-1751 2863
1409 166
3502 2560
-2034 -3794
3551 -758
-1077 3472
116 -3059
-1610 -2418
1534 50
-488 -2295
-3777 -2616
2831 -3221
-296 1916
-3200 1776
566 2551
1561 -1095
209 308
-2212 -1532
-1648 -1786
-2872 749
-1954 1543
-622 -3756
965 2800
2963 -1804
-280 -348
1668 -2063
-3122 -2921
-402 -1428
-934 -3505
-1079 743
-326 -307
3076 -3792
673 1053
-2616 1951
3497 -2553
-634 489
979 -1117
-2923 1841
62 3457
1949 2464
-1481 -1366
-1896 -2825
503 1452
-2198 3520
368 -1538
2821 -1480
-362 -43
-2865 3560
1290 -1791
2224 212
-3106 -3571
1497 22
-2405 2780
-2346 834
91 2899
3048 -2251
842 2009
-3180 -833
920 -2237
546 1255
3197 -2185
1035 -1075
-3503 -2917
-3280 821
157 -632
2436 -3363
-3535 -135
-3278 3730
3466 58
-3296 -2647
2609 -3154
-1045 -3310
1739 -2428
3454 -1640
3038 -1338
1767 962
3003 -1314
-2777 -3010
2120 3143
-1700 3643
-1114 -2118
3391 -3109
2821 -1801
1990 -1199
3651 -3217
-203 -3350
-3171 -167
2811 1715
-3571 -3480
3772 -264
-3079 -2436
-643 160
-389 3436
-3258 3058
3541 582
3032 -1471
-3623 -775
1545 -689
-2932 -73
3694 950
135 3308
-1202 -231
3510 -1804
1967 1839
-2186 -26
1257 2555
2140 1896
2597 977
5 -1346
-885 413
192 2546
1869 1376
-304 3668
182 2388
1314 -2602
-3560 3259
382 -1573
3278 105
-857 3745
-2773 1763
2711 -2204
3403 1194
47 -140
3489 -2076
240 -3758
-4 3578
-2561 1110
557 -3658
-1158 -1552
-3345 -1033
-3311 2927
929 2891
182 1807
-2162 -2931
1630 2959
-1593 -322
-2025 -287
2307 3080
-2877 -2515
3181 -2029
-369 421
2632 -3060
2020 1020
946 -1826
-3375 -2567
1925 2719
2841 3200
139 -678
-1200 -3656
117 -3550
-1721 -741
-1010 -2640
-1087 -69
2760 2933
-957 -3211
2298 -3071
1650 -576
841 -3142
-3418 2119
-607 2480
2435 -900
1212 547
-236 -818
-1000 2060
820 -3199
-878 -2520
-2719 -3608
-1719 -3019
-1585 -3137
-960 -3094
1838 -1367
770 3319
1534 -2920
1865 1678
-292 -1118
2261 -1328
-2481 -400
124 -1937
3492 2321
2374 2285
-2900 -1244
1828 -3000
-2500 -1085
2658 -197
1574 -459
-801 -1384
157 -116
-435 3353
-1426 723
-2052 -3150
-1337 -2956
-2265 11
949 126
-3290 -1421
-676 2261
2540 -439
812 -2154
-1889 3118
-1841 -620
-1668 -819
1415 -2060
-1938 -3705
-2579 63
-3288 -3793
2710 3383
593 -64
-1976 1738
-2090 -428
700 991
992 -801
-1478 -2752
-1035 67
1799 3310
3549 -2419
2821 -2191
1990 -1735
2108 3596
-2284 3016
2687 2315
436 798
-2555 -1725
743 1126
1815 -71
-790 -3520
622 -2410
3216 -3594
-1869 3631
-2812 1531
-1186 241
-2243 -1171
2482 285
-634 -800
-1504 931
-500 2443
-986 1053
-1413 3663
3423 2797
-767 -3144
-2452 -2065
-2115 1273
909 1068
-2810 1149
3482 -1118
1996 2842
3271 -2677
1385 -2236
-1449 -3369
-321 1827
3119 -733
-2103 2860
-2686 1925
-1635 -67
-456 831
1161 2510
2948 73
-182 -2449
3278 103
-2079 2636
-588 3289
-2686 387
-699 477
3051 1814
-2665 785
797 -3311
-860 3144
-873 1916
918 -1930
-449 -1796
-2051 928
-3036 -1347
601 -3214
1824 -3282
2838 562
363 2415
-637 -3624
-3634 1472
-3114 3610
2145 -2700
-1174 1898
1890 -2079
1556 -249
3640 -1139
2437 1467
40 -3077
-671 -2388
-1431 719
3682 269
-2335 3444
-2936 -1321
861 -2828
-2397 2401
2569 1652
3318 -3540
354 -2713
2590 902
2782 2062
-1262 1432
-1891 1083
-2278 207
3268 659
3312 2964
1472 1452
1990 -1586
1141 -1783
-3331 1716
-2315 1410
-672 2971
2708 1954
-3454 -2868
2676 161
348 3400
-2395 1956
2237 -1080
2510 2153
1718 1240
-2862 278
-2024 -3467
1905 -1201
1089 1830
2705 -2221
380 -2650
1073 3647
-520 3543
15 -2397
-786 2955
-2463 3288
863 -753
755 2543
-275 41
-2466 -243
-2160 -967
3251 622
-3173 -1287
692 2930
2539 1586
-3637 3496
2011 922
-418 500
1452 3034
3547 -951
2621 -3578
-395 3377
3526 -2771
-1251 571
997 1950
-1741 336
3213 -671
-1158 -3116
1714 1650
1427 -440
1231 -2761
875 -2800
-568 -1776
-3281 2272
-297 3331
-3333 1695
-1031 -1369
3313 -1256
-3359 851
2771 -3407
2316 3241
555 2829
-946 -791
197 -1518
-1977 835
2935 -1254
-171 -3641
-731 -264
-2155 -3443
-3714 2443
2261 -2104
-1380 3123
296 3033
-928 1072
3208 1218
-3263 1261
-1780 2768
-2226 -492
-287 -558
3593 1637
-2631 -1805
1239 2017
2295 776
1831 2222
-245 1707
-2774 2260
1946 267
-1179 -584
-1455 2281
-1014 3486
-584 2213
1238 -2053
2848 368
-669 1514
2047 3544
-3476 1855
-1401 -510
1030 1779
1735 2302
-2973 -2002
-3153 -3180
-2040 -775
2667 -1517
-576 -1412
3494 1769
3671 3703
2220 1985
2606 -1581
-2825 -521
-1988 -2096
-2523 3544
1224 691
-3709 -1591
-1367 -2168
529 3167
3089 1270
1755 -845
2628 276
2043 2570
-994 -2091
-981 -2920
1375 -1295
-766 -871
-2141 1662
-286 -3542
-47 178
1143 -1972
-1490 -763
-1252 562
-2734 575
1967 350
-65 -726
-1860 -2826
-1159 -1108
-1293 2765
947 1130
26 -1073
-611 -3504
2108 764
3556 169
2357 2206
3337 -2468
-624 -3096
-2104 1086
2300 3782
1420 -1862
3786 2212
-239 -2489
-946 3495
-1896 -334
1517 -1983
909 -384
-2684 -796
-3436 -627
3023 2126
-1838 3347
-705 -2714
1790 -2418
-2156 -2341
3232 2022
-2100 3110
-2080 1374
1203 1429
-2048 -1485
822 3377
2176 -800
2674 3588
-986 959
3119 -273
3333 -3317
1469 -1557
3086 2014
2629 2936
-2737 614
3224 1518
3032 -3212
2421 -2302
-315 -409
-546 3024
1887 -2308
-387 -3723
1705 -704
-1676 -223
-1277 -1280
-247 -2720
2827 -2508
2535 -1285
-1551 3202
-890 2002
-371 -1482
-837 1096
701 2959
658 -403
203 1752
-2173 1101
841 -3724
2308 1326
-434 -760
3469 -3491
14 -2762
-3438 958
-2513 -3257
1892 3403
329 -1539
-53 -1452
-2223 -1577
124 361
1066 3128
3222 -1142
-1700 3598
-1602 3072
-1412 978
1281 -3697
-1894 -2407
386 1054
2070 371
-2427 -1781
-3220 -3473
3081 -790
3123 2454
1342 3376
1000 2643
767 -1512
-1197 2974
-61 -1074
1996 2257
1467 2598
2304 2745
-3333 2891
3487 3481
2926 2833
247 2116
1436 -1185
-774 -1162
-1303 1357
-205 2265
107 -1347
-1307 -1886
3194 -1583
-832 41
-1252 730
-3717 -2440
2896 12
-1817 2997
-2268 -934
1529 -3418
1133 -1878
158 1936
3280 -2948
-897 242
-927 -1022
-3568 -203
3586 3221
-2067 926
517 2109
2626 15
-1897 -3714
-3617 2849
937 1860
-2677 3791
3353 549
-3751 3010
-1047 1458
3254 -816
-1542 -3274
2672 3645
2066 1186
-1698 2869
3481 3031
2181 -3628
316 112
-1014 -3100
-736 2181
-3477 -3097
-2621 -471
-57 -135
-407 -208
-2902 -1682
637 -1843
1901 -2971
3387 -28
689 1545
2751 1471
-2197 3027
-2824 -2553
-526 2474
-3201 1004
1415 689
-2300 3782
-3407 -663
568 2975
-513 2991
-2841 -1969
512 2366
-932 -2494
-840 688
2311 -1996
3624 -793
-2608 -2826
2319 835
3353 1874
-1893 -1361
-1936 1964
-1213 -1448
-813 116
320 3524
-37 369
-3779 -169
2391 1270
3754 1329
-3649 -3316
65 2347
2338 1764
2778 1715
-3063 3268
3179 2683
3527 -917
3436 577
2059 -779
1093 1497
-197 -2522
134 2610
3348 3213
-2456 2875
-2268 2946
-2155 775
3540 -239
-2793 -1611
-808 -1528
1697 2951
-3198 -351
-296 -3314
-541 -1182
-3434 359
-2754 411
3189 1762
-1771 -2686
1929 2223
-8 2185
-2611 -3088
91 -1101
415 -2945
-3357 608
-3795 915
-1941 1254
-3707 -754
1755 1906
2362 -1117
-3522 526
-1463 -456
3153 843
3609 476
2344 1226
-1463 -2911
1660 865
3127 1360
-469 -3363
-755 3792
3727 -1892
-2506 -2017
-1662 1909
2455 -2654
-493 -2781
-168 2540
-3684 3577
-374 -1383
-1155 -350
2505 -753
-269 2664
-1712 2741
1971 -1830
3578 -2265
-1374 3713
-3500 -3323
-3659 -1944
2798 -682
3086 1535
1976 1480
-3015 3724
-3655 -2244
-581 -3423
-3071 3534
-2326 2642
1471 1230
-1541 3316
2283 -2055
-1580 3080
-297 3387
548 2796
1682 -3059
3210 1771
715 350
-28 -2513
-3242 2324
-2268 2611
-2254 552
1573 1791
3460 3762
2347 -3324
-2326 -1089
1398 1009
-1241 -1801
1112 -1913
-782 2766
-963 -2967
3667 -2838
-2137 -3393
-209 1337
-2687 2610
-3466 -1744
-3617 1296
-551 288
34 -130
-1658 -2191
-111 1899
2682 1773
-2388 2302
-2649 1954
-2190 3305
-2105 2161
663 -3476
-2156 2941
928 1550
2698 -2011
1234 -2001
886 3328
-2144 -291
-915 149
1541 855
491 -2133
-3508 -3280
2398 -2515
1247 -1020
-3133 -468
-3142 -1878
767 2758
3415 -908
-42 499
1958 738
-2476 -3206
2314 1629
-1636 -3670
434 -3528
3464 -1241
1843 3117
-180 -1647
1084 -3348
2483 -1435
1146 -354
547 -872
3623 -3282
-367 -1610
-37 3350
1057 2158
-2873 458
-3462 1848
2128 2109
-2107 945
3552 -3015
-575 -3532
-2472 -239
-3281 -455
3194 -1716
-310 -234
3531 2425
2837 1532
-1169 -3692
-1942 -2019
-1964 877
328 2536
-1554 -3141
878 3579
3699 726
1301 624
2282 607
2587 3569
-268 2149
-2143 2721
-1700 1126
686 -1852
614 -48
850 -455
2396 3268
284 -3288
-2908 680
1841 -2566
-720 -1243
-2466 -226
-3752 2185
529 -256
-1080 -2657
1614 -2810
-3421 -3071
-1333 -399
-103 980
-2804 -147
1885 1464
135 2083
2366 371
2029 2257
-2706 2371
-2009 -2981
2548 -855
-3787 3299
2635 -341
-447 3066
1268 -3184
3156 1693
1091 3742
-1861 1677
258 382
-3786 -1616
-1083 3606
-457 -599
-251 -484
-1605 2147
2782 1632
436 2922
-2358 1797
-266 -1461
-479 -269
189 -2887
26 -1642
2715 3783
2218 -1945
312 3063
1496 -1828
-1054 380
460 1113
794 -1402
2051 -2437
1267 1410
-3553 -2414
-3053 2422
31 -3419
-905 -1493
-1003 3640
-2569 1816
1269 990
2990 -1295
1357 3066
2472 -1575
2918 3741
-3166 94
1041 -585
-2850 235
3516 2464
-2174 1328
198 2068
1341 2533
1577 -2542
863 -2515
2946 -1969
-555 2497
41 106
3737 339
-2420 1138
433 2822
-2110 1
-115 1365
-2936 -1276
1966 -347
-2341 499
2140 2889
346 -2402
-1070 -2403
-1258 -1203
3245 1540
-2709 785
-3701 -2285
1434 1252
1123 16
-2451 -887
3334 -2551
2997 -569
-1499 3496
-2800 2836
3178 -2225
-703 1402
2286 -3065
-3531 3640
255 -434
-100 1977
-3128 158
1332 2383
-1020 3439
-2021 -2188
-3422 3206
-3052 -3272
-2865 -1131
-2095 3238
3209 -3365
-3306 -575
3249 -1368
90 1799
538 1814
-1018 387
-2062 1799
-3455 -1698
-2128 563
-2592 338
-3298 -1686
2122 3783
-51 -275
1799 2540
1198 953
-3682 419
2691 -2959
-839 3028
253 1168
1977 3738
2280 -3463
-1778 -1179
1413 -2053
-2791 -602
-739 3148
-769 -2456
-266 12
-2972 -2728
-3444 -3368
-1506 -1450
-2406 2327
-2758 -888
-289 669
2280 1155
1230 559
-691 -2878
-791 214
-3790 -1318
-2424 2735
2460 1127
208 1599
546 2517
506 -884
3242 2662
-252 -162
1704 -2089
-921 -2302
-1058 -946
3342 -554
596 1074
-542 -974
881 -2760
34 1426
2330 1544
-3078 -1334
-2971 2596
-771 123
1675 1152
-2564 1259
2896 -91
-1046 -2403
-2183 -1844
-2604 1500
-392 -3655
305 -560
-2181 2508
-781 3340
678 601
2293 3458
501 2983
-2011 -1406
-2997 -3339
-3149 2171
-38 -1248
-2161 2812
2584 2908
836 -882
-3351 -2881
-2936 -2565
-91 -2302
-3412 2940
-1786 2629
-3134 1453
3700 3469
-3556 3062
1845 1844
-701 -3780
147 329
204 1069
-2677 3181
-55 -1169
-652 2994
-3648 -944
1475 3150
-2130 -3698
-141 -1400
177 39
-90 2959
1787 1794
503 -509
2271 1500
470 -3786
-1999 2081
-1085 3481
-904 2939
2094 2313
-379 523
1764 -2088
-1904 -2881
3750 1641
2058 -3053
-2427 1367
-1905 99
-2309 2954
-1518 -1504
-3166 2025
800 2302
-467 -3511
-1989 -2158
2950 3063
-2812 -1671
2384 -3431
-1019 1419
-266 -101
3566 -3230
2529 -561
628 2292
-2468 -2891
3714 -3267
2896 3111
1710 -702
-438 -10
-2709 3311
1218 2347
-2745 -1129
2708 1204
-521 -3465
2114 2962
1709 -1370
-3041 74
-1687 -1776
2995 2767
-481 -714
-2059 2772
-396 3079
-3181 2353
-419 2167
-3077 -824
2541 -1759
-1389 -3180
-391 -2857
3358 -2382
1683 1033
-1828 252
2670 805
-263 3117
-1010 951
1677 -2947
2103 1524
2787 1314
-3755 -2219
1 -2670
-2702 -3386
1444 -2907
904 2918
-133 3053
-1654 -2777
-198 -887
-3289 2002
-2545 -2421
2232 12
40 3048
-484 479
-3622 -2963
1185 2608
-2191 -2249
1467 2057
-963 -1189
2042 -2704
3592 -2305
3777 -153
1088 -1410
-531 951
-829 598
-1758 1148
-2175 -1387
-320 -1314
-1494 -1083
2723 2294
-2009 -1
3284 -229
-3256 1110
-624 -915
-3135 -3221
2132 3539
3296 -2382
-1383 -1355
-902 -1271
1361 1637
-346 -1605
-2187 434
1349 -1999
3728 495
-1083 -2825
715 -361
-1367 1677
1630 -3383
-1698 703
-418 -330
-3429 3429
1291 -1246
-2209 -2893
-1365 -394
-1495 -2600
-874 2946
1594 -2162
-207 304
-945 2507
-649 3113
-3007 767
2718 -1183
2455 -1110
-3344 166
-1785 -2530
-2869 3424
2281 -738
1612 -2661
1747 -2349
3210 -2856
-2112 1135
-1578 1685
-2292 -14
-2539 -190
3171 865
80 473
1469 112
-3561 792
-2421 1646
3186 -3009
3207 -760
2730 -152
-832 2672
3630 2301
916 1515
-1809 348
662 -3463
812 2898
3188 -2170
-3412 -1362
-2316 -3688
3442 2138
-3708 -3616
2512 -105
-1694 1581
-1264 -350
1248 2691
-1114 1693
3738 -2945
684 2774
-1144 -2023
3693 2236
-2547 3244
-1392 -1153
-3478 -2799
2914 1031
-2827 3042
1456 1358
3490 -3711
1667 -387
-1947 3063
2889 -3769
2117 7
-3280 -3345
2039 -3409
-2015 -3778
-2831 -2950
2213 -3501
3567 -389
1999 3103
-1004 1572
-3666 -1174
1174 -1049
666 -1757
3575 1158
567 -97
164 3017
-990 590
-3736 2633
3509 -264
3752 -53
3180 -2642
441 -3276
-2171 3753
-424 2266
-291 2943
-3489 -1224
-1837 1962
3617 1874
-1554 2012
2217 -2075
776 1584
-2553 3048
2212 -1909
-835 -1465
-287 1126
-607 -930
3630 3357
274 -2307
1298 901
2969 3192
-2472 -2774
86 2799
3531 2527
-3423 3342
-776 -2823
34 -2395
6 -2551
-819 656
72 -362
-1211 2552
1498 -414
3007 -2521
-1239 -1026
-775 -2807
1874 -3231
-2649 -109
-2043 -1813
1881 -1296
-744 1466
-1279 3013
2196 2785
2275 -318
2872 3248
-750 -2438
1605 -1179
3755 2263
3573 -293
-2027 63
-3659 1548
-1366 -72
1802 3265
292 -2948
-3049 -2871
1491 3420
-1184 -780
2057 -569
-1454 -3199
11 -3611
3150 -587
-636 2318
-3034 -650
2196 -3061
-85 3503
-1307 -2823
3044 1527
3567 504
-473 834
-3680 2525
-2240 407
3772 -730
3242 3441
-3412 -2142
954 1954
-1187 1692
-1673 -3763
3778 -3160
2632 -1202
-1484 393
-1202 -3717
196 -3769
1719 3672
-749 -1832
-2410 -2999
978 2393
-3729 -1081
3341 -1441
1888 631
-3154 -2772
-974 -1283
3741 -1428
-1542 2187
723 3615
2108 -2964
-1153 154
1724 2817
-1961 1991
-1047 1777
-2196 -1772
-2753 3225
-2390 -1266
-1354 293
1391 3694
-2087 -1940
1951 1787
197 -241
-1365 2203
-1081 1705
-1079 2832
2507 -1028
-1581 2112
-544 1026
2493 -1225
-1462 878
3275 198
2558 -1545
-2378 3695
2871 2178
1601 -412
-2342 -811
3160 -3354
-3438 -2888
3288 3443
660 3307
-2390 3394
1845 -3609
1215 1076
335 -2847
1457 2938
-358 3371
1381 3023
3606 972
-3734 -2532
-2604 -2168
348 1163
1929 -3795
907 1209
1976 2438
3347 -2190
1966 -1616
-3530 1842
-3765 -2706
3532 -1162
-274 -3568
1241 3279
-3127 -2975
-3259 -2985
-411 -2250
-1293 2147
-334 -1194
1614 -3631
-822 2441
957 2939
-109 -2009
3683 1162
-297 -2102
-155 -3627
-3425 -3664
2242 1322
-3067 -1524
875 2130
-2555 -1909
-1196 3278
1026 -2701
2396 -2088
-2219 -1259
3399 -2525
-1429 3108
-2746 -613
-547 3474
90 -1108
73 2596
62 2759
1543 361
-2649 2452
-1163 2146
-1297 -2451
2245 -2479
2097 1055
3470 821
-3452 686
422 -149
1231 3089
-3417 -886
2262 -3458
2330 415
-1539 3392
876 -2099
663 3773
2891 2651
-3540 299
2619 -2869
876 -2181
-3594 279
-1244 1345
1105 -1939
1506 -2683
-2495 3312
1178 64
-1336 -409
3226 1477
1830 2822
-2123 -545
-1543 -3685
3517 -699
228 -2948
-1670 -54
3197 3018
1363 -159
2558 -1842
554 845
2249 3053
3623 -3363
-1289 1554
-3243 -2298
-2772 1128
-3692 1698
-888 546
-1605 -2060
-3439 -1878
-2147 -2434
2521 1619
1135 3036
2549 -3724
1835 -170
-782 -2312
2051 -1421
1165 582
-1567 -1162
-2062 2846
940 3056
-2876 -707
-160 -421
-1498 3350
3130 165
1889 -413
-3227 647
1083 559
-2568 -755
-1855 -1274
3072 -1692
631 -3247
-1183 -771
-2640 921
-2282 -2856
434 -3014
-3522 -1845
-2577 2055
1071 3112
-2883 3271
-557 2190
-1242 3059
-315 -497
-2336 2060
1408 -2377
3671 719
-1742 -598
1761 1106
-29 3171
1587 -2304
486 -3426
-1349 -1111
2094 2690
-2108 -481
3619 3355
-823 -319
2821 991
1639 -1424
2220 1282
-3557 -763
2056 -941
3269 217
-1423 -3165
1141 -2818
-2981 -1592
-1839 3623
-3749 -3384
3170 2876
-3791 1839
-225 -3658
814 -627
1821 3450
-3726 2550
3231 552
459 -2244
-2078 1365
1825 1041
-1141 -1838
-85 -176
2844 2806
2989 -4
347 -3025
588 -1401
-439 -331
2141 -2435
871 469
-3452 2282
-1972 -2580
805 1434
401 2797
-2949 -3573
2315 -1373
-3617 -3289
-1434 3352
-2943 72
-2443 -1781
2265 181
1278 -880
1425 -241
-1692 2864
424 1021
118 -1446
-2380 3199
-3373 -2448
3413 279
-754 -3793
1636 355
-355 -2859
1878 -1382
-546 1227
-216 1470
-1265 3376
1124 -3563
2753 1977
-1595 -3191
3062 1338
2614 -3530
-3533 1684
390 -3717
-1378 2003
963 771
-759 3562
2779 -2521
-274 2705
502 3579
2555 533
-2329 -1518
-2921 -2426
-3429 -1416
341 3771
-1441 -987
3581 -2875
-2200 -1722
-2739 1811
2124 3677
-1799 2885
379 -3469
2099 2240
2578 -2572
3265 -1161
1946 -2558
-599 -1692
2783 2043
497 555
269 -167
787 1078
-1314 -2448
967 -391
-186 3429
-1879 -1524
-956 3563
859 -70
-2067 -1709
-274 806
-3 1849
-2351 2715
362 -267
-1559 -52
3083 -1038
-24 3529
3588 2915
3315 -2020
20 -2405
-3186 -1188
-2455 -862
2715 -2971
1466 -3105
-2187 847
-1581 185
2066 3518
-1117 -572
235 1403
1626 -3781
185 3192
1314 -3194
-1860 879
-2271 2512
-1964 1911
2006 -931
-558 1384
-1654 2739
-1150 1165
-2334 51
3114 798
-1749 1129
-1531 -469
2694 802
-2852 -3593
-703 2567
-2972 -800
2610 2298
1724 978
3360 -9
-3355 -1381
-2028 2129
1647 92
-2654 -2882
-2761 -253
3210 1378
1474 1751
840 -2302
-3069 -410
3522 -613
-2036 -3100
-1924 700
-2226 -1684
-3609 1618
740 908
3359 -2768
-3366 -2597
3098 -670
-1657 -1592
1859 -2801
3785 1126
-1782 3234
-3229 3347
3488 1711
-3139 -1359
3411 2489
1111 -330
1168 -1349
872 -3043
955 3391
2741 1062
-956 -34
587 2275
700 90
-1508 -1008
-3100 -3238
1368 977
3296 -2465
1672 3267
1363 -1079
1726 1125
-415 3537
-843 1354
-453 1122
-55 -416
3584 -15
590 -1128
-93 207
-602 208
-3208 -3728
957 1689
3785 750
1909 -2382
-2199 -3602
-1245 -508
991 785
3212 2583
1967 1790
1195 -2620
1105 -2852
-1185 -3021
1340 -899
2927 -392
54 -1417
2955 -3113
562 -1961
2646 3417
-3746 -1324
1563 1635
-429 -3713
2311 2063
-2356 -643
-2327 3556
-593 1163
-3651 -2002
925 2843
-1966 -380
-1840 -3523
-1867 -1296
2141 -1835
-3234 1156
-849 3236
941 -49
870 723
-1409 1819
2189 -2741
479 1156
216 60
-3112 2585
3799 3347
2752 626
-963 -331
-1483 -3041
-3747 3676
3798 -3637
-2396 203
-753 3779
2715 -943
-1947 -2788
1740 -235
-2061 1378
-2276 1306
-1952 -2163
-2780 3183
2714 -1287
-2688 2826
-3150 2091
-2728 3782
-534 2197
-2993 1784
-3505 -1122
1997 1763
-664 3680
210 3608
-347 1658
-881 3662
2522 2875
1375 -2592
379 -1277
663 2446
-1155 3485
3101 -996
-3421 -2441
-1966 501
-1798 162
3777 3402
3030 -961
1032 2849
2390 -1896
657 2988
221 -2622
1518 1075
-1197 2644
2029 1661
-772 -2644
642 698
-2343 1655
-1652 2611
2071 -3423
-2649 2256
-506 3480
3788 2543
3629 -3551
-2690 243
1997 -2541
318 -3349
689 1064
-3074 -2429
-2535 2327
-1699 543
-1550 3056
-2178 -2911
-2229 -2621
-3636 -1557
-958 3014
2642 2050
-3611 -3339
-2466 2429
-3410 -3059
-1845 -1563
-723 -3527
-2633 -923
-2423 -2678
1906 426
-3 -510
-1516 2444
3625 3294
-179 -1044
-3296 1519
1427 1159
2074 -3097
-825 -2783
-1460 3660
-331 -419
-3547 -1312
-2247 -340
1278 447
864 -2256
-3165 -2560
-1380 -2255
-2427 2953
-402 -85
-1622 -3649
-3298 -2393
-2178 -1949
3502 -976
1025 1765
2025 -126
1633 -2228
-3784 214
3672 3014
-813 3415
-1500 200
3633 -3401
-810 1290
2923 252
2228 -3178
-1262 2212
-1418 3076
-847 -800
-3604 3550
-2338 -1692
501 1869
3541 3685
-3274 3390
2454 542
-1020 -3282
373 315
-2525 2126
2627 622
2582 -884
-2406 1414
-3656 -2395
-1277 1349
2088 -3037
2574 -3270
-2043 -586
-2191 1219
464 -1847
-1301 -1880
-3338 2096
1128 -639
448 -2925
-2905 -1793
2091 -660
-1594 2306
-1084 -1989
-3375 237
-1982 -754
440 829
1138 3301
-1333 -2893
547 2740
-898 923
1514 -2333
-2833 -200
3615 227
-3466 -2655
862 -42
3136 -2992
-3210 -2070
-3494 414
3085 -2880
-2551 3178
-850 3645
-2901 700
-3321 2649
-3490 -3059
1679 2347
3075 1256
-3116 -2681
-734 2166
1311 -443
2125 -1751
-1812 -1751
-3676 3440
64 -485
3117 -2138
334 2720
3440 -2446
-3378 -107
772 -303
-621 3393
-45 -1779
-415 3064
-931 348
-3268 -95
-3372 3037
2355 267
-389 -3203
-2471 2151
3254 2059
-1725 885
-143 1476
1886 -385
2729 2842
2573 -1413
2449 -719
2150 2209
2108 3104
-3627 3536
741 -1052
1132 1652
-2442 3659
-1334 -1767
-1253 -1121
-193 609
3538 -3408
2941 3165
-3564 875
3687 412
2111 2299
3384 -336
2384 1993
163 -368
-3083 2991
3082 -1277
901 3030
-2231 -3142
1095 2068
-2598 -615
242 -1952
-83 612
3129 -40
3561 54
1636 2432
255 -2069
2059 -1943
-3448 124
-3260 -3503
-2442 2312
250 -87
1038 -497
-3373 -2068
-476 -377
3372 3546
-2006 -2001
-1445 -490
2001 17
3162 3419
-1699 -1616
3788 -3255
413 3070
-3570 -264
-931 3662
-3463 -2283
867 -3210
-3107 -590
-3697 972
1087 359
371 -901
-1722 2579
1469 2463
1782 422
-1384 256
1088 795
-3793 2565
-1264 -3590
-665 1011
-3120 -248
-3093 1782
2905 -2308
-866 1145
3420 -2282
31 -1751
-3530 -1685
1571 217
2810 -2883
-1113 2162
273 2491
-2610 -1844
1311 -594
-1492 945
-3089 -311
-1915 502
-1627 3723
2791 2436
-567 1914
-878 -3024
3798 1248
3128 -3431
2799 -687
1757 -2061
750 -2878
-338 -2954
-2088 3658
-3599 2443
-2676 2498
-2979 -346
1913 1679
2264 1444
-210 1979
1885 -256
-396 -820
1636 46
854 2371
-1599 492
-3335 -3098
-3468 -1020
2209 -2962
996 -1295
-274 -694
-560 -1032
1336 1185
-2745 -2445
-1423 -213
-250 2384
3641 3764
-1834 -1184
-2640 1725
2543 3665
1271 2698
-2991 -2597
-961 -116
2751 -138
-1300 3339
-2789 2956
1377 541
2773 1408
-174 -1325
-2186 1098
3742 1091
1132 2300
2478 -2651
1901 -3112
3138 3683
3280 -60
2471 262
1225 3705
-2198 2635
1131 -2755
3686 3194
-1429 2311
3369 1202
-982 -2507
2156 -1603
2100 3075
-2662 1218
-1534 -3305
-2399 3233
-3764 -3258
-1773 2218
479 2943
-3399 1404
1887 -1064
1365 2926
2323 164
-3742 3416
-1183 353
-3266 -55
-1902 3506
-74 1645
1525 1261
-258 3112
1902 -1625
-3131 60
-3135 -767
-2595 -2225
279 -2222
-785 -3447
551 -1449
2998 -1160
915 -1421
3473 2925
-2207 -2384
-3763 1439
-3081 -890
-3404 -494
-1394 3774
-937 -300
2239 -650
-786 -3181
-385 -2284
-502 -3775
-3455 -2062
-3735 -1294
3146 -560
244 2790
-276 2195
2239 -2494
3179 2154
-525 -3332
-3466 846
1029 -2915
1570 -1677
1911 -3535
3756 3016
-3751 550
-1675 -2829
622 -2292
-3420 -1825
-614 215
330 3317
1046 -3352
-2020 -2381
-2145 1660
3718 -3568
1071 -1684
-1593 765
125 1650
-1931 -643
2472 -2083
-1838 -2552
-1420 1160
-2977 -2769
1734 2580
3150 -2339
-3325 -129
2942 -3567
1373 2754
-3374 -1414
-1918 -3627
-2454 -2718
1176 2069
2582 -1871
1755 -2543
-831 -1681
-922 3561
1229 -1022
3213 3722
1207 -95
2877 -3542
-1601 2247
-3414 1474
3357 -436
2738 -2754
-2094 -696
-3296 357
-385 3796
664 3012
152 2622
3598 -1520
1665 -601
-2520 -1830
146 -1103
872 1886
3425 -3592
-668 -2038
-1945 -1759
-2294 -865
-458 -1679
1227 70
-742 -1907
-3018 -1172
-2166 295
-1768 -1285
-1980 1479
1875 -3349
-2114 -3620
824 -2853
1550 3236
401 -1213
1151 1484
2457 1960
1162 -3548
-1550 2439
-1793 -3051
1215 -290
-3296 119
-979 3341
2291 -795
-3006 1830
-32 -3113
1987 3186
2588 -3007
1523 2604
-2128 -1539
1878 -551
1367 -1563
1652 722
2490 2167
1038 2741
-2939 -1973
595 1396
-2255 -762
-3371 -432
-2415 2232
-2213 1397
-2770 -302
647 623
-1827 3567
-2168 -670
-3624 2649
2029 -2501
-3356 47
-3411 -650
-752 2216
2187 2143
-631 -727
696 1239
-1851 -270
-1126 3340
3448 1446
1960 2025
-1052 2251
321 3147
3378 3181
-2889 -1746
-3092 -3006
1533 1765
-3684 -2588
969 2732
-295 -475
893 -1224
1 -161
2913 238
-1356 1939
349 -2986
488 -2554
880 -3405
3748 -1317
2756 -2768
-501 -2286
-1785 -1774
1929 3579
-963 -3604
-1237 1856
2572 -3210
3308 -3613
517 -3218
3792 915
-378 -2596
712 -2582
-1069 -3076
2205 -3356
-2274 1647
3605 -466
-3176 -1838
2870 -2205
-1449 2875
-1934 -2123
2259 1653
3590 -2428
1199 14
-2100 2425
-2428 3000
190 636
-2593 -19
-3318 -3645
239 1143
-271 2837
783 3489
-2797 2674
1449 2072
2492 3456
3060 1391
340 -2067
3012 -166
2908 2532
2926 2920
-3172 -1142
2805 2749
616 -1526
-3414 -2433
-288 3722
1200 -59
-357 3090
3450 -2623
-2391 -3490
-3548 682
-1678 1886
-2909 -3215
-474 3455
-298 -133
-2690 2131
1044 582
1967 3456
3389 -1698
1715 1539
3026 -1068
-307 -2686
-1695 3334
2916 1101
-3468 -1782
-3762 3095
-324 -2078
3480 -2522
-2833 -1936
2578 -2396
-1057 -2573
-1452 -1302
-3081 -3311
-959 614
3003 3676
3711 2393
-3722 2336
-2965 -1123
-2230 2154
935 -711
-2367 -36
-2880 1553
1629 -1934
2757 -1824
-2738 -901
-1017 -3721
-3731 -2262
3720 2126
-74 1877
426 2508
3018 3315
263 -3263
-1615 -1845
356 2758
-2803 -601
-3771 -2042
-1134 -2296
-135 -2217
820 3367
-3381 3738
576 -2604
-2606 506
-3256 2281
1745 -391
-1093 3588
-1316 -1834
785 -3731
615 3015
217 3793
3283 -2358
-462 -2114
2297 -3615
40 -3538
-268 -2725
2990 -1606
1503 3480
5 -433
3376 -3665
-531 -2591
-3059 3247
-3681 -1395
-2038 3220
-2580 -3325
456 325
3693 1710
1135 -2218
-1450 -2580
-253 3388
-1831 -907
-2806 2627
-550 -2948
-1163 -1276
-1482 -1703
-948 2213
-802 -1960
-3496 795
-1324 -2901
1724 -2414
-113 -1856
270 -2591
-2503 935
1915 148
-3441 1443
712 -3390
1656 3672
1805 -2243
513 325
-74 -3245
1020 -3185
633 -3309
-2554 2076
-107 -525
1300 -1824
2361 1810
2185 839
2792 -2846
3104 1691
1210 -3336
1319 2793
1192 -2318
804 2796
-28 2412
2438 1506
-1229 -929
540 -2734
-3725 -5
295 -90
-2297 3301
-2226 -2280
3105 3348
-1161 2464
-2837 1003
1110 -89
-3027 3535
1975 1765
3675 -2686
1009 -25
609 -607
1856 925
2766 -868
-3307 -1422
-195 -2072
2916 1022
2846 -80
-1122 -1860
-3747 -1281
272 -1260
-1820 51
-3756 1259
-1379 1305
121 3262
3667 -3738
-2945 -2475
-879 452
-3087 -211
-3095 -2787
854 -3767
-25 -3148
-1231 1705
33 2518
249 -2788
-3525 -431
-3090 986
-3743 -1559
696 -945
25 -1618
-2839 657
926 2605
2514 1567
-3545 123
-2101 3504
1081 1953
-2361 -862
2798 -3020
-1686 256
3551 2462
-2473 1625
40 2640
1144 2410
474 671
-3453 -314
1 -2324
-1233 -448
-2612 529
-2547 -1475
-2724 -175
1789 -3477
102 3413
-534 2794
-206 -2038
-3571 -1109
2939 -178
3393 -3170
-871 -366
39 -515
-63 796
-1122 -3269
1905 3147
-1552 -2171
-3006 -3008
-387 1907
2430 3476
-923 2657
-2817 1215
-3360 2366
-1075 -1227
2515 -50
1775 -2211
-1866 2375
-1952 -3432
1102 28
3021 -3674
-796 183
-79 -2161
999 -1987
-176 1903
725 2217
3318 -186
-2291 2932
953 -3393
515 52
-3358 -495
-3491 -3594
-2449 -987
3671 -35
948 -2953
-3621 2796
2540 -3573
1992 -833
-2349 -187
2275 -1272
-1876 2607
3502 2341
949 -199
3321 -299
-833 1599
-2619 -844
-2574 -2544
788 2273
1446 -3777
-72 188
1445 2623
-3169 1752
3588 1625
2289 2554
-1787 -1604
1236 3253
-2963 1050
-267 1639
-3478 -56
1375 -915
2700 -3168
3017 50
-2770 313
1992 1313
-779 2753
2662 -2821
-3066 -137
225 -139
99 605
3238 -2108
-3769 -1288
-1278 -416
-772 -337
3483 -2850
-922 704
1994 2906
259 -2288
-2414 -1941
-780 3248
-3676 -3559
-2417 1372
-1175 1149
-2799 2502
-1074 1958
-1096 -686
-2494 3414
2123 -276
-1898 3182
-983 -3271
2597 1874
-2920 -3581
3096 2521
-1415 873
-808 -1588
1015 -1700
-1238 231
-3529 1404
-2200 -3156
-3053 -3277
-2835 1949
75 -1243
-3796 371
-101 -3028
241 2842
1209 -1128
3290 -3418
272 -2501
1030 -2653
3752 923
2560 2727
-965 868
972 -3065
1236 -1038
956 2675
3402 2303
-158 2276
1994 -2493
-1085 -3559
-1957 2410
364 -358
-3779 -2577
649 -2505
-148 1359
3114 98
-3218 1495
3209 -2624
2332 2099
-475 -2426
-1280 -136
3501 2578
-2555 -1105
3200 -2688
695 3698
3610 -149
-1284 -2248
2006 2202
-2089 -102
-3369 -3309
-1073 3224
-3532 -1676
2336 -2197
722 -3050
2746 -823
3188 -1842
3628 -1130
-1783 1346
3010 -1426
2621 -3368
-1274 3331
3279 3002
-759 3696
2480 1045
-292 2579
-2840 3195
-706 1242
2349 1427
-266 -915
-3677 -1563
133 -2893
-3440 584
422 -1199
-3683 -1715
-1181 -1287
2300 -2993
695 -1125
-351 -1612
3096 -920
3037 -1947
1043 2985
3523 2376
-2302 3499
3191 -1588
3043 -240
-55 -1913
-884 -2789
-3240 -2542
1086 1167
-3008 746
-816 -2459
-3560 1877
3136 -3438
3602 -3593
2410 1504
-1874 -180
-2321 -948
-1921 837
-799 -1066
734 1104
-1304 -1920
1208 2582
121 2710
-1949 -3220
-1586 -1302
-3143 1586
-68 -3591
-2071 -2857
1451 3196
-486 -508
346 -2113
-3051 -2286
-3268 -2198
238 -2783
2050 -1451
66 -1905
-1016 1476
3090 -3489
-72 3421
1947 2972
-2816 158
1300 -3500
2220 -3648
534 -2763
-1225 2053
2659 925
-2598 -1514
1332 3035
3212 3127
2776 478
-356 2528
3153 1758
-1333 3416
-3299 2928
1697 335
3623 -221
1638 -3714
-266 3267
255 -3446
3784 1914
1520 -921
-3052 761
2393 1649
679 469
845 -2132
1226 -3089
-406 -352
-3320 -1599
1878 148
-1248 1439
-3472 1715
3027 3468
-2729 3609
3534 -692
1302 2310
1751 535
1639 2588
3738 841
-242 -1549
-767 2250
3204 3775
2376 2615
-898 -1010
2578 -921
-2271 1760
-267 158
86 -1722
2686 -3651
2892 3780
2300 -2090
2009 -3104
-3460 1042
-1224 -2724
569 1720
2332 2025
-365 -2189
339 -996
-3333 -3688
216 2756
1273 1141
-1395 -476
-2416 3182
-41 1086
-176 -1029
3022 -1205
-2007 -2811
-2979 -1081
-1526 46
1516 3705
1377 1481
-344 2811
3588 -3455
-1494 -2925
892 -1580
-3392 3784
1208 -2741
-3217 3548
2869 2760
3682 -2259
3163 -163
3760 -277
2986 -674
-2905 -4
-2222 407
148 2921
1821 -3541
-643 1687
-778 -3535
992 -1438
-3603 67
226 157
-3713 1552
-1073 -1265
248 3766
-2500 1659
-1553 1007
-631 2131
2018 1313
3521 3106
-1034 318
2112 -258
2504 -945
2043 -585
3537 358
-1545 -2140
-1628 374
1478 -3479
1204 1631
1692 1422
3050 -3135
-1814 -3125
-564 -2790
1550 1414
-365 2802
-363 2065
-3673 -512
959 -3234
3699 -3335
899 3168
387 3443
-860 -535
-2146 57
-312 -305
-2511 3724
-363 -3658
3345 1982
402 -1280
2031 2443
2232 2415
1137 643
-2557 877
-3091 -379
399 668
1969 3691
-1626 -3016
1922 -1871
219 -1849
-3174 -3085
-2540 986
3028 3707
2614 -2933
-77 -320
1933 2415
1077 2491
-963 556
3038 535
2518 -2992
-196 -798
2262 10
-3706 1469
1971 -2309
-2042 3469
-982 -956
-389 -1571
-3044 -1592
-882 -1955
1889 1965
-2244 1218
429 1959
1474 522
-131 2861
598 168
3646 -3060
136 -2223
-3653 -1870
3687 1679
-853 -1247
-1567 -2272
-1463 1598
-1428 -1741
-1946 -2014
3782 -3388
-1062 -2349
1781 -1067
-352 3317
791 -3798
-1009 -2315
-2717 -2932
2319 3246
2545 2138
-2223 2349
726 -2323
2495 -391
1770 -2775
-305 675
-287 234
-1580 1775
2621 -565
-1853 2329
-2627 2098
2393 1509
-3427 -2903
602 2336
904 -1658
-1435 3547
-1425 -3596
2657 -122
3771 1301
-1955 -1093
3141 301
3044 -2884
-3029 -1346
3067 -2222
3141 -1879
1424 -2940
1106 -1295
-2235 -2402
3151 1588
-1277 -1390
-1123 1924
1454 -625
-848 -2399
-1171 -3593
-911 -1993
1846 -2754
-2980 1577
-2788 2618
1617 -1527
-2165 -2653
-209 1986
-2896 3293
-556 2720
3489 2376
1958 -1126
-3035 -597
3757 2521
3528 -1063
579 -851
1313 3414
-3526 2672
-3131 1815
-3154 504
2420 917
-2440 -592
742 -1489
1695 -2299
-3657 2736
3297 -3130
3773 -3635
134 1273
-180 3252
1896 -544
2707 -3417
-1982 -159
-1516 -3032
1175 3330
987 2530
3386 -3372
1922 2054
-2668 -2877
1264 -3219
1498 2002
3035 3493
-1891 -1106
3036 -1914
-161 2444
-1767 -3648
2788 -1192
3310 -236
871 -3274
-1095 23
2920 -2020
78 3274
-2203 1939
-3074 -241
1197 1528
295 -2134
-713 2345
809 1719
2216 528
-2042 -2535
-138 -1717
2681 2083
-882 2266
3773 -2900
-3125 2694
-3507 -574
-2770 2907
-2991 1834
-2620 1940
2624 -879
3746 3778
-1185 1886
-1963 -1773
2733 -1623
-2065 -427
-2984 -2488
-867 2130
2161 3241
-2896 -2126
1462 -3259
1675 -2443
-1629 1612
1050 2113
1728 2142
-754 2194
531 570
2394 -1638
3654 -2911
943 -1184
-3478 2676
1321 3453
-3669 -2886
2133 1086
1057 2959
3154 -1736
-606 -1767
-3674 2626
1419 -987
1872 -2575
462 -1989
1874 785
-897 951
177 -503
-2829 1056
3057 -308
-1962 -558
-2946 -3298
3004 -1479
3408 -2187
-2871 -3664
-2787 -2786
-351 -3322
3460 -2396
1136 -851
-45 -285
2804 -3225
-1825 678
-2532 -3502
2854 -1372
0 -2571
20 -528
299 1945
-3197 1518
-431 1536
-3228 1038
-614 -2840
-799 -3514
-1307 -3599
-1813 -1041
2385 2437
-755 -769
-495 -770
846 1172
-3338 2912
2700 -178
-1061 3708
-1297 3146
380 274
701 3445
1518 -393
1620 2774
2267 -1859
573 -3428
-210 3712
3270 3410
1653 -2905
207 -1395
-1835 -3333
1238 -1137
-2448 1339
2210 -3741
-1702 -3421
-663 -3087
-2181 2770
-1275 538
2757 605
-51 3011
-272 1426
-3438 -3059
-3081 -1225
-3781 1713
1604 1529
2143 2178
28 216
-1486 -1907
668 242
1691 1831
-2821 -1282
2350 901
2518 3386
-3244 1231
-1057 -3671
-3150 -1663
1205 -2158
-2475 -1817
-1407 557
667 1937
-2867 2251
-186 -376
1472 3685
301 514
332 381
-3636 1037
-963 308
1910 2217
-1045 -3461
-1037 1310
-2478 2276
-665 2833
-3689 1199
-3405 -1549
374 -3086
-2731 1451
1318 67
-2839 -2941
-2597 1493
2468 -3451
3485 -313
-1840 -426
345 -3541
-3452 -3736
3475 1452
-330 783
-724 547
-2963 2495
-2598 942
26 -590
-2705 -1870
3669 -1196
-2716 -2612
134 -3129
1737 913
1171 -3263
-2777 37
-1380 833
-3630 3706
1700 -421
1911 -2779
-65 -151
-3035 -1375
-1973 2728
461 255
-1353 -1119
-1834 1202
-3193 -94
-1658 2622
-3783 2236
1410 -1790
-778 -3397
1812 735
2090 -499
-3574 2442
3345 3769
3076 -3452
3214 -3236
-1336 -1135
-1879 1762
1083 2901
1997 582
3798 1591
-3316 3315
3654 -1515
-3362 741
3452 2278
-858 -3394
-3561 1485
25 -157
3050 2815
-2861 -258
2968 -195
-2253 2818
-191 286
-2308 -3646
-2855 1943
-1609 2980
2325 -709
62 2619
1388 3392
-3095 3095
387 -616
-1867 1202
-1180 -335
379 -2092
671 -1448
-956 -3768
-3516 -3418
1613 -1595
2737 2260
-2420 -3003
987 770
450 -2368
-3190 -813
-353 -1685
-3435 -2030
23 161
-1673 3397
126 -2995
2340 -2894
-1890 3620
-632 -1333
-2926 2239
-1389 -463
3324 -2618
129 2494
-3097 -568
299 -1975
1365 -175
-3235 -1873
-2435 -3610
2817 -2154
3621 -2133
1356 1539
-645 1230
-1314 1167
770 -3626
-3057 279
3721 3765
-859 -3455
3081 -647
-1648 -3072
365 3647
-3108 -2771
1432 -2469
-3628 -3320
-2039 1208
-1953 -844
-3430 828
-2168 813
3799 -1931
2363 -2683
2815 -3474
3686 1324
-3698 3235
2869 3554
2755 -2972
-2905 -3286
-2926 -3205
1779 3109
-1490 1043
197 -2399
1476 2695
3569 1947
3107 -2128
1767 346
-235 -1469
1139 -402
-207 1993
643 -32
3578 38
3301 -2264
-2239 699
1320 1513
2040 -1210
1758 -2974
3160 3329
-2391 -1406
1635 3410
-2019 -2524
-334 2647
-2668 3628
1928 3413
-438 -3385
-3156 2750
-1417 3518
-3291 3356
-3741 -3070
1222 -3789
-2898 -2517
801 3420
-3712 -2106
2502 3065
-111 2175
-1667 1941
100 3008
787 -2642
-766 2251
-1092 -1447
3593 -1796
-3700 -2780
57 1243
2471 1297
2975 -3395
1658 3624
-2240 2755
2318 -2640
-1733 3413
1957 -806
3257 -2956
-1982 976
1834 -275
2552 -31
1021 -453
-483 -2418
-459 410
2384 2966
1381 -118
-1992 329
-3686 -97
-1456 993
713 844
2599 -3734
-1284 1596
497 2553
-614 2130
579 2094
1723 1716
-3699 -3462
1269 -1877
-2671 2987
3281 -2033
-2593 898
-3512 255
-2548 -1789
3658 -3608
1787 2030
-584 -2481
3398 -803
1753 -611
-1806 -3758
3011 -1421
3334 2442
2399 -2306
-544 -2975
1269 -3093
-2063 -527
-2601 -1334
3460 2954
-2102 -1411
3672 -3176
-1071 3518
2707 -1121
-2801 3595
2436 -1890
679 0
-1935 -3358
-2141 393
-688 919
2341 976
-2953 1822
-2972 -2319
2514 2405
