2083 -3312
1156 3501
2617 -3691
-568 -3485
-2488 3462
2871 4302
-2372 3186
3119 4562
-2762 -4401
-4099 1869
4371 2930
1585 1800
2984 -557
-423 4136
1467 1597
1593 -1041
-826 1655
2930 1400
3358 -3709
-3473 -3093
3274 1429
2238 -2625
3643 -1684
-488 -3187
-752 3153
3910 -540
643 1115
-229 1728
-3495 161
1093 1039
-879 -30
-1060 -2420
-940 2500
-942 124
4015 -2062
1164 -4199
3085 -1644
1144 -274
-3254 -751
-1280 1394
-3833 -1337
-1856 2108
-2685 2799
-2859 2464
-1749 3954
-2921 2099
-4218 1575
-2573 -3207
2596 1564
-1128 -3807
-1070 -3945
2314 -293
-688 2429
2261 -1171
-1296 4391
-3644 -1781
-415 234
3247 4394
2441 -725
-979 2673
-587 -4481
-1570 1327
459 -1975
-2050 -106
-1290 -301
2929 -148
-2757 1243
4179 454
808 625
3852 338
-4419 1971
4261 -2129
2447 2427
2571 -2766
105 4463
502 145
-4158 -2938
-2198 -3879
-1430 3163
1648 2049
-2465 3321
2946 -3726
1123 3547
3431 -1220
1438 -1468
283 3673
-665 3245
708 -3226
4143 2856
3658 3827
3398 1314
1615 -1868
4515 -1120
-1125 781
-3709 -4558
-1949 1800
1464 -3031
2438 1051
-4496 2787
-3673 2602
-2308 -1927
3236 -1722
1324 4424
2497 -958
1104 3491
-4371 -1691
-703 883
-2797 -4428
-485 2637
1912 -2061
2814 580
1528 -3524
-3108 944
2851 -1605
4502 4406
-2663 20
-600 -4055
821 -1004
1718 -3120
1356 3841
-1907 -4138
865 1488
-2952 2534
-3306 -1964
-2521 2542
824 2672
-3488 1734
-1956 -1702
3446 2478
1205 1227
2963 -792
-4330 -1016
-3242 2738
1788 947
4399 -1934
3843 4254
3397 3759
209 4102
-3952 2418
181 3354
-1812 -3573
928 133
3778 -841
4596 -2408
-3249 -423
-770 3183
-4116 593
-3103 -4315
3242 -32
-760 1093
-4230 1928
-57 -2369
-1270 -559
-1565 2757
2024 4274
4396 -1248
1018 -882
2212 -4137
-3801 -1428
2181 1896
-949 1172
-3605 -2696
-1059 1307
2476 439
-370 598
1040 3710
-545 -3973
-1633 -1752
3408 -3070
46 1377
-482 -4286
1780 -2918
-3876 2924
3300 4015
1595 1824
-169 3774
-2633 1979
3657 -2967
2928 -3125
776 1472
-90 1475
-1865 564
4516 -656
-246 -2923
2865 420
-3437 -3449
256 407
261 1759
3891 -4388
-1493 1081
-3410 -138
-236 -3084
1935 -3551
4294 4312
-4313 2140
-2795 -4599
-86 2448
-448 -624
-2850 1203
-229 -2567
-972 980
2099 1975
1847 3785
-672 1599
-2880 -927
-4395 1508
3854 -4409
1641 3749
-3449 4215
-163 -1614
-4470 -3486
623 1616
1821 204
-3876 -603
3894 3686
3709 -2262
-1382 3152
-735 1608
3948 620
-3995 -4454
280 -84
-912 -2378
-1526 1442
-85 4158
1610 -3344
3111 483
4180 301
2887 -3827
4191 2790
93 -3120
-859 1942
-2612 4182
3744 -1340
-2262 -2893
-847 -1082
2325 1305
-2107 1936
-4271 3043
592 2441
1867 4477
1456 536
-3224 2828
-1202 -3042
-2543 4368
3468 444
4231 2052
-1069 3609
3149 -322
-4404 -2397
3162 2381
2968 -1492
709 1886
1584 -1903
-2355 -2778
-4420 4367
1976 -1588
2822 1572
4555 1128
-88 -4387
327 2428
-2191 3121
-1557 3183
669 4526
162 -2078
3232 -2430
-2467 3636
3304 -463
2836 -4370
-132 1
-4342 1041
3677 1421
4553 3839
3572 -2525
-818 1772
3650 3923
-346 -3709
2394 -2476
-2119 -2641
-1270 3548
3420 -1447
-116 1032
-4525 4521
4241 4054
418 2541
2202 -3919
-2242 -1643
-4436 1393
2696 725
546 -1896
-3373 3730
-927 3207
-325 1488
2656 -1576
-238 -4049
2353 1264
-2159 -188
3937 -1743
1641 -25
-1477 1508
1076 -671
2567 4058
-3736 -2198
3398 -2077
-3657 126
-296 324
-3756 1145
-3002 -513
2537 -2262
1787 1095
-2326 -4408
664 1008
3463 4300
-1763 -1504
-2003 -1632
-2471 2528
2114 3934
525 -3059
1685 -4277
4192 268
3412 -4097
966 1958
-3197 -2567
-3261 3224
1622 -3784
-3035 443
-1808 -2557
3569 2978
-4244 -560
-1132 -901
-2200 -41
-839 1421
3394 -3231
-3003 -3113
-3909 -3409
-1348 970
-335 1525
3763 -364
-3573 3275
1130 2168
-4432 -1250
3864 3227
2985 1167
2163 650
3002 -4571
-2540 2914
695 -3969
4021 -3838
4110 644
1520 -3411
-842 -1071
339 1018
-1158 -2813
-3529 -1853
4029 121
-2937 890
4590 -3902
685 -3408
2436 1201
-4159 -2108
3617 1103
-2226 1191
-3898 -2054
-2904 1477
1865 -2587
-4169 2547
-1453 1928
-471 514
-2878 -1191
3359 3696
-2147 -2019
2709 -1776
-2879 -3866
3261 1689
-852 3726
3294 779
530 2099
-599 -4420
-3505 4084
-3872 -155
3240 3293
918 -2145
2155 -4022
2960 837
2667 550
-4166 1058
-3297 3519
-2540 3808
2714 -865
4484 817
-3046 -61
2228 2513
-3300 -3496
2146 4035
-604 -3301
1109 -4025
-123 -687
-795 -733
685 1475
2301 -87
3075 2420
-820 -2576
-4509 -341
1349 1727
-2714 2958
-1181 -4362
1437 -3177
157 -1767
498 -3980
3535 -4574
-2340 -3746
1255 7
2041 2032
-2996 -3016
-3097 -440
93 -1029
-472 3381
-795 4156
4262 1069
393 -752
2230 1332
-76 3306
4337 4222
-2882 2129
-3373 1825
-1403 1225
1263 -1526
2684 3799
912 -1408
-2702 -2073
398 3123
1214 2419
-2762 -3236
-1616 2448
-2455 1570
3012 4262
1847 2836
-3830 -294
-2134 -3388
-3332 2465
2100 1128
357 -473
-3009 -3505
3204 -3687
-2454 3630
2399 -2283
-2945 1338
-2564 1604
-1798 -4429
698 3265
3974 -2577
-2433 -4172
1066 -3016
454 2963
512 -3234
800 1687
-4239 2830
-1756 3737
2417 -3894
-3013 -290
-2651 -1065
523 949
3601 -1521
270 -2323
-3748 -4311
-1214 -794
-4158 3728
4187 -1792
2672 -3789
1127 2890
2364 -3864
-2055 3641
-2735 1881
1563 -2816
2603 -3505
-47 -2661
-2337 4159
655 -2220
-4316 -162
2538 -844
1998 -3401
177 1451
1721 -473
105 808
-3972 -2644
-1998 3100
-4485 -2884
-728 3087
1190 1143
2507 -1184
-522 897
3851 2026
-3969 2674
-3883 -2011
3818 -48
-2584 3396
-3513 -3220
645 -3780
616 3986
3683 24
3299 646
3874 1040
-2427 2415
3701 -4083
-3762 -1257
-3360 2405
-877 1946
-2956 -2131
773 -1513
4037 2972
64 724
-208 -1245
-2457 624
-3355 -4482
2389 -1489
4347 -2624
-816 3383
2348 -2077
3881 -2465
2009 865
-4079 -3863
-3509 858
1366 -3089
-3223 3919
-2132 1880
-3279 -1587
-1424 4244
-3671 -3349
-378 43
55 -1806
1702 -1675
-3983 -53
-1472 -4080
-53 1743
-2775 -68
1629 730
-2026 -732
1451 3604
865 -3953
972 2180
2914 -1046
912 4455
2068 -1293
-988 1535
-1237 4374
27 -711
-1345 -2421
3632 -4469
-942 -3250
-2269 -4179
-3358 95
-1435 -3716
1250 3623
-2431 1109
-305 -3554
-2496 -3305
-4180 -2954
-3027 -606
-3417 1837
-191 1558
1432 -1004
724 1693
3317 -460
1594 3665
0 -2105
2022 1612
-1862 -3082
-2412 -1911
-2678 -4
-3566 -3924
3830 4176
3375 1331
-4236 -1124
4337 2038
3743 -3788
1225 -1673
-1120 -1773
-3033 2496
-3427 3089
86 176
-4589 4580
619 -3347
498 -1436
-2050 2216
1174 938
2778 143
3545 3535
-4190 2280
480 -2626
3695 -1
-2676 -4321
3162 2174
-1018 -652
-1828 40
3649 726
-4292 416
-2605 3625
-3486 373
-3399 -1955
-212 -4143
1413 -4068
2769 -3906
2086 2190
2018 -3556
1429 417
-552 -136
-3094 3678
1266 2129
-4006 3299
-597 3272
4362 -2748
-1991 -2394
-2766 -1475
-2090 -3364
3822 -2911
3625 2038
-4440 831
601 3551
668 -4169
-1907 4519
1271 2664
1681 -3128
-1756 1468
-3207 2575
-2197 897
707 -2604
2047 3174
3114 -4530
2410 831
1345 -3445
-4441 -4489
2985 -2157
49 -761
2188 -209
4156 -492
3379 3597
-3158 -3511
1239 2097
-2074 3041
-445 -2182
271 -1861
1165 3827
2799 2804
-2738 -2813
2332 -3753
-4491 2429
632 1286
-2311 514
-1864 -3448
1157 -767
1459 -1512
2361 49
1223 3608
2282 -1676
1936 1949
-3616 4147
691 -2187
4426 4446
-2990 -1751
-571 -3383
755 -4206
4152 1571
2604 -3075
265 -514
487 2724
3944 -2748
3410 2593
-2358 3515
3729 -1372
1964 -581
-281 3223
-4516 2212
4332 1808
-1040 -3051
-1600 508
-4139 -547
4512 -2688
2520 -770
-2211 133
-1341 1082
-2313 -1066
1985 -922
156 1654
820 3196
-3431 464
-4 1618
-4266 2394
-511 1274
-3509 -2677
-4208 -2703
2563 4477
-3492 654
-3866 4434
1658 -1381
361 -2001
4029 1945
-2169 -1473
1410 -4202
3646 -3149
-1921 1647
3823 489
1312 1502
-2673 3616
-784 4580
-361 573
4152 -1522
3002 3034
1752 990
773 1876
-2962 1649
3776 3048
-335 1542
2030 -110
-163 -2141
417 -2439
857 -4338
2324 3356
2650 -2133
-4313 3289
-2677 -4576
4077 1602
221 -4048
263 3443
-959 -1721
-966 -2586
2270 2751
-325 1230
2582 -1413
612 -3198
2261 -2727
-1316 2107
-2359 -3734
1227 -3464
-197 -4091
4309 3575
-2538 -886
2081 3389
-636 -2993
4170 47
-1386 -675
-1510 1770
2327 3408
-902 3381
-1363 -1052
-784 293
2458 -3483
4118 -795
32 -4194
4283 -4247
-2801 4501
-1439 626
-4259 36
-3246 -1140
1880 -4391
1570 4467
-2063 -2634
-2886 1605
1060 1377
798 -2202
-476 -1729
1190 -1588
3465 2935
-2052 -697
-856 1741
2017 718
1365 -1027
-4465 2701
2071 -977
3968 -3808
-3751 -4442
-36 4497
3630 -2192
4199 -808
-2584 623
-1345 -2895
887 3687
1501 1069
3583 -2152
131 3837
-2134 -863
2999 -838
-1699 -3421
-1779 4589
-567 -587
1429 426
1465 -859
-155 -1099
506 264
-809 -801
757 -4056
580 -4564
-2071 2636
1324 4413
3067 -57
-3144 4374
-542 -1755
3023 768
-2463 -3712
-2840 1130
-2578 -4580
-388 -2620
1290 -1921
-3064 -2294
-3509 1303
3198 -2216
2480 -3306
3738 1495
3305 -1624
-2652 3477
3918 2190
-882 2456
-1577 1602
2577 -187
-4288 3653
2013 3039
-3890 -400
-4584 4243
390 3587
-4071 -2795
-3741 -518
-3568 1571
-4067 -2379
-348 335
2943 1796
970 -2055
2779 3039
2409 4148
1291 1020
-979 4487
-2361 2796
1821 -177
-1797 -990
1714 2905
-17 -4076
-1082 3249
-4433 2683
3517 2935
-1366 -2014
16 225
-3061 -2059
-4595 204
4526 3118
3913 -1512
3703 4471
-542 4145
2870 4277
1163 -1395
-4110 -3521
-3594 4347
3377 -4158
-3861 1646
-3719 968
-2868 3587
3188 4594
414 -976
-3234 -2383
-3730 -288
1365 4242
3578 2623
-2616 884
-887 3227
3772 3278
3425 846
-3194 -1027
2558 -4236
-3777 343
-4193 4455
-3891 -3096
-2883 3658
4112 325
1523 -1150
-2816 -689
4096 3248
222 1517
-1681 -1126
-2170 827
-1195 2300
4286 4477
-3644 -232
-2916 -944
-3934 360
2643 3533
1050 -2617
-970 1410
-2888 2281
-656 -2245
-4170 -4546
-3562 -591
-4071 3878
-2765 -3864
-3111 2860
686 -3294
-2878 -213
4203 3232
4331 -1531
2711 -4540
-407 1474
-3507 1372
-1646 -118
426 4299
3871 478
3265 3083
2641 -2508
370 -4497
2013 -1791
551 1283
280 -4035
-4367 -1152
3295 -3998
4129 -3349
-4278 2752
-2011 -2455
4025 -2223
-1114 -1274
3485 -1254
2116 2313
-3901 -2855
-2376 773
4200 2091
1227 1214
812 -3250
220 4346
2807 -1931
955 296
-2824 -511
3551 -3028
4142 -2157
-922 4470
2620 -3622
3252 318
-652 3607
2082 1868
-4040 -3474
4341 -4336
3694 331
-4442 -1094
293 -229
-4415 -4194
-4511 -4596
-760 -899
1906 -1151
1211 1244
3629 1010
-531 -4144
-141 -953
3872 3990
-4298 3534
-4300 -3508
-4283 -387
4244 2205
2767 3404
4423 -4103
1933 3062
-2624 444
-661 -503
4138 4500
2497 1277
-2228 104
-2309 -3108
524 -1651
4186 -88
-875 -3754
-789 -477
-2326 1763
-2951 -2184
-3927 -812
-265 -2504
3908 176
3816 -3204
4502 450
-246 -1986
662 -575
-4499 -200
781 -1947
273 3910
-1653 -1913
-4524 3872
-2972 -3892
4176 2498
1864 555
-2524 -3444
2604 -2834
-710 2148
-4082 -1576
-3166 3475
1553 -1179
2800 -86
-1842 -2724
4187 -1999
4349 -772
624 -4198
524 2665
-4035 1307
-4517 67
3976 -3189
-1377 973
-2516 4342
-3731 -2214
-3076 2140
-1512 718
-15 -1392
4581 2257
1800 85
2784 -178
4016 262
-1292 -4506
4055 226
-807 4204
-3688 286
1618 2943
-4400 -1971
3616 4596
752 -3436
1868 1419
2431 1253
1592 -4442
-3225 -749
-1197 -2820
1419 1502
1503 3387
-2383 4297
483 2807
1399 -2696
1587 -91
3544 -3324
-1764 2628
-4315 2639
-3034 -4583
-1725 1164
-802 -1316
1328 -4456
-1153 -826
2715 -1521
-1815 1618
-1946 2864
3549 -1856
53 -4018
2465 -1294
-4021 4422
-1495 -3461
-690 1746
4547 -2055
3655 4442
2668 -4520
786 2634
2757 1073
1358 4113
3112 -3256
-2874 3342
-3054 -175
-683 -2253
1418 -2705
-1190 1688
-725 74
-3937 -2232
-548 -1230
1620 -1511
1222 -2003
3963 4048
-4462 3224
-114 -4510
-3421 287
-1494 987
6 -3689
4428 1521
-3054 -1230
-174 3641
-1455 4174
-1141 -4275
-3070 -3968
431 1739
-3495 -137
110 1416
-4267 -2977
-1784 2273
3625 -1474
-4138 3260
135 3458
513 -3524
-4293 2194
2951 3889
576 4147
-3907 1312
2484 32
-3562 3260
-2884 2703
-4560 -3319
4067 2227
3979 -924
-2008 -2451
2820 -4164
1360 -3969
217 -1431
-1432 -2924
-2513 1251
2652 -89
1629 -2628
-3240 -1320
3705 -3965
1994 -1473
1120 3167
2154 703
375 3689
-278 3488
242 58
-1699 -959
2920 2954
-1827 -397
3695 317
3995 -3980
-786 1921
-40 -1419
-600 1299
4438 -3686
3218 -1655
1614 1308
-4202 -1246
3871 3707
-4475 -3054
-3812 3245
-2914 -1494
2792 -1943
629 -756
630 -4142
1800 -1626
-458 2883
1168 3296
-2683 2053
2101 -2723
-1230 -2467
-1258 -2117
3344 1920
146 -1210
2366 534
-266 2333
-4022 2947
-4094 -2880
-2427 -98
1172 3110
4466 -3989
4227 151
-3951 -2796
-1168 -638
-1 715
-4316 -667
-3981 2150
-3977 3946
-167 1180
-1591 851
-522 721
3067 -4040
3553 -1151
2469 -4327
-2035 -4222
1317 -2149
-1891 -2792
581 -3304
-906 588
4297 1750
3766 2408
4491 -2414
2751 -3179
1236 -3671
-2551 -2723
-1739 4550
3752 -395
2976 -1822
2979 -4318
3558 216
-1148 -2562
-1480 3244
-3884 1371
2006 -4533
-3288 -3055
787 -3083
1278 1244
-4521 -3803
4130 34
3673 -1928
-4331 -3447
-6 -532
916 891
-3242 4306
2282 4216
1118 -2209
920 539
2352 2254
1302 -457
2307 223
-4589 2204
662 -2398
-7 3920
-3703 -1566
504 -972
-2472 3307
-3643 -997
-4416 1387
242 -4453
3913 454
-2696 4330
2710 -2170
2407 -3704
2246 -1177
-3224 4514
-3423 2411
3293 -1645
4534 -4589
-3626 3133
4102 3228
305 -619
-3223 -589
-3058 4457
-2330 -1167
414 -1838
-1182 40
2256 2370
-4140 2274
2338 3829
1928 4363
-4540 2979
2116 2438
-2929 -1436
-522 -1518
-1602 -703
-2148 4032
-3160 3320
-2822 637
4304 2678
-2776 3097
3700 2837
2075 -185
-216 -1181
-1695 -3618
-3128 3625
957 -1036
-68 1965
-1134 -3532
1784 4208
-3656 -2144
4359 -3047
-1095 -816
2579 -472
-4249 1277
-4249 2544
-2867 -619
-4378 -3439
-614 2578
3708 4259
147 -2970
-3655 2082
-3041 -3921
1350 3975
922 2295
-1976 1003
-4229 552
2380 3493
-4081 4555
2961 1232
3363 -4498
1898 -854
2063 1423
513 2481
704 -3789
4496 2442
305 2131
-1384 -2833
-633 -873
-912 2832
1572 -4462
-2958 3430
2496 538
-192 2568
855 4125
4476 3825
4423 -499
-1343 -1630
1448 -1960
1403 -3309
504 -616
-190 -1551
-742 -2459
1505 1563
-542 -2813
4258 212
3407 4514
-1420 260
-4028 -2002
-273 3407
-3127 4025
2263 -46
1661 2339
3904 -2204
748 3149
174 2099
-4458 -810
-243 -4443
3292 3060
-855 3735
-2112 -203
-446 -3106
-4444 -4168
-3022 3586
4468 2508
-1834 428
-1068 -3090
-3996 -3074
-1181 1902
1675 -2519
-162 -2283
-2769 614
-4289 1455
-2342 2006
3464 1155
-988 -4335
-2269 446
2567 -4512
-2396 1467
-1200 -1050
-2500 1707
1996 -440
-2910 2203
-1089 -384
4035 -2864
-2565 3854
1271 2777
1071 4018
413 573
-1706 3265
2837 -3242
4481 2915
-185 -2423
2632 -3712
-4580 -245
-3252 -1033
1320 -3332
3148 847
3305 -1727
3028 -4334
-1262 996
2063 -893
2464 -1616
3358 -1655
-4381 -2385
2464 993
37 -3422
-333 -2618
361 -526
1147 -4599
-1116 1065
1081 -1942
-4048 2765
1108 1781
-665 4075
2024 -1815
823 501
-263 -4325
-635 1224
2279 955
-778 2353
3046 -892
2700 -88
958 -3658
118 3868
-991 3595
703 -2205
-262 3074
-1518 -2344
128 2900
-2669 -2477
-2122 -1243
1352 1869
905 1040
1624 -2628
622 324
-1688 791
1744 1347
-2775 950
475 -1790
-2599 -1769
-4456 3038
1947 -555
3546 1828
1486 339
-468 -2689
1546 1738
678 -3658
-4470 4369
-3621 3216
4081 -3096
-3058 -691
-872 -1425
549 1941
3615 2592
3801 3389
1825 -833
-1063 -1664
3064 -3590
1750 -1682
-3461 -3862
-4483 -697
-68 -1180
3116 874
-2407 4068
-3499 4535
-2670 -1150
-2576 -3674
-3472 2316
-4502 -3027
3839 -4254
-3568 627
4350 2113
2163 -3731
-2788 -342
2625 4251
17 1963
3667 1665
4030 2292
3278 2374
2803 -124
-963 2541
-1008 4414
2459 -3560
942 3221
320 -1960
1273 -3857
4515 1662
-4389 -2260
-1976 -2957
2673 -84
2795 -3912
-1574 -4108
954 -297
-812 3071
2138 -2458
-2269 1890
-3849 782
4497 -4281
-4487 -2872
3246 -196
-1195 2226
-348 648
1502 4584
-4244 -162
-3535 -2979
-3607 2755
-4348 3148
-2804 -3769
-1156 -854
-1758 521
3353 264
436 -3950
2085 3496
4558 -370
-1317 3967
-2887 4509
645 1166
2715 1066
1078 -3720
3784 1923
-1777 2963
-3007 1574
473 -4343
-1792 -4303
-898 -1230
-3673 -985
-3044 -780
1768 3071
348 3406
-4259 -2503
1780 2608
3677 -2560
-1594 1607
-2231 250
-3980 3189
4387 530
-1657 2574
2899 -1118
1842 -4140
-2001 -920
-2101 2909
1572 -2412
543 575
941 1702
3584 -596
2538 2783
4090 -2547
-2693 1969
368 2275
-3281 2911
523 -2839
-4521 2406
1217 1736
-2829 2280
1765 -1742
-2527 -1179
1419 -523
3704 304
1579 -606
-2570 1466
-3835 -1853
551 3005
3245 -2569
-750 -2928
1295 643
-3368 -469
2864 -3201
-365 -2787
1114 -346
617 4353
489 2532
-4482 -1120
-2232 -4531
141 1312
3182 -664
3548 -1889
-1337 -455
-1642 -4041
-4412 4082
-1192 -2464
1480 1991
-2219 -1437
3127 -3682
4233 -3083
1810 3087
-1572 1646
-1978 2775
3314 4106
-4434 -408
-3201 -196
-1381 -2138
4143 -4252
-3364 2949
2089 659
-2758 1932
-3606 -1506
506 3177
-3605 -3450
-1942 -2100
-4111 3889
1714 -3095
-2103 -2446
-2053 -2587
-3451 2717
470 -2028
1982 -1129
3294 1333
1382 3708
508 -2750
706 -3026
3082 -2835
2895 -4165
2502 -2902
-1890 -3474
-4200 339
-2812 -294
-291 -289
-3557 -1702
4346 1434
-1276 -2938
3172 -3433
4195 -2532
-2945 -3579
-2566 -1116
-2650 -746
-428 -3646
3203 3408
4534 -265
-3903 -2144
-3082 1129
-3855 -795
4530 636
3272 2191
-2060 2016
2616 -3476
1172 -108
-2696 1490
-1770 3071
-2428 -2601
-2139 772
-3042 2387
1124 4469
1683 2208
3634 4471
1076 3825
2414 -1186
669 -1518
1863 -4153
2115 -242
3737 -651
-2212 3083
-4227 -3858
-356 1620
4372 634
-1961 3754
-1096 1628
-2562 1277
-2943 4547
856 -2194
-2722 -2651
-2260 -183
-4248 -1650
-2416 -3067
4320 -1710
-691 -121
-3210 3913
-61 -1836
751 -1008
-977 -486
-2096 -2548
-833 -3110
-4527 108
-918 247
-413 -1800
-2920 615
4266 -2482
-3447 -1659
-1714 1239
4071 4348
2956 -3291
-1287 4127
1673 2300
2721 1287
-3194 -2156
-467 -1372
-2706 -3289
-2525 3522
627 413
2154 -3493
1433 2558
-2798 3804
2392 -4102
-292 375
4527 4026
534 -4299
3786 1928
3914 1718
-282 -1653
974 -3016
3507 589
1629 2027
-1696 957
3482 -4212
2971 4541
-2229 2434
2493 3714
531 -1032
-3209 -1401
1776 4431
189 2899
-4064 -3609
-4478 3454
1051 2150
2827 4524
1444 -2390
1623 4587
3939 4208
2387 -544
-2192 -3954
-66 -2369
-2125 -3418
2010 4444
1506 3307
-1393 -958
1865 -484
941 606
3443 4207
2406 1968
-853 -3456
808 -1173
-1000 -1917
-4281 -2472
-1835 3606
1389 3839
-45 -23
-3439 3
3125 -3451
2257 651
3859 -2888
-3243 -1619
-325 -2804
1451 -2738
-26 -3620
1358 -1876
-861 4081
2990 3548
1156 -2696
-3726 -2591
3090 -984
1344 3277
1411 3193
-2602 1918
673 -3814
-3897 -3107
289 1529
-3609 624
3050 1570
344 1851
-1566 3325
-2199 2044
2011 1149
-648 770
-311 3490
4097 2804
-310 -2499
2575 -4468
2241 2534
681 1815
1043 -2922
2890 -3380
427 2250
4450 859
1044 -70
-156 51
2666 707
2603 -880
826 -21
-2455 -2653
-248 -4200
-2963 641
-2669 -2981
497 1912
3976 -325
4023 856
3715 -3665
-3785 3908
-3292 4281
-859 3366
3667 1719
-1471 -2073
1491 -3015
2118 900
2651 781
-2177 181
-3901 -1341
1788 3864
1078 -1075
-2088 1743
-4388 -2179
3199 -218
1806 4282
-408 -107
-3065 -2972
2880 -3952
1142 -2988
-4424 3545
1851 3666
4115 -2902
-2404 1397
-2140 3024
-2397 1989
2412 -589
-292 4394
1211 -2083
-2904 720
2435 -1953
-1753 56
434 4300
3948 4463
1174 744
-931 65
-2684 1687
-147 -1337
3223 1876
3734 28
-121 3141
-1133 3343
-1654 -318
2002 3939
475 1950
3929 -4437
-605 4473
-3333 -113
4332 1288
-2400 -383
1767 -2939
668 3194
-1521 4450
110 2339
3861 1254
3945 279
1674 1909
151 -2881
309 4314
1764 -3184
-2128 2951
-1545 2576
64 4199
3775 -1109
-381 -3628
1810 -3856
4112 -4316
548 -2669
2544 2965
592 -529
-516 3997
-4560 102
-860 -1506
1986 2897
927 1051
318 3547
1555 3272
247 -1858
-855 1518
-2761 -2038
-2151 2062
-2449 4207
-1270 3605
-845 4090
-1606 4198
-1841 1487
106 2814
-4415 1433
288 4235
2093 4069
2831 -3484
3720 -2064
3470 1272
-784 -3414
-466 630
-2936 -3837
2976 -1797
3696 -2145
-3531 844
1126 -260
3656 -3537
-3590 639
-2243 2256
4046 3732
-4420 4134
3803 -842
3080 3276
3857 -2224
-3755 3972
1387 -3713
-2683 -2113
1278 3814
1224 -4204
3810 4294
-4327 2268
-2445 -2141
-39 27
-2573 37
-1400 2913
4011 -173
4144 3433
-829 250
-1733 1627
-1338 1474
1595 -3982
3409 1678
-3349 3937
-2486 2684
-737 1942
3998 2275
-2363 2111
-3464 -3692
-715 428
-4182 12
2180 -2892
2523 1648
2710 2900
397 -3073
1129 -4347
-3789 563
-177 2934
-3065 1552
-647 3777
4480 477
280 -3723
1087 -2436
-3226 3602
828 92
2204 3674
2656 -4033
1361 3692
-491 3874
4022 4014
-50 -3915
4270 -1998
2731 3712
-385 291
2919 -4339
-3211 1894
-3843 -4370
763 1693
-914 -479
674 -4321
-2989 528
4443 1757
-1869 -3074
2956 3949
-4088 -4131
-426 -1948
-2625 -332
1361 -1441
3715 -1350
-255 -42
-2182 -3983
857 -3889
3060 -406
-1236 992
357 -20
-2727 -3586
2132 2708
-3476 -4339
-3118 393
-4527 -616
4123 3522
-3378 3463
819 3095
1459 -184
2513 -827
-931 657
-1529 2900
3679 -264
4238 -2968
4480 3002
-909 427
-2098 -2465
2274 63
2511 2269
-3949 -2897
1941 -1783
-3685 4591
2323 4365
3251 -4011
-383 -657
-3150 2463
-371 -3962
2102 1560
3984 1608
-3659 304
-2070 619
-4541 -4524
-141 3248
3804 -2768
1474 -821
-781 -3533
-2938 4191
2262 2738
950 1719
-2227 1996
-4205 2159
3620 3908
2851 3419
2214 -1984
-1001 2045
607 -4137
-677 -4456
2899 -4555
-2727 -2241
4128 -1575
-1577 601
-3346 -865
1431 -1538
-2114 2675
-2180 2417
4442 1327
-2325 -1390
3208 -4192
-1153 2861
-2422 1957
-2972 -4112
-1457 3337
3736 -2294
2472 -3962
3455 -2113
1552 -1913
-3636 -2419
3051 -554
3290 -2609
-1525 -3200
1113 1468
-1805 2774
-1830 -274
-3517 -4005
4006 -1884
3522 2758
-4448 3845
-1297 -1071
892 -591
736 -3681
1975 -2402
-1765 1467
-1749 1693
-3619 -624
2151 2247
-2182 135
-3190 3276
-4548 -1555
1239 1307
-296 -4052
-294 -2911
1139 2964
-1596 -4253
4571 -2504
-2772 -2242
-2086 592
1211 -2381
-3757 1480
2032 -935
-2975 -2804
-456 -2794
1639 -4424
-500 -770
-4150 3583
3998 -3708
-4266 3209
2104 3799
-832 -1091
-1535 81
3142 -1050
3471 994
4356 4181
-782 561
-4090 3874
-1998 -1325
2023 -3176
1242 -4366
-1074 1021
4318 2783
-147 -2493
-468 -1379
-2059 3299
-3758 3441
-3014 405
-557 4249
1802 1341
-3080 333
4119 -100
-3115 -857
-3513 -506
-3955 165
4421 1072
3414 -3300
-43 822
-3632 4042
1071 -4374
404 -4185
-3198 -2470
1239 -4264
-4087 -2442
3168 4308
3108 -2146
-3589 -708
3625 -3963
4205 3505
-894 3244
-5 753
-3490 -1989
-552 -538
3037 -885
-762 246
-716 4175
74 -4152
812 -2881
-199 2993
3594 3458
-824 1817
271 3687
1594 -673
-166 -168
2833 -2754
2827 3364
2675 4437
2963 -4392
-1705 865
330 1864
-2963 953
-2650 -4356
1004 2712
-3107 1210
-1189 -2322
3902 -2004
2590 2984
2536 2457
-1084 -3032
-3288 3251
2944 -3075
3003 -4218
1655 -3295
-3306 3491
-897 -3956
4381 1206
-3290 -1276
432 -3103
-923 3497
-4113 -4415
233 -2144
2720 2748
2319 1713
-1538 -3919
-2519 1652
-3602 -1331
1201 3496
1129 2382
-1104 4344
985 -1400
-4241 -690
3358 -1114
670 -2696
-885 -4394
-2100 3754
-2421 -324
1913 -637
2444 1799
3536 1751
4301 1763
2836 658
1874 -3161
-3784 2029
-1401 -422
2699 1154
743 3529
2120 3053
1373 4393
118 -3888
820 -3818
-2173 772
3988 -3712
675 2261
-2826 2829
-1131 4331
4287 -3905
2244 -61
3534 1178
-2894 527
1962 -3632
4363 -51
3233 1596
-3244 3340
-3279 -1385
-1730 -4580
-871 4393
-3538 -4051
-1813 1608
-2276 2796
-2196 -676
-2916 -1874
3607 -564
-1746 2854
-4350 2746
-2433 -2552
2884 4304
3123 -330
-72 1383
-1220 207
-797 961
-925 3836
595 -4096
676 257
-1006 -477
-2858 -3140
4216 -527
-1122 -2515
888 -2988
-1423 410
4339 -4087
-1774 -2473
-2805 564
-3391 -804
4246 2391
-1208 257
3763 815
-1748 2095
-1329 -2510
4119 -3972
-1611 -2166
-2510 4140
-1818 2179
2563 186
-225 297
-935 588
-1761 -3653
3704 2299
-2953 3702
1188 4247
-397 -203
2511 3158
3220 1669
4203 1134
-4083 -4222
3829 2206
2412 3970
4107 2596
2942 2956
2854 2687
4411 314
-3420 -4420
3866 -3113
3586 2922
-626 4526
1022 -197
144 701
3120 -362
3291 3169
-3153 1284
924 -4533
747 3938
780 3008
-2286 3200
-2086 2132
1153 -737
-1175 -3186
4172 -4277
2493 -677
1674 2893
2644 460
611 -1601
3398 -3314
1891 -621
3130 3846
-866 -252
-60 -2945
2528 4030
3179 2385
-2698 -1791
1270 -3047
-259 1852
2200 2170
4154 1332
4112 2471
1553 -2926
-1681 -4594
-3156 -1253
416 3059
3531 -3180
-3446 -3032
3679 385
4369 4470
1053 3128
4280 -3888
-3456 3713
-1552 3583
-1739 -2183
-2331 1576
-4524 4436
4106 1754
3653 -991
1403 1911
-650 1837
-2587 -778
-4581 3648
3171 -3730
2883 -1798
-590 -1799
-1757 584
-2960 -4312
3688 3305
1726 -1386
1706 1970
1382 -1675
-2607 2012
-2587 278
-4588 -3047
507 -362
-2054 1751
2910 103
2735 797
624 -401
2957 2928
-3839 2714
-2633 -2366
-2492 -1076
961 4433
1735 857
3111 538
-4101 -2999
250 2315
4196 3808
-1064 4186
2199 -2682
-3211 -2831
-1212 1127
-1289 3145
-2892 855
3447 504
3245 -206
-3342 2857
-1665 -2153
-1737 -4140
4036 -940
-3866 -1401
3858 -1822
1353 -3283
-3382 -350
1360 1239
4061 -4170
-4376 -4024
-3583 -941
1152 -2294
-4195 4231
-2539 -334
725 560
3622 3163
-1824 -1877
-2832 -577
3621 1493
-859 -3771
-1630 -4598
-2857 -1765
2698 2223
-2081 13
-2353 -445
933 3775
3108 -3244
-3512 3730
-1584 3949
1787 -1976
-875 204
-3543 1454
-3405 3968
3227 4493
-1491 -4132
-1197 3751
-314 2082
-3934 -427
891 -256
495 -198
1333 2449
2586 -3701
57 1028
4099 -2896
1794 3106
-2671 -3545
-456 -590
-1847 1395
474 -3832
3768 -3263
-3570 3526
-2825 4086
-610 -2111
-3045 -2150
948 4398
2494 812
3485 4004
-1209 4507
-3815 4383
-4238 2635
-3128 -1989
617 -2619
2077 485
-3485 3690
-4080 4386
3191 -1632
-3773 -2043
-3316 187
-2728 -2970
-2698 3235
-1710 3623
1198 1588
-99 -87
-4261 -390
1476 -3316
1378 -4534
-2508 1623
-354 -3847
-1862 -3410
4471 -4546
-3935 -2213
-3831 311
-853 382
-3379 398
3709 -747
3829 3884
4271 -3518
4033 -1270
-3228 2636
359 1164
2636 -2505
-3778 -2048
-2061 -4300
2389 2335
1867 60
3084 -2924
-825 -1254
-1652 -2134
4032 2877
1121 -3107
-1646 -1670
-627 -2430
-4045 -4457
327 -1886
-2457 -130
-3030 3494
-3778 -1255
2064 4070
-2827 -4372
-4369 -1105
1062 -558
-2735 1000
4257 -3535
-3450 1053
-4384 4159
1857 1624
1504 2049
4043 -1983
-3028 3456
-224 819
1261 -1897
-182 -3609
-3512 1670
-2577 -1885
-2244 -2032
-1915 -4325
2385 1609
181 -4402
1367 891
2467 1286
-485 1699
-176 1772
594 -693
715 -2462
4297 1034
-400 546
3237 4090
-2458 -2676
-464 874
-4310 3284
-2116 3894
-3777 2388
-3911 2606
1575 527
1009 -2270
-1733 -4476
1520 4518
1819 287
-1432 3092
789 -3633
115 2027
12 1737
-2001 -582
1110 3154
-4250 -1723
-3226 3793
4121 -1060
1998 3897
-3370 -2440
2772 3218
1447 -2242
4085 3526
-2001 2297
846 3538
163 3784
1876 -2510
2788 -199
3579 3197
2945 159
2079 -659
2944 964
-3765 -1946
427 -575
2471 2199
2792 2116
-1207 -1163
4305 -3557
631 -4574
2573 1171
-4416 2059
494 -1663
2966 3783
523 -886
-1520 2419
1505 -748
-2463 -955
607 2948
-3277 -1019
2288 8
3730 -3692
-3098 2567
-435 -4244
-4317 254
1286 -3628
-69 -2560
2985 -405
3529 3370
3504 -953
-2256 4195
-730 2203
-1004 3152
-1046 1746
4441 -3182
3314 -213
2749 -2876
3521 1238
1543 277
-1762 -4269
3147 82
-2299 298
3102 -436
-440 -1553
-3129 -3034
-4434 -4266
-645 -72
-2056 1178
-2032 -2786
-2664 148
-3989 -3116
2749 -2723
3543 -3681
2968 -4304
585 3210
-3008 3968
-1346 2151
-304 -3618
2668 -2725
2960 -3676
2441 748
4331 2191
-2687 -285
96 -4178
3474 -3863
4270 -1411
1878 242
167 -955
2525 3494
2200 849
492 1360
-1648 -4499
-3059 -3164
3861 -2204
1040 -2630
-525 3882
659 -1316
2061 1389
-3705 3669
-1014 3184
3020 -4456
3277 -3053
258 -3877
2945 -3825
1798 51
-1722 -4172
1943 -324
-1199 3452
-160 3372
1261 -822
3065 -2580
2606 179
4123 -3837
-832 -3643
-4334 -4114
-2104 3109
4017 -555
-4540 4451
-4448 -4062
-2361 2630
-249 3122
3810 1095
1354 -1911
3086 -1983
-1917 -2717
-3376 778
-289 -1428
3564 811
-4409 -1403
-407 2714
1345 -785
-2005 2356
-59 3997
1448 596
3190 1241
2809 -4243
3778 -682
3489 -1462
3895 1441
4040 -2279
3004 -3522
2246 -1867
61 2248
-2346 -431
-2941 1504
4481 -2490
3180 3548
-2296 -181
3186 1974
1259 -460
-13 1578
4572 -2927
-673 363
-4291 1047
2004 4119
1485 -993
-2248 2484
-2600 1603
1213 -45
3757 4376
3145 1304
-243 -848
609 -2405
3550 48
-2571 -1268
-3962 -2778
-3630 2237
-4372 -1029
4008 -157
-312 -4393
2211 4571
-4149 92
1186 -848
416 3056
-2732 2176
3324 1942
-427 -796
1193 2441
3033 2952
-2659 1477
2669 2868
-1492 3566
530 -894
-1803 4113
4447 -3367
499 -927
-944 3741
2479 -446
-3907 -328
-4099 6
-180 -4011
1262 -1693
2345 -1811
593 -1288
-4319 92
-2387 -3862
-4599 796
-1873 3398
3270 1817
-2734 2727
-3400 2250
-2405 -3342
-2699 -3402
3846 -2816
-2317 3892
2222 3683
-3644 -3047
-2884 -2718
-1968 2313
-2939 -1745
-219 3834
3802 -718
-3343 -1996
2128 2443
1937 4013
-4287 -1798
789 4488
423 2319
-345 2754
-3934 -2823
-4396 3933
3319 3391
2948 2120
4558 -393
-3257 -104
2973 -140
-2972 3124
-2092 -1490
-3227 -1780
-3923 2044
-926 1885
-1845 -1817
-3761 -2241
-1237 1839
-3208 -1790
906 4389
-558 1300
2393 -2437
-354 541
-416 4385
-4582 4198
-2937 -552
3552 4312
3646 -2818
2037 3280
-1284 3765
3355 -3364
-2920 -1228
-4103 -2673
-260 -589
-3534 -3439
-2697 4520
3726 -1299
4316 -479
-3034 4457
-217 3641
-1398 4428
-616 1002
-1013 3131
719 -4251
852 -3104
-484 -2095
-3958 -774
-1918 -1377
3972 658
2756 2115
-271 3741
2363 1776
1243 3359
322 -461
3490 14
-1261 -2441
-4474 1821
1392 2207
-4165 -4227
-2224 2967
-3417 4309
-274 299
912 633
1403 -3064
3368 -2941
4316 -2479
-2145 2648
-1708 3645
-1368 -4163
1012 2798
-4239 1456
3911 2827
3890 2032
-481 777
741 1464
-2729 3425
-3280 -2129
523 -560
115 -401
4170 2957
602 -1991
-4054 -2051
-847 4462
-412 -1231
-2505 2334
-1949 -3951
866 -2763
3226 -1103
-3654 630
3442 3093
-3539 4552
-569 960
4331 -1904
2662 -2127
-491 -4116
-4273 1773
-550 -3792
1219 4273
2885 1084
2968 1510
-3794 3722
1769 -637
-2657 -387
-1642 -3884
4068 -1516
666 -1661
-278 72
-684 -18
2621 2233
-775 714
4299 4220
1275 -3992
4463 516
-4511 -406
3090 2658
3976 -2367
3211 3247
-1739 600
2360 4553
3519 -4220
1851 1050
-3008 -672
1797 -4367
4577 -1705
-3016 -2068
-1734 -2741
-3001 -3033
-986 3814
-785 -408
2698 424
3897 3798
-2510 2663
-2559 4548
783 2566
-4376 -57
550 -1519
-2126 1573
4093 2844
3377 -2811
326 618
4155 -2398
1768 83
448 -3744
-4032 3984
415 1430
1319 -220
345 -1877
-1060 2968
1408 1175
2259 -1133
1956 3679
-2498 -3648
-3010 3365
1793 -1722
-3468 -2876
-908 -2388
-2319 1481
-3905 3663
-4017 2851
-4265 2929
3956 1610
-1828 4550
-1697 4272
3418 326
220 -4001
3671 -1928
1405 2879
-2475 4412
3106 -1599
3837 -3052
4179 1421
1080 2387
2857 -193
-73 478
254 900
-3881 2788
-2367 -172
3341 1599
-118 2246
2292 3595
884 4530
-1232 4170
-1976 -3416
-2343 2215
-3734 3407
-2835 -652
2259 3951
2746 -2658
799 -4330
4124 -581
-2807 1785
-1737 -584
3775 337
-1782 -264
362 824
2115 4287
1909 -3863
-2144 -666
-1030 3953
-889 -2604
4023 -2944
3087 1476
597 -161
-1554 2871
389 2586
-3329 497
1035 -1724
-307 1086
4586 -3703
-2192 400
-3390 -3100
-162 439
2014 3150
-1293 2569
-4098 1180
1457 -486
331 -2552
2766 3467
-2727 1147
2802 1196
2136 -1635
-876 -538
2079 3782
-1149 3485
-1436 2401
-4236 -1743
-2213 1501
-2878 4384
1936 2295
-3447 1887
3864 -1317
-880 -3795
-80 3908
2980 2129
-310 -343
1770 480
1128 866
4164 3893
-2477 1908
1931 3807
4036 -2170
3710 2466
1579 3725
-1447 -2378
-668 788
-3613 -849
1292 1012
-1447 -3977
-1426 -3721
3004 4175
1945 -3665
-2005 52
1493 -1125
-1752 -3571
-2997 -493
4424 -1247
594 277
866 -4122
311 1361
2949 -1608
4386 -4033
-37 2039
1091 -3342
932 -13
-1481 898
581 -4240
1294 -3675
3271 3930
-3648 -4345
-4249 1457
2846 -776
2544 3224
1618 4306
-3628 -2292
-1435 -2978
-3018 2744
2518 1594
4293 -90
4444 -3857
-3650 3032
-701 2504
201 -2890
-1476 -2984
-3483 -160
-3928 -374
1824 -2260
1811 1963
-2227 -2277
311 -4424
1907 -271
-3706 -3433
-2927 1511
2186 2884
2454 -2850
2893 -1166
-2914 -2248
158 -3582
-3927 -139
613 -3179
3619 -4263
3625 -1078
-4059 -1090
-4071 2429
3692 -2355
829 4186
-2572 -3249
1848 633
1619 -420
2192 -3391
-4121 2842
1140 -1160
-390 -1156
-4476 -2969
3396 -1307
-1888 -2942
-4387 3430
1449 2655
543 -1713
-1157 -3813
-73 -3922
-3486 3923
375 1001
1291 -1535
704 659
-1907 -3284
-243 4323
-3859 2414
4058 -3742
381 2601
-55 -2342
-1 -3073
728 -3098
-4207 1691
-4402 -1214
-2338 -1793
-1223 896
-3583 -2208
-783 3620
3615 835
-2698 3557
95 -3754
-4459 -1763
4488 1663
-769 2645
4362 -855
-1272 421
-2741 -15
-2036 1725
-1020 -3899
1039 -878
-102 -674
3755 562
-1059 -4540
-344 2830
-3740 1681
3195 749
-1922 -4055
-3860 -3703
120 -3458
-4135 1900
1720 3416
3378 2791
2345 4526
-3060 2795
-4439 -2667
-4073 723
-93 -1406
-1972 -3383
4562 2196
-432 -2366
4134 -2774
388 -2349
2479 -1617
3019 -3451
1502 758
-2164 1209
-3986 -2189
2618 -3245
-1050 -3738
470 1542
2771 -4121
-3714 -1458
2837 1129
-452 1677
3267 917
3016 2184
3732 -1793
-3183 -2613
-4480 4364
2405 2923
-4475 3979
3233 2598
-2114 -3654
3837 4409
4472 -1510
-2984 1854
4486 -4361
-2736 1754
-4329 -125
-1107 2937
1077 915
-214 -1918
-4049 -1593
1556 -2934
4294 2448
579 1101
1695 733
-1440 4375
-2454 2554
4566 3798
-3212 -4218
1449 -1697
-2122 4582
375 1580
3365 -3558
603 1560
2884 -3087
2397 -649
-1590 678
2343 -4450
1388 -2439
-2921 1066
635 3207
1203 -4317
3950 -2722
3052 4247
-284 -2043
-3079 3457
-3632 120
-2942 -3415
101 -3329
2419 -823
-2418 3988
2642 122
3268 -723
580 3526
976 -4091
-3001 -832
2867 1156
3039 -661
3486 2348
1933 4394
-4013 -4042
-1386 3917
-1914 -2036
514 1890
-2379 -719
4418 -4121
690 2831
3999 -1775
1747 1277
2651 681
832 1399
-2010 -2320
314 -2298
-893 -2615
3745 -608
-4188 -1474
-1088 2829
212 1421
2626 3692
-2933 -3712
-2128 -3978
2050 -279
-1903 -2328
1162 2661
1743 4316
4329 -3632
233 -4045
-2042 -943
2887 1435
198 -3064
-3187 -1895
-2071 3608
-2446 -4197
-3738 1079
2502 3419
1003 437
3155 1729
-124 1711
2476 2921
-1333 -2601
1747 4208
-4104 576
1767 -4279
-4136 2497
3787 2425
1752 -2879
-1560 -3548
-4457 -3371
-3811 -1340
-2371 1885
4501 2759
1334 989
965 3877
2 -884
1630 4520
4208 -553
3865 -4321
-2855 -2786
-2963 -810
4022 2801
2287 -3486
1034 4334
-2468 -1645
-400 1417
880 824
3266 -1254
-1858 3686
2833 -3418
-2866 -2772
2025 2643
1113 -2828
-3323 -353
1537 2988
2702 2465
664 2014
-1693 726
1236 2719
-1774 3782
-72 -3116
-4492 2994
-851 -1668
1874 -4003
29 2105
-4209 156
-3929 2384
-3939 -46
-4434 -3716
-2328 -2248
-2849 2468
3234 -3326
3802 -4280
-560 -2749
-2355 147
-190 -2276
876 -3455
-2584 2195
-2868 309
3462 -4371
-686 -3082
1662 -2433
1711 3850
4081 4246
-2457 -2992
-1867 3013
3564 3739
-242 -3494
3535 -3679
197 -672
3182 -4015
-3337 21
-3377 1071
3584 -993
3860 954
-390 -2997
-2561 1380
1424 483
2359 773
3961 3961
4247 -17
-2341 263
1924 4441
1856 626
-2213 1636
-3886 349
2571 3804
-364 -3808
-1714 3517
61 -3396
-573 -189
-368 -1119
4208 1579
4213 409
3828 -4396
3004 -2428
3361 2572
140 1100
2982 2467
591 2069
923 -3092
69 -296
-2922 -3429
3845 -2258
2040 -2957
3456 -1522
-2553 -3253
-4563 3735
-667 -12
-1316 -1417
483 3445
3384 3084
-427 1606
2478 -3829
313 1282
-1089 2907
-2735 -491
4003 -2966
4304 -59
1261 -2376
-1602 -2794
-4381 -1324
-566 -1565
2292 -3216
-2510 -3065
-1346 1387
3790 -692
-2513 -3766
-2590 -1579
4008 1755
-564 -841
-1633 3627
-1913 -4436
-1898 -2007
-4111 3864
-4411 1579
2185 2152
-1396 1933
-2534 -473
686 898
-3921 1970
-943 -334
-445 -3539
2336 -1821
-4428 -3004
-171 -1748
3228 -903
-2678 3996
-274 -1535
1505 3910
3088 -3905
1060 -2614
2031 1110
-4443 107
-2448 2931
87 -4164
-1123 1531
-1411 -3677
-535 -1714
4345 -99
1957 4399
4022 -241
-350 2659
666 -2960
-812 -716
3305 3747
3884 -2019
-2477 0
4141 3574
1081 -3090
-695 -3604
3809 -3844
-4005 2502
-2939 -562
2936 -1573
-1659 -703
-4198 -3272
1585 -2839
-2243 -3103
4227 2104
2853 2287
-2157 -4045
-3633 1376
-1779 -2189
-4419 -2801
-4081 -1857
-3696 -4221
3770 2640
1333 4488
4244 -728
-1941 1648
1306 3778
2496 -2258
3845 -4488
1618 -1228
-116 -959
682 -1644
3910 3430
828 -158
287 2377
1856 -12
1916 4230
-2833 -1369
-4040 2019
339 1972
-4171 2779
1630 984
4020 -1629
-4067 3409
-4208 -1483
-4256 690
1371 2663
-2079 -4105
3451 -1214
-234 3746
1929 -714
-402 4384
2910 -4140
2917 4471
-1807 -3409
1258 -2014
459 -3184
312 3189
-1408 -1096
-3678 748
-3904 4520
-2810 1130
-1195 1530
3105 -1148
2156 -2504
-238 2471
3514 2484
-2866 -2737
-3308 -4497
-4144 567
-3417 -662
-3303 1671
-4100 -3558
4463 1296
-905 -2890
-4466 -1837
-160 -4410
-412 767
-1718 211
-27 -3768
367 -3036
3686 2512
1760 542
-2221 617
3287 2461
4320 -3990
-4506 3757
1068 550
668 3540
3087 -4535
109 23
4322 2882
-2861 2491
2255 902
-600 -540
4459 -89
3075 677
3589 3482
-4580 -2816
2213 4152
1931 3797
4165 2889
-3793 1978
-1637 -516
2401 4523
3875 -2265
1957 -1923
660 708
3263 -2812
-4379 4188
2665 -2918
4413 1954
-4582 -1328
3489 4012
2465 -1057
3958 1372
-858 -3236
-2679 1382
-3717 -4018
2588 -2457
-1107 -2065
1949 2280
1438 -108
-30 2449
-927 -790
4136 -736
809 313
2799 -1370
3281 -3717
-1527 758
-3215 -4092
-3633 374
-2108 4342
665 -881
423 1923
938 3970
-4555 -3233
-3093 3965
3269 -4217
-1153 660
2525 346
2699 2870
-5 3688
-1201 -1679
-197 -792
2081 -1098
3556 -33
291 135
-3311 1076
397 863
-3166 1555
439 1247
4524 -3734
2960 788
-2981 -2851
3900 2287
4517 2030
972 3093
-2667 -3192
-1176 4147
-1839 869
2412 -2651
3748 2554
2078 -3296
144 -2394
693 -1104
283 -2851
3311 2459
1703 -759
-3013 -1358
745 4571
-1517 -794
-999 -182
1194 -3123
-2508 2015
2216 -1123
-513 -331
3304 3840
-2704 -901
4239 889
4255 -1301
1088 2487
-3731 4312
3022 558
3517 -2325
-2336 -36
-3465 -3386
3712 -3741
-2995 -2228
4307 2258
4013 3968
-1539 -3461
-1746 144
3439 -2850
4194 -2631
-4363 3055
2371 387
3736 -3924
-2123 1117
1045 2731
407 2631
-281 3887
-2861 3709
3813 -4401
-3032 -2449
-29 -700
3719 1105
3480 4342
-814 -1963
-3874 1985
3484 517
-2437 -4593
2672 -1398
4579 946
3745 -884
-1687 2665
2373 2864
2469 -502
4508 369
2542 1729
3357 -1010
-4320 2104
-571 4222
-2945 -3908
-351 4442
-1000 595
3338 1632
1720 -3421
1943 103
-3979 1208
4324 -2935
-1830 1109
4126 -673
3869 -1816
-1766 2070
-880 1244
1596 2985
2183 4355
-1034 543
513 -1699
1954 -1326
3217 3070
3048 -1019
2506 -4269
-1548 -1081
-512 873
-356 1345
2437 1143
-1469 -4018
-3150 3886
-119 -1146
3259 66
-314 -1720
2806 736
-2724 2887
353 3806
361 3017
-1455 345
3312 4353
3987 134
-2085 1073
-898 431
965 2686
562 -3456
1560 2106
-4440 4059
1628 1623
-2694 -1412
-1467 -3459
-1339 1465
-2365 -52
2937 -1913
-2027 3398
752 2301
425 -1484
1585 2266
3382 -3570
-2750 3331
-2044 1183
-2125 -758
-3253 107
-484 -285
-1594 -1259
1853 -3285
1370 -3847
971 3115
-1638 854
-499 -2926
-1666 1130
-1486 4570
1158 -651
2857 4394
-1793 -2788
-1152 -2844
1741 -3175
142 -4500
1526 -1573
-3158 978
3926 -2277
-3510 1200
-2112 3495
-1908 -1453
230 -745
-2140 4471
-665 2583
3789 3637
3154 3502
4575 -530
-4284 -3949
-2087 1499
-1726 705
431 -3633
-2106 3948
-2586 -2656
-4569 -4365
-782 -1507
-3350 1330
-1582 -1664
-2214 4077
1214 -1032
-1390 1936
3328 -4158
-3991 3936
-293 318
-805 -90
3229 -1450
-4011 2558
-4145 -1551
3345 -3289
3899 3823
-1281 -2207
989 3467
-4574 2282
2014 -700
547 -990
-1540 -2647
1234 3038
4456 -2919
1461 568
-4102 -2469
951 1923
1919 3960
2173 -4234
-2564 2172
-3063 -1084
3507 -998
690 1953
3738 75
-190 3428
2127 1322
1331 -3737
2783 330
2128 -2430
373 415
-3720 4020
-550 2449
2099 1527
-1090 2032
1622 -4512
-3742 -4448
4027 -965
-1173 3388
2178 3216
-3691 3878
-1850 -1626
-1795 -1109
2056 650
579 -4160
-1645 696
2143 366
3048 -4332
1607 464
-2173 -701
3496 2790
2006 3881
-3676 -4550
-668 -2180
4169 3669
-510 1216
-2913 -1912
3169 845
2013 2512
-4144 3554
3849 1461
3715 -2964
-609 1124
-745 379
3930 -1402
1772 3279
-176 159
-1273 -3976
3710 -851
-3734 1413
-1781 -1137
-4158 423
-2271 709
3892 -3033
60 -1951
-2507 -2401
3709 -1257
1254 -694
-3111 -552
3478 -4027
-16 1796
-897 824
2440 -3155
-2717 129
-373 2609
602 -1644
-1434 2767
-3304 3534
1197 -4018
2669 1050
1107 342
2469 2821
-203 -1395
-739 -1106
-1740 -2535
-1724 -247
-3892 725
3081 -2877
3775 3906
1135 -3924
-1437 2643
3217 3293
557 2719
-1801 -2023
-2311 -3084
-700 3273
3192 -1255
3641 3145
4374 -1338
-2442 1510
1162 -619
2567 962
-2288 -1347
3551 837
-2494 -3357
1864 223
-1643 1372
2737 1789
1241 3443
-3681 -104
-1935 -265
-4140 2470
-253 -3059
930 -4452
2738 -1965
2113 749
3989 1277
-873 -3270
-2157 3841
502 2841
4220 1561
-767 -3863
-3060 3797
2893 -1366
-1997 -395
-1718 -740
-4017 -4184
3820 4407
-2789 -118
4131 -4463
-1278 -3932
-4064 -54
-3540 1618
2365 2709
-4325 -3357
3147 3247
-1806 1661
-4052 -3593
2198 -741
2969 4047
-1285 -3338
-493 -749
-3274 4329
-1716 3977
-1841 3009
1230 -1083
-1896 2544
4269 -463
-1491 -4353
-376 1636
-1113 81
3701 3941
2050 408
3924 -3627
-1871 408
-251 3797
-2623 -2778
-351 2764
2337 -3220
3293 -2727
-4088 2184
2613 1064
3511 4199
-3499 -4079
284 -307
-4049 4565
740 -3648
-549 3422
-261 -3982
-2349 3741
-3907 1670
968 -3998
-1940 -1111
2528 1205
-952 -1354
-4527 -4024
-945 -3285
-4419 99
2429 -2063
1953 1011
-3556 4175
-3199 4022
-3730 2001
-1272 3129
-1010 4021
-1358 -3089
-3628 4407
4264 2638
4350 3620
-23 2381
2207 118
3136 -1955
3063 3883
2355 2354
3501 -1257
-2008 -294
4339 2504
2212 3049
749 -1773
1592 -2319
4095 -642
-3393 -4009
-1974 -1615
-3173 558
1893 1779
3962 -3696
2317 -2054
-3874 -2508
1011 2174
2399 2545
1540 3904
2813 1632
1717 3882
3301 550
-3113 1459
1197 4205
171 -1258
1712 -1875
1846 737
3340 1988
-1564 4486
-1758 -3119
-3840 2768
-1271 -3530
-3401 -3595
4225 3047
33 -3678
-4241 3222
-4489 2409
-558 -2661
3897 -1739
-3330 1977
4128 -1854
-2056 -2089
-2783 -3965
-1754 -652
1766 -4530
2684 3116
1826 2764
2503 1257
1061 2345
-96 -1336
-855 -3875
-3698 -1944
929 3684
-640 4480
1687 2108
-917 3149
-1664 4575
-36 922
-2740 -1754
4279 4346
-32 -4375
1915 -593
2457 3182
1005 2141
-4402 -3143
-4518 495
4424 4187
-1845 -1270
4457 -1491
-3085 -1251
4531 2087
2928 -3011
4596 -3450
1878 2735
2703 -4595
127 -2593
-852 1058
-4146 4131
2661 3791
-789 1601
-2719 -890
-2309 -2283
1014 3143
-2334 -3385
2743 3287
4391 -38
-941 -3319
-3302 -2391
4009 -2724
1898 -2161
-4370 -2226
-4024 -1038
-905 -2950
-2654 959
4454 -2987
-2359 -1206
-1522 -2282
2958 4443
3751 -2497
-3080 -2487
-2201 1532
-3915 3430
4129 2260
3349 2004
-2857 2928
1700 66
-66 -3689
957 -4130
-1187 1897
4503 1237
3888 -4035
-2813 3935
572 -237
-2072 -1495
-822 863
-64 4414
3681 -1931
1384 -2486
4217 -523
3489 -3614
2098 -3971
-1110 912
-3122 -2963
2103 -1075
4367 2673
2944 -1710
-819 402
-2964 -213
3979 -676
-944 517
239 -2169
1969 2565
300 1930
-2233 1850
-4508 1546
-1159 1610
-318 -2079
160 3758
-651 2493
793 1458
2231 3678
-2075 -2387
1143 1755
4092 -2560
462 3502
2540 -1146
2103 230
-488 2015
-97 2369
-720 -2479
-2604 -3950
4421 1321
470 3947
-38 -4014
-387 -4481
-3696 -4544
-676 3591
2778 3375
-77 -329
-1292 2394
4555 -3644
923 -3485
-4549 4422
2586 -314
-3734 2356
127 -2518
2128 -588
-2980 1179
3784 3732
-1743 -2992
2172 -1097
-744 -838
955 2523
2055 -1986
-1581 2453
3897 1352
4477 -2884
2003 -4098
491 -3078
3351 -1078
-1004 -819
3362 -283
28 3298
3963 -1607
-4251 3752
2184 -1818
3720 -642
1369 4189
275 2169
-243 -2278
2022 2202
474 -2706
-1843 1125
4051 4287
2067 -894
2199 3756
-3483 4158
-3330 -2113
-1952 -3094
1003 -442
-4330 -2977
2424 -2961
2998 2582
2709 -1468
-2392 -934
-3729 -140
1447 -1741
866 860
3940 -3337
920 -4411
-2542 3834
-643 -2931
4166 230
4051 3470
3739 749
-3521 3988
3494 -535
-2143 -3001
3750 -1369
4437 1064
3700 -1465
4413 -2961
3856 4534
-3554 -3552
21 2467
-1343 3234
485 -2832
-2020 3837
4187 3066
1821 -3387
2337 1555
-1802 -1447
-4412 -3406
4123 193
1580 3167
3858 -2835
-735 3343
3363 2725
1896 3965
-850 2579
4151 -2830
-2384 3743
1923 772
359 308
-1575 -4329
2483 -1125
533 -151
1009 803
-3605 2888
94 2592
704 -156
972 -3790
-1976 -4543
-3899 -3666
226 -2758
2608 -3401
-738 -1779
4469 -4213
-3401 -2951
-2779 248
-1089 3278
2924 1073
-1037 -4553
4280 3218
-3988 3875
-3776 618
-3786 4558
-1873 -607
1649 2885
-4459 -577
-1650 -1348
767 -1952
-619 -4085
522 -1231
3600 3734
-3883 -3696
2369 -4234
-700 3835
3778 2845
4067 2526
-1146 1702
4017 70
-4578 3220
1957 -2570
3011 3243
3774 -2203
3346 -2574
-385 -2047
-1749 120
4322 -1508
-3215 3627
-3067 -4338
3801 3945
4219 -3961
3742 4514
-3206 3747
1021 -1383
-1407 -251
-4471 2219
49 -1830
916 4397
2803 3893
-1100 4167
3599 809
3051 -2689
-1428 -3667
3180 -3800
-2713 2807
3180 -1021
1837 -41
-4404 -1517
3620 -1075
-2424 1145
3139 -4228
368 -1612
4276 1298
-1245 -1377
2779 1889
-569 -1595
4366 4465
-3188 1885
-2661 -3692
1295 -3692
224 4585
-3952 4066
-2764 -882
2546 2231
-4073 3355
1295 -1030
885 -2600
2673 -2737
4459 2957
-3761 1850
538 -3709
-3872 -1980
-628 705
4331 -598
-4027 3651
-3477 -1585
-3374 3555
3203 -3138
3714 -2767
3046 3682
-2121 2130
-644 1303
-3445 -841
-3775 -3140
-2091 2641
1854 3228
-4360 -1567
-2720 2196
3609 -3465
4002 2502
-3084 -1916
-2355 -1697
-4104 -1547
1499 -1832
-4422 -3344
-123 -2707
-1892 166
4291 1975
-2669 1254
-492 1330
2875 3216
1597 -231
-496 -3126
-2698 1058
-758 960
-1680 -1257
1009 1382
-4359 -1313
3771 3749
4135 -2659
1218 -2475
-478 4036
1682 935
-3134 2000
-3878 -4495
-1128 133
707 4024
3617 -3502
845 3692
3269 -3189
-2084 -4319
3906 1916
1115 54
-7 -1270
2418 -2089
-3948 -405
-3888 -789
3056 1704
1587 -3294
40 -2340
3117 -450
4382 -4507
-110 -3708
2365 -285
-2182 1888
-647 -427
4192 65
-2170 4488
-3579 -892
3690 4263
-2768 2752
419 2001
493 4061
-675 -4511
-1508 -2131
-1157 -1519
-3143 1380
-2419 4570
1198 -2358
234 3343
-4360 -3730
-3660 -2069
-329 441
4218 -3283
-146 4521
-3463 3494
1532 -495
236 -601
4554 -4150
-2780 -1126
4429 181
532 1510
-2815 -1839
1133 -474
1952 -3101
3901 -4018
-2655 2259
672 -3832
3011 1274
-817 -2714
1793 -1179
-844 226
-4028 3566
221 1784
-2874 3319
-4134 -1573
2770 292
-4125 -4500
2516 542
3595 -2914
2558 2401
4573 -2144
-3193 184
4176 -1392
3464 -4144
2031 3426
483 1744
-1903 3374
625 3568
-994 -1174
-3338 431
3095 3690
2496 4379
-3697 4172
3004 2494
-3136 3204
-3036 611
-2670 -1124
1684 2276
3692 -3742
-2113 3683
3191 -1445
-2054 4418
2839 376
2199 3927
427 260
1733 2111
1040 -1830
2776 2283
-210 3012
-4009 -581
-2470 -3166
2204 -181
2765 182
3457 2366
-4593 1743
2475 -250
-4374 -1012
-1813 -2172
3902 -2687
3124 -3889
-476 -4199
-987 -3305
-3201 3022
-3360 -857
-4181 3932
3776 -626
-3061 -1213
-1742 2553
-1066 2806
-4239 1481
-921 3753
2386 2520
-650 1779
-1483 3584
-2353 -3081
-641 -3411
-1574 131
1156 274
1826 -4148
4549 3324
243 4257
1681 -202
-3656 -4299
-1014 -1305
2790 -1383
4221 -1058
1778 -2622
-4338 -1373
-3745 -751
1556 -3394
4183 -2698
-2717 4301
-3049 -981
4199 2946
4414 -2604
-119 -1736
468 2402
-4391 3325
-1637 4305
-3408 -2319
-2460 373
-998 4155
-4087 -1652
2651 -1362
-3980 -4201
1952 -4320
-4423 2154
-3892 -2789
3896 -1093
2437 157
-333 4114
2294 -609
4106 -2551
700 -885
736 -13
365 -1386
269 485
2828 -4481
1156 4378
4142 3154
3134 -545
2989 -63
1153 -3527
166 -4437
-4567 -3972
-3584 -1249
3386 -3314
-1392 2971
-2047 217
3908 1665
1579 4051
4134 -528
3106 -3544
-1062 1207
-3316 -4394
1380 -1209
-4584 -2715
-1301 1225
3507 -1833
-3282 -1353
4597 2997
3214 -2290
3853 -3209
3974 1636
1250 656
2448 -57
-2262 -1504
2013 -580
-552 239
-2297 -1721
2900 1729
-4405 2453
-3171 -2467
4272 -1219
2401 1580
443 -2547
1487 4122
-4559 -1189
-1292 -2594
-3445 2218
1662 1911
-1430 792
3846 -536
-2747 3414
3312 3894
4380 -1938
-125 -3350
-2578 -2467
-3800 439
-3222 -2203
-1817 -3094
-949 -1168
-3445 -4198
-1092 1163
-2675 -3407
1694 -116
3936 1504
-3391 1073
86 4220
4188 1514
-2618 2735
-1657 -4140
4462 -2186
1830 1181
-2961 -1021
-3833 1095
-4124 1095
2368 -3245
-1005 1627
-570 -1937
-2097 -3209
3595 567
-1925 2413
2358 -1131
1834 -4386
-2705 -3507
2941 2385
-2585 -3457
2547 2247
2151 -4099
-3941 277
1387 3104
2401 -919
1751 1069
-4155 -2209
-895 3729
3639 -2798
-2708 -291
3403 -1152
-2870 -2186
2825 4037
529 -3060
-4270 529
-4285 -3553
3164 -1495
-2806 1422
789 3347
2399 4521
-1527 -2314
-3825 4164
-2223 -2816
1302 -438
4417 -2312
-3075 80
4538 1129
-3094 4511
3404 -3101
4185 3476
-1125 -1434
-4213 4367
2934 -699
673 1698
3501 -2486
3681 1688
-4394 -957
2236 -4079
4388 -2200
-2048 2278
-2420 -4246
318 4328
55 -1533
3414 662
4284 384
3641 -2737
3340 -2841
-2960 458
-1205 2854
-2260 2977
3417 -62
4048 -3335
3424 3907
2056 -622
-603 -2159
-4073 -3633
1811 4243
1852 603
-1740 -2365
3485 278
2602 2723
3610 4405
1070 3296
-4314 -1371
3025 2530
-4204 2191
3639 3451
-2840 397
-733 -1124
3877 -1711
3333 3912
-264 -2370
-275 -2273
-1563 -3507
-3151 -449
-1688 -1191
-527 -2246
-2913 -2930
2033 2834
-3824 834
-3812 -1222
4027 3644
1158 280
1932 1392
1287 1095
3760 -4221
-263 -4461
-3492 -570
2335 -809
-2213 58
1688 -3444
-1788 -1842
645 3189
1799 -718
-1638 -242
-2661 -316
1949 4167
-3175 1188
-2420 -1126
3254 1085
-3329 4083
-4408 1706
1644 2350
-1522 4039
-3753 3428
1397 3166
1877 -412
1295 -2789
1059 -1619
-2236 1845
4396 2524
-786 1723
-1382 -4460
-893 -486
2934 -2972
-3804 -3685
927 -557
1771 3924
788 -399
-4223 1083
3526 3934
-978 3925
2312 3263
2021 3051
-695 2384
-4078 -850
-2166 3529
2992 -2156
-1430 -2762
-850 930
-4194 3321
-4281 891
-90 874
-4172 -2969
1888 -841
3516 3488
-3305 3686
2236 3818
3363 -747
2061 -1511
-4030 -2073
-1296 671
1164 -2354
4055 368
1183 1048
1704 3651
-3859 -3562
2694 -4127
4509 -3104
2100 4236
4044 -4381
778 2928
-5 642
-2473 -2063
1237 1157
-4138 3869
3500 -4331
-333 -1208
-181 3084
-3493 -341
3267 -1151
630 2379
2371 -2807
-186 1731
-2731 -2147
4554 319
