-1505 -993
2264 38
809 -1612
-493 -540
907 849
-1152 894
1314 1636
929 391
483 -2801
-1058 -345
3028 1399
1179 83
-919 -1947
-1958 796
1267 1514
-2311 3033
2543 2289
797 695
1407 -24
-778 -464
-2417 2833
-2655 1546
2300 -1692
-3078 778
654 864
-1082 2490
775 2853
-312 -1453
-141 1414
-2472 -470
167 -2710
-562 -302
2991 1403
1242 2606
1222 -2610
-23 1952
-2737 1337
557 -870
-1364 3046
2924 2283
-281 -962
1888 -578
1858 -1109
724 522
770 -283
-823 -2716
1141 1390
-2713 -430
1589 -2326
-2050 2839
-253 3092
-2226 -1058
444 -1982
-3089 2551
-816 980
-2589 -1467
1658 -401
1104 483
-475 -102
702 17
-1641 -1742
-361 -1205
-2259 1341
-1353 1086
-410 2858
-2493 239
-395 1847
431 -2171
274 2336
387 -833
226 1979
701 -239
-1321 -2892
1672 -2730
1448 -2544
587 1510
176 -1016
-2314 1316
-530 -99
-2338 -635
-2728 -1766
2861 -1219
1629 -114
-2053 -225
-2039 -2765
942 1907
2623 -2778
-781 -459
2500 858
-751 -1942
770 1877
1835 -532
-2424 -2069
1190 -863
113 -2810
-569 -2897
1211 611
-1010 60
1468 1227
2608 -1333
1129 -661
-2947 -1222
-493 -2107
1483 -1136
2809 2477
-2519 2479
-1711 708
-2315 2809
2037 2807
-1537 2029
-2781 -825
2383 -1557
2103 -280
2111 -2648
153 -2048
-2339 162
-1061 2927
-1174 3079
2741 1048
2664 768
1653 874
2205 2544
1397 -632
-3012 -1072
2458 2540
-678 -525
715 2902
806 -1835
-2467 2527
-1137 2195
-2384 -781
-886 -1118
732 -153
1653 -193
2722 419
282 319
-213 -2250
-1413 -2384
-218 1345
0 -144
-1617 358
-2864 811
-295 1880
1314 -2751
-2302 -1475
-1389 -1844
151 -164
1304 547
1852 967
-1376 -1024
-2068 -1225
-946 938
-3034 837
-1987 -1468
-1548 2346
521 -3021
-2410 -1165
597 2554
-1023 -790
-2523 1379
1678 943
524 1513
-1564 -21
-1588 2278
595 -2791
670 -2489
1239 -2981
-1303 1283
1 -2288
-261 2276
2737 -1610
1977 -2091
2822 -1129
-1141 650
1292 -2532
1794 2393
62 2737
-604 -484
2888 1666
1319 -770
-1872 2695
2480 -1514
-1843 -2740
1874 2274
1349 -662
-2518 -789
-1370 1644
-2141 2893
80 242
2608 -1907
-2586 2542
-1376 -1507
-2287 2309
-798 1772
-7 573
224 -1013
-65 272
-444 901
-359 1210
-1098 -2919
2662 -1627
-40 434
2868 2035
-2889 1391
-1956 -2516
-92 1677
1079 -1987
-2153 -2607
891 -217
-2774 211
-3045 -1991
-2998 306
240 171
607 -2770
-2757 -2249
-2610 -157
2681 -2784
-2807 -1479
2982 -1417
1466 1182
866 2123
365 1719
-1266 1683
-2897 2429
-266 1032
731 -1234
-275 2025
1917 -1789
-1039 1021
-1872 -2708
415 1629
-2352 1554
-912 411
2737 -2020
-1917 1294
2940 -2961
1103 -1717
274 2908
0 -334
1359 214
1862 -1538
1772 1230
-1242 -899
890 3024
1612 2014
2479 -2100
966 726
632 1894
-1907 2400
-1710 -2310
-2201 -2580
1458 2936
-1001 -995
-1110 923
2916 -191
637 -562
-631 2922
-3033 658
-267 1751
-1296 -1027
2175 -1979
-3034 -2560
1057 -2139
-1151 -795
792 1620
-2380 -335
-2025 -165
-749 -968
-1479 -1251
-2341 -2209
-2089 -113
-1111 3023
-673 2799
2614 1307
17 -1496
1765 -2684
-1500 1047
-172 -395
-641 -1658
-202 617
-2739 -2443
472 780
1304 -2204
2985 -2031
-1259 1828
1005 196
-1878 727
1015 432
69 -967
-3035 -1260
-2319 -1587
2426 -1949
3064 1259
-2396 88
-2645 -914
1379 2737
-607 1745
-2393 -1552
2324 2227
2656 1152
-826 2798
61 745
3087 2296
1448 -1278
6 -1708
435 -1331
2061 2737
2036 2744
-510 -2260
-2164 -387
990 -2132
-161 -1329
906 724
2190 -2167
-1244 -425
1625 -37
457 -603
1341 -2025
1168 1329
-925 -659
1799 1506
2380 158
2482 2955
-1638 -2068
-208 -199
2722 -83
-915 -2070
-731 -996
889 1134
2145 2035
-1811 190
-1397 -2878
390 829
1180 -689
-1677 2916
1305 1294
-516 140
1010 -1026
516 -1066
-657 2051
-2204 -1146
2930 1294
-929 1739
-2143 -1467
-2109 1968
837 -2391
1530 1487
2186 -1387
-2286 412
-1085 782
-1160 2630
-1294 -357
-1864 -1180
1460 -1326
401 53
1207 2345
-1508 -2383
-2254 1676
2309 98
490 344
-2029 -622
-2676 -2569
390 2230
-2646 943
-2555 -638
-794 -715
12 1214
-3030 -2045
-2101 2305
3006 -1535
1003 3072
-861 -1303
-653 -2515
-1821 -2731
-462 0
1900 -1954
-501 -782
-855 -1665
824 -219
292 -1431
-835 1126
-2669 181
771 2211
840 -2483
-1845 -2176
238 1194
1737 2554
-520 -582
-2037 -163
628 -2862
-1130 -1769
2363 2937
-1902 152
-534 2271
-978 1290
-3008 -950
-751 1084
-2992 1674
-544 -1253
-407 484
-2956 941
-1826 -1895
-2371 2829
2498 2
1285 2707
-721 2144
-446 -60
153 -1644
-657 -3092
-826 1845
1945 -748
1177 2578
852 2576
-1223 -693
-653 -936
-2552 2185
-1265 -2408
-2072 -1474
729 522
-897 606
-835 -1007
58 -2165
-1727 1534
-2061 937
2004 -2531
-479 -1622
-72 -1811
2204 1641
646 -2701
2335 -1768
-2856 -2196
2158 -2620
-2549 -751
2534 -874
1082 -381
99 299
1461 1020
-1047 -1532
-3001 -54
-1667 -539
1451 -1567
2513 2932
2804 -498
1285 835
1897 3035
-1986 2215
-2209 -1563
2725 456
240 457
-485 -1890
-2560 -2916
-1192 -950
2308 -1540
-953 -391
-5 -2767
995 618
789 -890
461 1691
-2991 264
-313 1036
-1892 -2441
-2990 -1996
-143 49
-1721 -1004
1694 -90
788 -1432
-1473 1035
-2778 1269
1721 -1612
-1855 459
-33 540
1281 1951
-1234 -1423
-1930 -2722
-2789 -229
857 -2482
1593 2853
1169 -2972
1062 -1925
-2503 1866
-2576 -1733
-2647 971
1056 864
2721 2306
-2247 -1299
2717 2949
2968 -1190
2837 -2675
-2191 476
-1121 2026
307 1424
1725 -1788
-776 -2681
-883 -1928
-841 -1028
985 2087
-922 -2461
2293 -2773
295 902
1539 1286
-1194 280
12 -33
-946 3029
759 2558
1229 770
-538 1808
2965 -2411
-2070 133
2700 3099
1134 1074
551 -734
-2398 -2973
1315 2012
2357 -2735
2180 -157
1966 -3095
293 2109
-92 2344
2679 1252
-2716 2006
-432 1835
-2432 2005
2107 -618
3003 -1656
1196 1376
1199 -2301
-514 -2877
-473 -2242
-70 2123
-2130 1395
-217 2711
-1482 -2834
43 -2071
-2280 -800
1657 1943
441 2089
1887 -2876
1814 632
-3043 -183
922 2667
2338 -1991
2555 635
2167 -713
-1708 2763
-883 -2914
799 -992
923 -2813
-353 -319
2862 -742
556 414
658 -1704
-539 -431
422 756
-469 210
-1175 502
-617 158
338 -2283
1454 70
2846 -1440
2954 -2006
1698 466
-2815 -189
1539 -332
1201 -1697
1842 -2044
-569 78
-1933 2280
-2490 980
-1223 -1921
553 2588
-947 2686
-2159 -280
1482 -1574
-2772 2289
-1360 2439
-776 1865
894 -2285
-2104 -1562
-2200 -2501
-1353 -2475
-1579 -1464
-1296 -2733
1577 -336
2602 212
-1734 -3040
1966 -880
500 -149
503 -2331
1560 -447
-2275 1641
-288 1294
-3070 220
-1555 -1765
-2045 2591
-233 -1866
814 -2582
-813 2427
-2495 -220
1957 -446
1445 1034
-1782 45
-2201 -416
991 2853
-137 654
2055 -554
1488 -2548
-2396 103
-1546 627
-521 2211
-594 745
-2981 -738
1826 -1274
1846 -5
-2522 -1571
-2059 -1283
3037 -2221
-2179 -2840
2662 656
3097 -1571
-1019 523
3070 571
92 77
-2891 2133
-298 1437
2736 -5
-1466 -410
208 -2327
-2051 -2896
1327 1295
-309 -1327
-2113 -2970
-2977 968
-485 2651
2555 -659
681 2229
-1866 338
-2178 -2341
614 1322
101 374
-1171 -410
-1452 -2186
-571 1026
-2616 -319
-189 -2487
-2562 196
3091 -1999
-1820 2091
386 2495
1542 1305
193 1731
-2008 1822
1591 -1453
-336 -1619
73 2196
-2883 1521
314 -36
-658 1664
-1891 -673
-1352 2092
2760 -836
-2122 2038
-1683 2071
384 -1822
307 -1846
-1756 1183
-86 2343
-707 434
1162 -508
2480 2197
-1390 -1172
-2327 1907
1985 1486
-2669 2729
-811 -1581
1778 -472
2183 601
-2002 -2949
241 -1004
-1052 -2651
-2244 -684
503 1232
310 2185
66 247
-1525 684
-1582 -653
1812 920
156 2186
2193 -2816
-1878 1554
3094 -256
2795 -510
-2037 158
-693 -2690
1490 -2826
1450 -890
3043 2763
1947 -2369
835 -2621
-1654 -360
-2184 221
-2837 2376
-194 2166
445 -1235
2337 587
95 2779
1036 -2151
1868 1785
487 -2063
-1467 860
1892 2680
811 1214
1927 -733
2490 -2104
-2463 333
1407 -1812
519 -451
-2814 -1358
-2525 1808
2089 1584
-1458 -710
125 -990
2524 2339
-1609 -1905
1020 -647
3032 776
2286 -1796
-1356 -374
-2346 2313
2431 -672
-1046 474
3012 -2994
905 1578
1917 -2663
2849 2948
-2963 -2343
-325 3043
847 -356
2439 -623
-11 -2109
-591 1631
-1851 1970
-121 -2074
-851 2422
-1240 -2210
-1899 20
160 909
-604 644
2363 -2041
291 -2512
-1561 9
-2489 2941
-2668 422
885 -747
-752 1521
2090 110
2344 450
2918 2366
-2455 -1438
-1621 1857
2225 607
-2344 -997
1762 855
606 1933
-2209 1288
-1583 890
902 -1255
1239 -2015
-647 -2374
-981 -2897
2374 -61
39 -2624
-1620 -1877
-2862 405
2291 143
-164 -2437
2973 1285
1230 -2054
-567 -1789
0 -623
1182 -1714
-2977 1799
-1707 600
1635 1497
2901 3023
-93 -366
-2279 -1259
2762 361
2683 947
-1236 -2087
458 -2639
621 2710
-1285 879
1229 -1786
-187 -122
1077 -2498
165 -2496
1436 2965
428 1026
-480 2888
89 874
2761 -317
1526 1288
-1618 1718
-2036 -500
278 -1686
2678 -2763
-2252 2120
2552 -2140
2773 -535
753 2638
2474 2546
3088 -2002
2122 2227
-2171 1735
-2196 1749
-2451 968
-2234 665
-2000 -1958
1982 -2662
918 70
-403 193
-2622 1174
2179 -1287
1329 1340
2301 -199
-2093 374
-3096 1114
857 2943
162 -753
2792 -287
-2288 -715
358 3040
1247 -1102
2474 -651
-471 2978
57 1861
1524 -1384
-1164 935
-1351 -478
2331 2462
-1287 -2528
-928 -956
2645 2361
-1478 -2397
-2911 -2397
-967 2581
2764 -2502
-2479 -81
-599 -1525
2138 1604
-1274 -1967
457 523
2171 380
-2409 980
-3 -2950
931 -3081
-138 323
2888 2199
-2613 1145
-1185 -2959
-1326 2222
-1747 2109
-493 -83
-1417 831
-1044 2895
-2505 -1656
839 1046
1879 -547
-295 -2555
-802 -1049
-2314 1777
-605 2835
-387 -396
-2322 -1929
2412 -1480
-359 2392
1659 -220
-917 -1129
1778 1486
-2588 460
-1195 2041
1981 -911
-1140 -2007
-2972 -2172
461 -2321
2529 -1295
646 1817
2424 -395
-173 1107
-959 -2224
945 -1020
-691 2081
644 2625
-2845 -2543
-2648 -1406
-475 -850
369 -2100
-255 151
2014 2285
2363 -1192
1808 1388
-1762 107
1283 -1473
1865 -1543
2915 2084
2195 702
638 3053
-2877 -614
2715 1282
2938 -2962
1502 652
1355 -148
924 842
-2047 376
-159 -1441
-2530 668
1350 -2028
-245 2761
-1172 260
151 2995
-264 686
-2123 -1369
-1589 1455
1719 -1846
233 -919
-878 2071
541 -164
2086 441
869 2653
64 -154
2190 -424
2357 1898
1488 1337
1454 -1103
-562 -917
-1895 2277
2435 770
2175 1
2643 1771
-2447 2471
967 -1254
-1261 -2632
2290 -1839
-1581 -37
148 700
-746 118
206 -690
1333 1638
-3070 66
354 -1198
-743 -1381
2886 2639
-1750 -350
1135 -53
1116 913
-266 -716
-2222 2941
-545 -907
1310 -1081
-500 239
2426 -1135
-1832 -162
-2971 1956
-1390 1674
946 2127
773 2014
9 69
298 -923
-2151 2192
2294 1455
-1299 2505
-1182 -1645
1851 -2242
1392 1937
1482 -343
-3 2823
2203 -2381
-743 -1927
2867 2907
1067 -2419
-1212 536
1936 1054
1361 2166
3029 -2223
-1564 -720
976 903
796 -1364
139 -610
3086 -255
1720 2222
2930 -884
-1880 1305
-1704 -1951
2834 -779
614 2271
2569 2409
1832 2578
-466 -890
1016 2676
1257 2994
-2008 -2601
-2259 -79
-1673 2749
2702 -2100
225 -891
-3025 -2239
2902 -495
2801 -35
2648 1233
499 853
-193 1340
818 -2466
-2093 -1436
1221 -1729
2575 1462
1598 -714
-1329 200
-1231 218
-2325 -2707
-1783 -1182
1538 -2556
-651 1669
-1800 -2056
-981 2974
1112 2971
1105 1715
-853 613
-2823 2840
2336 346
284 1721
131 -1107
-591 -2717
-649 -2200
-786 -37
2576 708
2682 669
2260 -2572
-1283 1930
1549 -1965
1465 -1039
2565 2454
2476 -1126
165 -634
-1980 -327
-1041 784
436 -1131
1630 1991
2227 425
2126 1023
-911 -2105
-2438 -416
2732 -112
771 257
623 3098
-2459 -1795
-1819 2899
2783 95
1877 -1188
-2363 2965
-943 -2081
481 2959
-1219 1630
-2030 1154
-1013 -1955
1759 2813
2115 -993
1140 140
2715 2877
-2266 -1564
-2394 1365
-707 181
1123 378
-541 -3094
1832 -914
2543 751
2187 -743
-1206 1333
1310 1673
1852 -1997
-1046 -2817
1470 -3017
-2485 -3036
2748 684
-1064 2438
2975 1113
-2120 -1632
1290 430
-904 -1205
2579 1620
-1105 2513
-1605 1246
2915 -854
-2580 1668
2772 -2603
1389 -2409
-2167 182
-710 -1492
-852 1476
433 2797
-1161 -874
524 -1021
-228 -2051
1960 1735
-982 -485
2943 2174
-1239 1929
-1711 728
-2086 2768
2135 -914
-932 -2333
2053 2162
1215 2409
752 -2812
-584 -974
2898 -713
-1650 -629
1991 -1107
-1305 -1728
2997 1529
552 2575
-1966 729
1944 -2518
-1869 2954
331 -877
722 1083
1205 2305
1980 263
-17 -2263
2146 -357
-902 1936
2090 874
-2039 2747
2306 -1920
1886 -2122
-2156 379
-2918 543
840 650
-2809 3075
-404 -2975
861 -1337
79 2500
1218 2725
-175 792
3048 -2028
106 -1537
1549 -200
-3058 2445
1765 -3011
-998 -2931
1282 -2905
-1084 -377
3030 -1288
631 1232
-151 -1422
-2555 -1190
-1450 -1908
2879 -774
1607 2714
-2040 413
-2734 -1964
2762 -1285
2242 -756
60 445
-546 -2044
643 1778
-2445 1002
-1819 538
2141 -339
-326 174
-1213 1362
-607 913
2157 2504
-1819 -2732
2956 -2630
1033 2112
1872 -1507
-963 2589
-1542 -2939
2571 -578
-562 -1850
-379 2358
887 -858
-2508 -1105
2698 1759
1904 -2390
-2138 3009
-2079 -1400
2076 -520
-3015 -1436
-714 -3010
-2532 -1896
494 -1369
-2309 1804
533 -1720
2502 1518
1550 -2615
2277 -3023
2310 2574
-2944 -381
1304 -776
-3042 1676
-3062 550
-557 -1342
-414 2918
1148 746
-246 2902
-1686 -2311
-1308 -2707
-282 2554
1253 -1412
-2467 -2475
2275 -2200
-1403 -1439
2378 1893
-2132 2035
-2196 2314
1527 -1547
-742 -1727
-780 -1177
470 -757
-1360 -1540
2319 -2743
-2945 862
2460 1449
-2903 2414
2596 -695
-2126 2866
1537 431
1632 -318
-1993 1185
-511 -948
-643 -2901
3097 -2176
1755 -1341
1229 -250
-2219 529
-2454 -1383
-53 2554
-839 -1727
-1716 -861
-2117 -210
621 -894
-2680 2156
-1361 -2875
1697 999
1843 -2259
-630 2682
1266 -249
-1792 313
-668 1094
2376 -70
-457 9
-362 17
756 140
-2615 -2472
2927 2134
-2942 -1282
2920 -303
1627 682
2146 1203
2696 -2152
1210 514
-66 2941
353 805
1278 2661
3064 2109
3060 -1638
2222 -2694
275 -685
139 -967
-1774 1450
-3003 -2816
-1478 2819
-1993 631
2668 3057
-2070 -912
-1991 -626
-820 535
-1397 2667
-2521 -2233
-818 -1255
-2013 -2819
689 -1229
2940 425
2266 -1478
-2195 910
321 291
2626 -2015
1448 -1601
657 1893
-2491 -385
-651 2659
-2475 -375
1401 -1329
-2029 -1892
1616 -1743
362 659
1597 2675
-2849 2981
830 -1695
278 1680
-2208 -2346
-790 2681
1540 -486
573 1099
-387 1813
2853 -2250
-211 -2219
426 -207
-1708 -2269
-1058 -1745
-1712 -74
-1291 -656
-66 -1245
1617 -363
-47 3095
-2204 678
-2376 1423
-175 -57
-2753 2105
443 -1301
-189 2743
2840 -983
1151 -243
527 997
-1641 2336
1598 2324
124 2903
977 1154
2988 -2181
-2276 -2134
1355 1014
826 -195
-2386 1900
-445 143
-1815 -113
216 864
-2010 -320
-2425 2574
487 -1241
-648 -1372
1083 1725
1432 -2608
-198 -995
-37 -2204
2479 2904
-927 504
2892 -2270
770 -1531
-678 -531
-2356 1709
2431 1747
-1395 -2543
-2971 1438
-2574 -2215
2988 -213
2169 3030
2356 -2486
-472 970
-1092 -317
-1182 -206
-632 -1362
903 -2528
576 -2897
2216 265
-639 2754
-58 -422
2545 -1919
369 -1027
-2963 -2421
258 1748
-679 2190
-3018 -250
1452 2006
1878 -251
1173 -2666
-272 -2878
1924 -473
1511 -2120
-2301 83
2710 -1215
-2849 2910
411 -893
-1828 -2747
-424 -2043
402 1269
1235 -790
315 -668
-2943 -1885
-2836 861
1677 1468
1042 2554
331 1978
552 611
407 1712
3088 -1049
-1137 2177
-1973 -951
1380 531
-2213 1637
1578 144
-214 723
-2052 1794
-1196 -1597
-1792 776
-2118 -2103
336 1561
-1399 2342
-2108 115
-45 -2134
-1965 -2159
-73 -2094
200 -2727
-705 431
-1859 -2624
-2800 -2403
-3021 1370
-1341 -1039
-2892 -2787
1203 -1605
-365 -395
2227 -550
-932 930
-2553 452
1218 2909
-2953 -2260
-2962 794
2905 -1991
1189 2035
2637 -797
2304 1203
3006 2804
-886 -2986
2402 -661
-2006 -806
-1339 616
1503 -2083
-166 292
-1789 479
-2081 -2698
739 1792
-2365 -2736
-1125 2282
-856 2279
-1817 1783
-2931 477
-1490 -268
1782 -2666
2507 -799
-1449 -1181
2234 -207
1732 2155
-2118 -2928
-1524 2091
-1888 -2798
-1931 2421
2123 -1372
-2572 2890
1981 -1337
2245 -2468
1732 -1446
-756 -1825
1866 -2915
-961 -1121
-1336 -238
578 1397
354 -2373
2226 -2900
2224 -2991
-3051 2414
1547 406
2389 -1133
-552 432
1805 1300
1491 1360
2517 -232
851 10
2310 2002
-834 -195
-2284 -3060
-382 2923
252 2074
-2937 2872
-1413 -2096
3 -1662
2905 -2303
-889 -94
1085 2166
-474 -2940
-2456 -56
2897 -757
-671 1922
-2979 -2485
717 -2201
-2970 -1795
3038 149
1027 -2430
2121 -2825
888 414
-1967 2505
2097 -228
2632 145
-470 -2256
501 3026
-1825 2421
473 939
68 -3066
-2181 -2445
2548 1533
-2027 2409
-2785 -1116
-2084 -1644
2624 -764
-2442 2426
2980 1337
1644 191
522 -2874
581 408
-449 -1916
-705 -1608
1439 -1934
-691 1328
-1784 -1111
969 -115
-2920 -1990
-2656 2331
-1736 2974
484 646
-791 660
2353 -1818
841 2969
-2797 -2383
117 2445
-1547 -23
-1234 -1364
-2840 -759
-1239 2299
206 1068
1204 1210
-2992 391
-2744 -731
319 -705
-1288 -1638
-782 533
-2005 -1706
2864 187
-1181 81
-3024 2970
2177 2702
624 1751
-2610 2242
-1092 2748
-297 -1727
-1507 178
426 -2576
-2027 -2846
-2278 -2714
413 1597
1835 3029
1166 -1521
309 1738
2902 1713
-2251 -2369
2651 -707
2038 631
2534 2151
1787 -988
1482 -3014
-2183 -2
1526 -2554
2407 -1810
-771 -60
488 -897
-2880 -1605
-2839 -1621
1165 1176
-2759 1361
-2221 -2176
-1460 253
2833 -59
612 1318
-790 -2824
556 -402
1144 -1823
-1928 2129
-2681 3065
2178 2981
2524 -348
2439 1785
-981 -2470
-692 475
2179 -2418
-2172 -562
-502 -1203
1122 -2885
3071 207
-1130 342
1549 2409
-2053 1833
2189 2700
2418 -510
-896 -2955
1587 -1896
-2791 1315
2991 -56
-2562 2924
1603 2665
5 -1513
3013 -545
1500 1702
-1268 -2103
1651 -1310
73 -1741
-1644 194
-756 2314
2427 2648
-3083 1944
-1545 746
-1832 -341
-1212 2824
900 992
-2551 -286
-573 329
520 -2943
-257 -3037
759 724
-1449 2152
-2068 1600
1166 -1957
513 -70
-2301 -2866
-1195 2927
2403 1229
552 1193
350 -1131
2244 30
-1173 -1435
830 2928
2716 -1411
1282 -896
0 2978
2821 -966
502 1194
2231 -2359
-1897 -2123
-76 737
201 2757
776 2713
2714 1328
-992 909
835 1946
-1104 -413
-2960 -2923
2976 2334
421 2965
-519 -879
815 733
-2600 -2591
2387 141
-2332 2613
-1070 -2109
-1818 -927
-1291 -2135
1838 -2941
-1539 798
1822 1123
1097 -2881
1003 2339
1076 642
-2457 1816
903 -809
1433 1255
1609 -3021
-2482 3013
375 -1885
2742 192
1227 2248
-391 -2114
-972 -3074
2196 -1358
342 1444
-3083 -1085
259 -2413
-256 669
-45 -2664
1260 -1684
-507 2758
2639 -1554
-1716 430
-393 2518
-2753 981
-920 2038
2090 -2012
-364 -1271
1536 1337
1992 -923
-772 -51
-208 -1689
-2092 -743
-889 2182
1727 806
-307 -486
-2811 -1562
377 2694
-2525 1779
943 -1227
-218 -1548
-2887 -2133
-2738 -2591
-469 1620
2067 1704
2280 -35
-229 -356
-2651 -1861
-1549 2004
1785 -843
2397 440
-64 -332
2311 -874
1656 2502
1348 -1364
47 -573
-901 -1478
-2078 62
413 1414
-2117 255
533 271
1347 2100
-217 -956
-1337 19
-1557 1496
2745 1527
-228 -121
-1923 399
2709 859
1714 2446
143 -2767
-1375 911
2151 1471
21 3048
1990 1599
2232 -2634
-1296 -2294
-1205 2425
2156 514
491 -681
242 1160
3027 -2964
2672 1276
-2196 2027
1509 1372
1269 2308
-2726 -2921
-1142 -1247
2761 207
1498 5
-2215 2483
-1149 3028
-464 30
1156 -1269
-2662 1906
-2244 2445
2434 905
238 -284
-1703 -2678
-445 2655
-1384 1600
516 2554
-1231 1956
2253 -548
-2387 757
-2502 1132
474 1909
-1528 -2669
1849 2308
-1921 2116
-3057 2125
1746 2297
-2011 -209
-780 738
1725 1991
-2569 -1193
-1427 2538
882 -1034
-1922 1478
-2365 2904
-2406 917
-2141 -2329
-3093 -2226
2975 -21
2758 -1326
2041 1389
733 2062
-2098 -1337
-1220 247
-541 1403
1580 2276
2447 8
1356 -2547
2121 -2582
-391 -2416
281 -1223
-2718 1447
2906 1864
-67 2521
-1584 -1143
1645 111
2835 -2775
2342 867
-1879 1564
-347 1449
2650 -1916
238 -1764
-858 1530
936 2833
965 -790
429 1589
-369 1625
1790 213
-613 1684
2591 -2818
-799 -2059
-509 -2005
-2013 665
2734 -20
1635 -1036
-163 430
-2987 -289
-215 1213
2929 2069
-2224 -2092
-2474 341
-1686 1798
1513 775
-643 284
1351 -2312
2043 -1444
830 -1443
-248 -2633
-72 2179
440 2498
826 401
1107 956
-1057 -2776
1925 2605
1210 -1814
481 2090
-2958 -1451
1338 843
-2449 -1462
-2521 979
-400 -1959
257 -2240
2369 793
-1613 2168
1328 -1939
1919 1715
992 1604
1312 -854
-2964 2756
-2953 -30
1424 -1114
-1988 -1001
780 1875
1826 -1209
-1900 386
-1387 2858
-539 2683
38 -489
-516 262
238 2029
-2233 -211
2484 2186
-1730 225
1825 1637
3042 -2615
-1775 -109
56 -1638
1622 -1596
-1512 1610
1450 2592
-1457 481
2206 1870
-1863 1447
2618 965
-2382 -1192
-240 -2206
-444 1529
-224 -1038
2498 748
-2033 1914
-1014 -1789
2379 -2404
2795 -124
1580 541
-414 2561
671 -110
2933 -258
2094 -2552
784 -1480
589 -3089
1927 -1833
487 -2397
1713 -1210
2578 1756
-355 2333
1969 1570
-2581 3013
2592 1514
2837 -2205
-194 -827
-2276 -913
2142 2556
-408 665
-2161 2151
958 1264
-2816 -1099
2565 1383
-1122 2132
-1103 2425
-2203 -1314
2565 612
-706 2130
-2161 -1565
1957 -2601
-2057 -1621
680 -1417
-1120 2275
-2950 -1187
242 -2490
1413 -2934
-209 -1812
2310 146
-1297 -2832
677 -2425
1866 -1610
-424 2129
-2069 -2756
-507 -1574
451 721
-2002 780
2841 -1286
-2799 1148
1406 474
2613 -136
113 -993
2052 342
1935 452
-856 -2244
-682 1602
1657 -235
-280 2044
771 -3027
86 -1394
1826 -1695
2880 -1177
-384 -611
1193 -1801
2077 2638
2436 1970
1932 1310
1579 3040
834 900
653 -1848
-952 -2079
723 2211
884 669
-1941 2409
373 1968
1081 -2556
-370 513
-1568 -1774
2213 2512
-1714 -819
-205 1475
-373 -1380
-3018 1894
2151 -2327
-2772 -935
1646 -1282
-1130 -2143
2850 2763
-3045 -2980
2919 969
1479 2474
2826 -524
-1376 -1092
702 -1849
1541 -1083
898 2941
-595 -2858
660 -776
1157 -995
2622 909
1976 -834
-1149 -1307
1770 291
2277 1436
-1830 1887
47 2427
-1590 2523
1222 1930
-412 626
1547 1292
2914 -3097
-1295 1035
2087 2536
-2901 2463
2375 -1873
-1835 2830
1945 -2518
1368 448
2407 -1494
-789 1530
-2937 2027
-2282 810
2586 -2149
2819 -1546
1166 2413
-1208 314
967 -2275
3027 -830
1251 2085
1776 2375
2118 -960
1964 2259
904 2736
-42 -552
-1529 116
-183 -1079
2278 -2650
2914 -1876
1750 72
-356 -2046
-1956 -516
686 3086
-1832 1551
346 -756
2784 -1804
956 1584
229 2176
2225 1586
-124 2343
-2929 -2133
-2432 2824
1503 2076
-2398 -1440
-947 -246
1335 410
1358 1598
-748 2145
929 -2521
68 2584
355 1534
-2739 -2734
1026 1277
-138 -2081
1306 -3056
-2380 -1601
1238 1156
853 2695
-1648 -2182
1731 1539
-346 -976
-811 -3032
791 -35
-1561 -1827
-1378 -1694
-273 -1885
-1233 2232
1888 -2759
2348 -1059
1573 848
616 928
-1124 1830
-1788 -2433
620 -2198
492 -773
-586 476
-1828 500
-958 -1242
2993 2735
1484 -2681
1181 2816
852 -856
-2533 -1272
-1379 1523
-539 32
-1021 -1247
-544 -1325
-643 -2909
-1956 1206
-1969 -386
-754 2107
-1882 2550
-32 1442
734 278
64 1751
-133 2994
-2190 -2664
-874 -856
1422 2642
-2202 -2769
1426 216
735 2371
1613 -1524
-2916 1400
-3069 -2537
-2405 2532
1990 -1200
-539 764
31 -386
-1813 1037
-2879 -2394
1373 -2117
2694 2655
2252 170
-1460 -1377
-2040 -3004
-2065 141
-1699 -2498
-1288 -2838
-920 1545
2598 1571
-2986 -1612
406 -263
-3010 -2073
-538 2627
-2485 1833
2608 2993
373 -691
582 -3017
1974 -2868
3064 -2334
2994 1734
1347 -3033
-2776 -2152
-1506 2816
-1391 -2375
-760 929
-2839 -1333
2250 756
309 1185
-1314 1660
-489 2576
1579 -1991
-773 -1635
-714 1621
-2772 795
1344 -983
-2559 2148
-2698 2245
392 220
-1130 -2941
-2632 -1261
801 -1836
1212 2509
2685 1563
-1241 -491
-1563 2502
2259 1667
-1294 -1405
249 -225
-3055 824
250 357
-1668 -3007
-2257 380
2257 -644
-969 -2906
714 -1943
-1772 1640
421 -53
2936 -2753
564 939
1036 -1480
2278 2359
-890 -3073
846 2541
-763 1317
440 -419
847 1955
-2561 1777
-349 2228
-1397 1671
2444 3099
-2594 1106
-481 1926
2017 1167
1322 -2314
-2336 -297
1984 1075
2081 -788
2998 463
1171 -966
-879 -403
1960 2354
393 528
545 -247
1579 -1503
1495 704
1120 2485
-3080 1356
-2921 587
-2379 1644
-1828 155
-543 -980
510 1805
2244 2716
-2076 -689
2026 -1650
386 -2640
506 -415
-2206 2837
-2843 2185
-1498 -2494
-2931 2572
-430 -2688
2075 -522
236 -304
2068 -407
-2777 87
-1147 265
471 1789
2071 -2937
-2640 -1804
2151 1107
-756 -31
156 -880
1797 2424
-1495 2462
2211 -2848
-21 -2164
1125 1402
-1472 2684
-244 -342
2436 -955
-1354 -1238
-1327 235
695 -9
-1703 -1624
-1164 1866
-2150 65
-266 1019
-2517 -2785
1449 -474
-1193 3077
1117 1913
904 1073
492 -1347
107 2516
-675 -1997
2030 212
1267 -809
-1517 305
-1036 -1360
1556 2072
2053 -1027
-1893 2070
2602 513
1506 668
107 -2259
74 765
2205 -1993
2400 -985
2639 2071
2722 -2447
-1002 2133
-2281 -2392
162 -2640
1576 -1456
-2463 -2232
-1380 -37
-2437 -2912
-2140 1955
1908 -221
-582 923
1394 2239
1263 -2009
131 -1704
490 -583
-151 2789
1794 -910
-1215 218
2224 -1693
-1818 -183
-1298 1965
-2165 -2514
2957 -1091
376 -2714
2415 1385
1796 -2065
-1768 -703
2912 932
1386 -2620
-2515 1949
-1175 894
-89 1208
-1144 1162
-2410 1836
-239 -1628
441 -587
2944 -3044
2862 1821
1469 -2376
-1650 1270
-2383 -1740
-2393 2318
-197 2780
-2301 2980
-2037 -2293
1779 -949
-428 1501
72 2500
-2710 1722
-95 -426
2415 -1989
-2046 2184
-637 1816
2587 -699
1960 2233
1296 1447
2162 2458
1941 -2948
2189 2783
2036 -1740
-572 -2365
-780 1547
2076 2659
-264 1262
-370 552
-751 367
2692 -299
2412 1
1560 3087
-1930 876
1561 -26
-1334 -2645
-2519 -2659
-2116 -38
2564 -1183
-1985 -1023
1890 994
-1807 1371
3053 2233
2297 -1282
197 -1252
357 2602
1997 1652
1927 547
-1775 -1197
2339 -1183
109 2649
-645 1236
1736 1990
-843 -2950
1674 -1056
1634 2229
-1562 -1175
-73 -1715
-1660 1567
-46 2863
-2099 -264
-475 -446
-2724 -972
-1090 3064
404 -99
-575 1533
2666 -1362
-1307 1770
2812 -1378
245 2513
-2542 -3034
2273 -2475
2385 2555
1691 -1705
-1405 1661
-2757 -823
-1827 -551
-2508 2982
196 -896
-98 438
-2658 2186
-2073 1767
-1199 -558
2751 -2455
-1781 -2082
2460 2518
-1198 767
2888 639
-2303 -1854
1555 1207
-3053 899
-1058 -2738
-2131 2847
1488 86
2095 795
765 1440
651 -2956
-648 2118
-795 995
-1575 1081
-635 536
-1850 -287
-2539 208
-221 2235
2525 965
-1518 2139
199 528
-486 -1546
2707 -1401
-2175 -1214
2457 516
-1783 -1284
-2944 2291
-1013 -1268
-523 2320
-554 1016
179 -2644
-133 -2698
-2689 -1436
1095 -1377
-2071 638
188 769
-424 -707
-1095 2170
2868 -2709
429 173
1756 -397
2904 317
1861 1600
729 -2474
1238 926
958 224
3077 2268
2888 -2932
1768 2117
-2701 -724
722 419
1545 -246
-1181 2008
1290 1413
-268 3012
1740 -2688
2042 872
-1748 803
2394 -2951
2462 977
-2382 2168
-2355 -305
3075 -259
-1123 -1063
2752 -1095
1366 -1308
1486 2337
1730 -1525
441 -1304
2972 -1583
-3029 -1126
-453 374
2876 548
34 -2729
2178 1232
1584 2657
-2533 -849
-2812 2558
-1731 -703
-2705 2104
2189 1001
-2442 -588
-2880 76
-1865 757
-269 1056
424 -2948
-600 2281
578 1343
-1178 322
-280 740
-1535 -66
2087 1906
1539 -2419
-1898 1065
1837 -1421
-1228 1498
-2114 1569
-2882 -620
148 -1786
406 -679
-1108 -95
-108 2976
965 -2239
844 2252
-2923 2372
2345 -492
-1483 -3080
-1615 1474
-1181 -1225
96 2307
-170 -2462
1022 -1791
1932 1646
2536 -543
-18 2001
2666 -1012
-2051 -1453
-2468 538
-909 1525
-1470 1582
-532 -267
-2241 -1581
238 -1683
-2112 497
1584 2811
-2593 -301
-2733 1784
108 -954
-1328 1288
-1836 86
114 2510
650 -1958
-402 -1890
-1680 -575
-1833 -2590
2226 809
-1619 -795
1597 -2283
-840 -1491
1733 1433
1446 835
-1544 1800
-2380 2690
-545 -928
-2792 -1537
-1839 -490
1089 509
-1981 2137
-2995 3021
-713 2263
2198 -1669
-2667 96
-949 2429
-1373 -1772
-3039 -1395
-534 -53
1313 -85
-2518 695
2427 2429
1813 2861
-1334 1886
3014 -276
-2603 900
1803 2555
353 -2961
-879 -1423
2797 -2279
786 1738
2 901
-780 1902
-844 1650
2460 1135
-678 -158
-2689 -2281
60 -2818
2783 -2269
2213 2025
995 1602
735 2509
818 -591
2947 1430
-3086 -2522
-273 3094
-438 2759
-168 -2661
-1804 1502
1927 -3014
-1695 118
-894 2491
2674 -270
-554 -921
-1727 2899
211 -572
2166 1555
2814 1817
1405 1603
-1538 -1698
-1343 -70
-1809 2976
2304 1458
-654 -2403
-2799 2839
-895 1953
-278 1366
3026 -2078
2683 -1659
-2872 -2294
-286 2415
-262 -2578
-459 2142
1714 -1751
2740 -2654
-262 -1922
485 -2661
1481 -2628
-474 -699
-947 -2064
-2356 -1035
3092 -231
2053 2383
745 1630
-1749 291
1694 -2456
1229 -2574
2236 2554
-5 -558
-1211 1006
-1512 596
-2864 -3068
-1719 2710
-1025 -1210
-258 -1833
-1805 -1360
1382 1706
-842 2918
-1914 -2458
2748 361
58 -2620
-2257 1173
-2047 -2007
-2855 1789
923 2957
-2879 257
-1400 -115
-964 -2236
-1188 2752
-932 -2383
-1039 -855
1537 581
552 362
453 331
626 2063
1020 -1344
-2911 -68
-1804 219
-319 -2133
442 -2959
-548 1286
1532 1866
3070 1658
-514 1731
1434 -1681
1675 -2758
1329 2877
2907 -2857
-44 2535
-791 -915
-1566 -3048
-527 -1244
1082 -2565
-1027 -1149
2703 404
1774 -2131
-3007 -2465
1538 1688
2041 797
-2997 1329
-62 3020
-2922 1126
-2079 -944
1278 -1324
-2405 2122
49 -535
494 -523
2513 663
-426 1307
-2791 1628
360 2644
-96 -2876
-843 2876
-749 -1405
2252 2268
2519 -182
-1662 -32
-2693 1430
2871 866
-189 2724
-2246 -1544
-912 2577
1250 -1196
-1021 -2457
-2746 2430
-1379 2905
1361 -480
2531 -2263
-1388 672
1637 2865
-757 933
-710 1200
-2768 -720
892 184
-1924 382
235 2990
835 -1612
1750 911
-3021 -1419
-2801 -2526
3092 -1578
1626 2570
45 2031
2855 -2341
2890 -1071
1928 2725
707 106
-2669 1760
285 -2069
2559 1012
-2773 -85
-1205 -149
943 1333
-1242 1446
-2483 -934
-368 -2842
416 -2338
1616 -1449
-2195 1170
1083 1157
1752 -2483
-231 625
1798 663
2631 1731
-2513 -3049
-1733 2407
-198 1500
2325 22
-2580 -1739
-543 715
2344 -585
-2369 570
-875 71
2968 -542
1241 1585
2693 655
-1909 331
-1872 1481
-823 -2102
295 -67
-461 1582
-1996 -1251
2410 -2046
2502 -818
1722 -2978
-1498 -1385
3006 1510
-1223 1968
2660 -1963
1616 1587
-2909 1001
-350 -2675
-3008 -1990
1752 2460
418 -1473
1243 2345
-592 -1824
2931 1483
-722 2657
1220 -2869
2468 -349
-112 1363
-504 2947
-56 1443
1337 -2512
173 -1534
3079 2195
2762 -1573
2544 1790
-1422 2914
-2235 2053
-2534 1247
-2579 845
2677 -155
2888 308
331 2114
210 -202
-874 1217
-423 -2239
-867 -2774
-1793 -2878
-206 -1850
2546 1711
1199 -2395
-2400 -1669
-1523 -2735
-777 2269
-586 -713
-3091 468
-1020 -2477
-2022 -1585
-863 -514
374 317
-2021 1126
1067 -2685
2640 -1863
-719 181
-204 -1326
-1592 -1269
-2047 126
-519 -930
-826 444
-773 2715
560 -2089
1407 2034
-119 1294
2467 -261
-382 2524
1544 1410
2142 -2451
465 -3070
2787 398
-896 2983
-1169 2247
467 -705
-2756 78
-561 -1859
-2908 475
432 2690
-707 -247
1004 1552
3066 -1206
-237 1093
831 -593
-2307 2710
1874 2006
-3076 -131
591 -3014
-1123 -2611
-2402 7
1888 -2725
-307 2500
2866 37
-233 -589
-126 -2795
-2435 153
-2571 1695
-631 -168
2787 -113
1038 914
570 724
-2424 2203
-2218 -533
-1009 927
1324 -365
-3084 1710
605 290
-972 -2512
2853 -773
2598 17
1464 -2910
1094 -1152
-293 -1991
2599 -1326
1778 2217
1396 2911
1635 219
2120 -919
842 18
-2378 1968
920 109
-2658 -1213
-2509 1378
-1054 -2175
-1300 -1489
-1841 212
-946 1056
2518 787
2751 -2346
349 -138
421 1518
-1201 -47
-2459 2361
1343 2026
3000 2003
1542 -835
457 1477
336 -2867
2267 1819
527 -2420
-2631 -2056
-552 1447
-1774 302
-2914 -76
-1484 2516
-667 2187
-2253 2156
-1146 456
-1434 609
2860 841
-1981 1276
509 -2155
-1831 2556
-1412 1865
-2418 -1700
-2600 449
-2097 -2304
2697 49
2454 -2929
-87 1738
1081 55
-2126 2815
2564 1169
-570 20
1403 2946
-340 1246
657 2193
-601 1911
1199 2344
-1127 -2584
-2392 2635
-2757 47
2177 2463
1331 -1300
805 -46
2779 -2279
-1085 -898
-2840 2954
-140 2569
540 -315
692 -125
-2773 -55
-2046 1299
581 1499
-2767 -603
3082 -2622
2821 1044
1461 -1052
2415 2635
1468 872
592 2154
681 -2803
1653 -986
1627 2686
-671 2184
-2818 953
2100 2149
-1174 -1570
1243 -2643
252 -625
2052 -1052
-3012 2909
-283 1762
-1211 -1723
1240 410
1777 623
-425 -1506
1330 -1287
1663 -2425
2311 -2668
-1327 -1148
-1483 2360
-237 -526
-1466 -251
548 2932
-1299 1691
-2924 2993
2557 -120
-738 -2583
-2346 1254
2290 251
-312 -1279
-3089 -2235
-1000 159
-872 448
-1067 178
-1963 965
-984 -2412
-1341 1330
619 615
1095 1726
-264 -2102
-1385 1915
1627 963
2524 -2857
-1909 -313
2375 910
-859 1733
-531 -555
-471 -1944
-2305 1177
-1254 -1445
-2600 -2627
744 -74
1354 -1222
-2924 -2535
-600 456
-735 -2011
-1495 -1343
-2479 2494
-1168 -1743
2404 -790
-2413 1385
1298 -2132
-1332 2950
-2729 773
1678 -65
-1668 -1751
1715 -1985
0 100
2481 2181
2498 267
-1909 1689
211 -3087
-725 -2755
-2388 -1338
2685 2875
2579 2677
-2845 2236
2999 2551
-1508 -154
-3007 -76
2402 -972
-2058 1285
2804 1724
295 33
-2826 -87
-2481 -1708
-2508 3025
-2002 2521
1265 -924
-2551 -2742
-765 -1112
245 1307
1660 2248
2964 168
1634 -1399
125 -921
-2904 -56
-1211 -2351
-8 2774
2101 -1441
-2750 -824
-2215 1811
1143 -2168
-1436 3079
-2493 734
-2576 -226
2879 -1730
-2814 -1629
1394 2846
-2849 -1052
-2793 1296
-1237 657
-3059 1959
1894 1954
-2501 -1033
331 -2704
-654 204
491 -1431
-1910 2317
744 -1682
1133 -425
2384 1654
-354 2559
-197 -2765
1064 1659
461 597
-413 485
2212 551
-529 2286
2279 -1327
-2817 1278
1980 1857
-1994 3001
662 -1417
2496 -2620
-1204 1034
-37 840
-1988 292
2696 876
328 -2846
2653 31
1799 2488
2026 2397
3095 2907
-285 -2226
-2891 503
-969 1662
1910 -173
309 -2978
2782 -87
1835 2172
-1134 3053
-589 1548
-3071 -1625
-2199 490
2988 3015
2234 -309
1273 1396
0 2098
795 -746
2894 558
1585 2896
-3007 -1812
-2613 2265
