-775 -1458
-1126 -1358
-434 -461
-1468 -1867
389 -1475
1150 -1263
1923 -1125
-268 -1917
478 -1315
729 -1860
1218 749
-1391 2007
465 1438
748 -513
-1356 1884
553 262
1379 -306
800 -421
426 -2007
-207 1159
1296 448
609 -1896
-648 1983
661 -2011
1290 988
1648 851
1037 -596
261 -689
-252 -1474
1071 1948
-728 -1891
-1182 -1625
1729 1804
-1417 2082
-990 -1600
80 -2032
-332 1646
113 -1035
1862 725
-1240 -1954
361 1238
-966 686
163 1075
-746 1559
2093 -1954
665 324
1540 883
1754 -1678
-1083 -757
1523 -1861
1992 445
2092 1209
2019 -1739
-442 -765
-1306 581
-1893 87
1942 638
-682 -470
417 453
596 -1984
-1953 -541
-1989 -819
-1289 1545
1741 1429
85 -918
-1722 -369
-1594 -555
1955 772
219 -2054
-2034 323
1307 711
-250 147
-1206 1847
601 -454
1735 -1810
1468 194
330 1567
-1036 740
-936 -1273
-404 -967
-2042 961
-1445 1465
-174 977
-431 1583
-785 2086
1855 2019
-145 -1647
-297 -771
174 1961
1292 425
901 -734
2081 398
710 2055
462 293
-303 -917
-1106 555
-656 -1006
277 345
1831 -1215
1584 -535
-387 1666
1068 -1572
488 -1529
602 -1684
2090 -853
1385 1887
-287 -189
794 -1505
-706 -1911
466 -546
-840 -1934
1354 -339
116 1518
-201 1990
1101 -103
260 35
-1888 -608
233 151
724 -737
-792 -1355
583 319
598 -1178
1611 157
-1318 341
1290 552
555 -525
-1463 -444
-934 238
-975 1511
-1052 11
957 427
-461 866
1583 -746
891 -1268
-549 -291
153 -1179
1879 480
1755 -1507
955 -2037
942 475
-1984 -1045
1175 -194
-613 -1268
1359 1446
-33 -1556
549 2034
1174 215
193 -113
200 1357
1467 -670
-405 -230
1351 1379
-22 895
-1579 979
-1454 -835
-1630 -570
-654 -1238
-2063 1903
-1469 -400
-256 604
-1497 184
778 -1929
1420 1705
-1382 632
420 1985
-1709 -136
-770 1639
1446 -590
1491 -1072
1382 1680
1393 600
266 1122
23 999
-46 1493
687 -32
1073 1336
-1172 761
-629 1341
1562 1492
-738 1757
211 -1081
265 592
541 -551
-84 2014
1148 -76
-1015 -939
-1643 -1130
1206 -1321
1617 -302
-1150 -1319
-1439 -1526
-1214 1757
-1814 1170
-1723 1950
-1189 -293
-1271 182
-1059 2005
-1605 -2044
-1163 -590
-1777 2034
330 738
-1686 -756
-199 244
-746 -883
1922 1381
1798 704
176 -1540
-228 519
1740 1825
1375 1408
-1476 2053
307 -499
-103 -1415
-654 450
2005 -974
2018 -593
1463 -476
232 666
-1464 -1963
-1577 -1331
-1981 -581
-1577 558
-1531 296
1905 -298
695 272
-1567 2002
850 1904
169 -1567
1275 -248
1280 -623
636 933
-803 386
-733 -1841
662 773
-1019 1408
-401 1167
-1224 -187
135 -1358
717 -1033
2024 352
1855 -1656
508 1420
1038 1230
-196 1328
810 -520
116 -586
-2026 -1590
1992 1013
-1762 1530
1314 -434
1192 -1961
898 -326
608 1848
744 274
236 -521
752 -919
-547 1964
815 1024
-824 -1004
-1490 325
1451 1989
1058 -138
-1068 -279
1939 1025
1806 1068
479 -2
-1457 1833
-912 1148
2084 787
1089 1657
-493 -245
-19 -1703
-1593 1013
-370 -1626
-1606 1589
-464 547
1294 -231
1761 -2075
158 -1078
1467 2027
-1681 1325
1658 1024
1637 892
446 1793
-1423 11
1147 2082
768 -251
1393 703
852 625
844 1797
-82 721
469 164
1367 -1157
1755 1444
-2056 -1888
359 -1690
-1516 1409
-1954 104
291 -1081
-917 1220
-1028 -982
1570 389
1853 -974
1846 642
2098 -1046
1188 -183
-837 -1441
1481 890
1854 -1108
317 689
1382 1329
50 -1891
-1732 -1533
60 941
-2040 -1113
-1705 886
1423 -735
2087 881
1474 -411
-1806 1679
251 -429
1475 -1183
-315 310
2006 -1457
-619 -376
-409 -13
389 1107
584 -269
1633 614
939 1283
1001 352
-605 -630
-438 -1536
951 -718
1360 1350
1565 1648
-1517 -269
-2084 -1227
-1217 -531
-1506 -158
-2057 -207
356 10
1957 -327
-1389 -1887
-1859 -1078
-2038 -1425
612 2016
-36 1298
-1857 -1472
-370 -852
1047 -1335
-1903 -254
-54 678
-322 -580
-657 1897
-11 -1728
-113 1467
-1141 -2086
270 1798
-958 841
378 -757
-2066 846
1997 1142
1574 -2065
361 1961
155 -73
-2091 -1102
-1096 465
-456 -2001
1293 -923
1741 572
-1420 1375
-2058 -1447
1468 1115
-1733 302
-1645 -977
-1529 498
-1472 874
-7 -1787
1750 -804
401 912
-677 -1330
847 56
-1289 1800
1951 -1770
-1880 -1279
995 1765
-317 318
1898 -41
-1587 139
847 399
-1659 -2009
-393 -791
62 1767
1942 -1551
-413 -460
-1956 859
731 1189
-1167 -1133
-1471 1274
-1322 -1280
-1355 -1294
1757 1886
-1216 -715
-857 -779
1540 1291
743 -1095
-88 -1316
1446 -724
1535 1618
1222 1770
-1791 -506
1721 -840
-1514 672
1883 -107
-18 -1162
788 -2068
49 740
768 -1029
1231 -266
230 -233
-853 1603
-976 -1921
-2048 1050
153 1814
1911 206
-1987 -1986
-105 -1172
-974 -1754
-263 -659
-892 519
688 810
1272 -1596
-1587 -1692
-243 1016
1070 -1692
1527 -757
39 -1587
1457 -464
-1783 128
-503 236
-1749 -1662
127 987
-1968 -808
-338 -1135
2085 1755
1789 -2024
-916 -329
1460 -1846
-27 1738
-1613 1775
-1262 -1618
-721 74
-1129 -1
-871 -811
1690 -49
-14 1580
1696 -1752
-317 -406
-460 -612
-348 -1420
1420 788
-673 1609
298 1100
693 -62
-163 1334
859 -409
-1200 1668
549 95
1294 -528
492 53
-1613 -884
1668 -1503
-91 847
1223 -1812
-2069 101
1195 -291
822 -1779
214 17
2090 1670
-362 556
-462 -1257
-1639 480
343 873
1600 1010
-201 104
1494 898
-2 -1593
-423 1075
345 -175
502 -808
2024 1285
-26 1525
-496 1210
-1515 616
-1383 1190
457 -1985
442 1574
-1240 1287
1015 -1401
917 1119
972 -282
-1273 -1452
-1995 1053
1211 -1664
-1001 1984
2094 -642
-1482 581
-1300 1896
-392 -1197
-6 -1128
2065 -706
-367 -276
-1786 -1918
-1439 -945
-2087 2096
697 1681
-772 1315
-558 -372
-1579 1454
-1104 550
577 -1744
283 -315
-406 1202
732 -17
1457 -1715
-642 -1026
-1869 1480
-1378 -1834
-683 79
-2096 1472
-2078 -1924
974 1743
1967 -423
-984 -229
-1199 137
1957 -1367
1940 -1267
-1225 -423
-810 -136
527 -20
-153 -397
-61 1961
-860 1012
-1211 -2007
775 -1283
-192 565
-290 -49
-1000 -1799
1214 1977
1458 1668
-108 -1219
-1417 167
1784 1574
2076 459
1712 957
341 -884
-1810 217
1284 -898
1632 -349
1561 -2008
388 1100
2075 2027
1964 -449
-1923 -476
876 591
-1024 569
1533 476
-1499 -707
-1228 754
-474 2045
1403 -1813
-1406 1892
-1483 1018
213 -88
-410 49
1257 -713
-418 769
-1356 1014
84 -328
638 -1478
-1133 -486
-1218 229
-385 -1548
1131 -1967
-882 -941
755 -358
551 -757
265 1785
921 679
1350 -1761
-1294 -803
-51 1997
-1083 -382
-1223 978
717 1479
-1820 769
-319 1350
560 516
871 -571
-1620 -721
23 1128
826 -679
-637 1131
-1042 1783
-145 -524
-684 -1818
-1876 -294
-1819 -1253
-1144 1460
1120 -37
-448 1368
36 -531
-1386 -1043
177 -1341
942 1847
-527 825
-639 -835
996 526
-532 156
1998 -1816
-1727 -65
-237 -928
-1596 1159
-660 -1383
1562 -1731
-1796 -1068
-2043 1456
218 1776
630 1817
-1355 -56
1271 328
-1940 -1153
-1996 1671
1147 743
94 -1255
1999 -958
1833 157
-537 -1704
-2039 896
-1729 1758
1169 -568
-1218 -1432
-329 151
-114 1567
-1707 484
-473 73
1859 -407
-847 833
-984 255
1659 1209
-518 729
-145 1659
1540 771
1039 -629
-1068 56
349 248
278 -915
837 1301
145 543
1484 -541
1123 -737
-992 -2033
-733 22
915 1772
-519 475
-2066 1075
1536 -723
-594 535
-557 341
-635 73
1511 -1925
-406 992
-1875 -917
-764 1809
-2069 -1133
-274 -1323
-1168 -454
-2000 1200
-1736 1084
-1484 -820
185 -863
1168 1022
-1637 -537
-1059 554
1778 233
-1615 -1585
-673 815
-161 -713
783 -580
-1384 -456
-1283 -799
-1186 1978
1185 997
-1491 -1076
-662 1594
1607 783
-441 440
1385 -475
12 -92
550 1837
573 -2077
-385 -336
1061 370
-851 -375
-1169 -1896
-2054 -274
-574 -176
1330 1220
-872 -406
1042 -1202
-156 1030
-1714 -345
1250 -418
-1301 -1441
-1888 650
-461 -1768
-1716 -1847
72 -774
-1460 2098
491 -249
648 478
1319 -1415
-1449 1618
-1838 1579
-1646 -698
-1125 2003
404 1903
-132 792
1767 998
2043 1975
1916 -518
71 2058
-103 -49
-335 170
-1150 -1882
-1749 974
-411 200
407 -958
-855 727
1483 618
-671 -381
-1443 290
-233 572
-1454 -1648
155 -133
-450 -1893
-164 1919
-1709 -1492
1873 1480
1226 -1798
-1279 643
-602 -1481
976 -945
-45 -1945
260 -946
-1012 2013
-641 956
-522 -723
-899 110
1676 127
334 -1748
1364 -1970
1791 -1359
60 1879
-1052 1759
-993 1290
1951 785
-491 -1865
-226 -1567
-1869 200
2043 -986
1565 915
-85 -1522
-321 801
-1045 -977
-76 -1509
1884 1302
-470 -717
-1364 -1443
1979 -515
368 -784
1803 -55
90 -213
1833 155
1282 253
1529 -1281
-731 -650
-363 -222
-1797 -2022
-1484 -1073
1456 2010
-550 1162
273 1902
305 1026
-1784 -52
-1365 1581
1001 -301
-1644 1539
359 -687
-387 1403
911 538
-781 -403
1132 373
330 17
781 -776
365 -2016
967 -1807
565 55
748 -36
-1259 -740
-514 437
-694 -21
-328 339
-626 -1506
32 1197
1445 -1852
-1423 831
838 507
1691 1878
-1482 -1057
440 1340
-1604 -1919
981 -834
-1584 -50
-338 1780
504 -120
1277 -373
-476 -924
1760 -337
831 488
-335 -166
-1090 -1488
1564 -327
151 202
1755 2089
-710 316
316 842
1370 -1551
-1517 -1674
1525 2025
460 -579
-1445 -800
-487 -1435
-126 1755
1853 344
-1299 554
567 810
-1772 -1869
-957 1921
-1556 547
-1778 1867
-511 782
1266 -878
-1483 1844
-1256 -1566
995 1049
1319 1578
1263 -892
-1936 287
650 536
1033 426
538 989
-861 -1386
-1613 -1141
611 -268
-430 1207
-330 1564
-308 -1671
-1312 -1621
1030 -1000
1779 -1771
-458 401
623 -1728
-1405 -1914
-322 -1209
1768 -841
30 -1830
323 -1664
-963 1556
-294 -874
322 768
1855 -406
1002 -1070
436 1809
1389 -1382
644 326
-1749 1100
-410 -1237
-700 -2016
725 65
-2066 -1538
-489 1634
1814 -2027
545 -1191
-787 -1019
852 -2057
527 -1312
-551 241
1131 656
-495 -481
1115 -131
639 1463
16 -398
818 -1158
5 -1329
-2078 -848
-339 956
1141 -1860
-1554 524
1739 1171
-217 891
1116 -36
-1003 -744
1514 60
719 1395
-1345 202
1915 1285
1701 277
335 -1185
-1246 361
-1041 1803
1260 -1024
-1996 1531
-1443 -1837
966 -1776
1472 1660
560 -1146
-481 589
-1932 1321
2087 -188
972 1603
-1203 -463
164 1272
1438 -1881
-1881 -1230
1209 -1709
-176 -1934
409 -485
1137 -981
1790 1694
-1048 1027
-1417 -38
631 -670
-810 1523
-1937 -158
1370 -147
-726 1248
429 -1960
-767 -1326
-859 -2084
-1968 -1088
-417 -1077
-755 303
-1955 1756
-968 -1540
-2025 873
902 374
-1534 2036
-1019 -725
180 -2014
143 -1649
-1315 1127
-1518 -1238
917 -953
13 -794
1591 -868
-950 -585
-4 -788
-1372 1921
-870 806
-1534 -2019
-462 -513
92 1333
-1592 -1203
372 575
1732 559
1821 1486
-933 -1201
464 -552
1221 -672
887 1945
530 -2039
857 -649
890 752
175 -665
1238 1058
292 1923
1068 -94
266 1223
-819 434
1275 342
1397 -690
1912 161
-79 -2059
691 -268
1079 1757
-1251 -533
1565 1182
-1297 104
1069 -383
-226 -1341
-1468 -1197
-1242 1425
214 -512
383 -1334
868 392
2040 -947
-596 332
-1847 -213
-282 876
673 1868
-560 -364
-530 19
-465 -937
297 1443
392 -1771
1921 -1735
-623 -507
-1338 -1954
-1357 617
1414 -498
-234 -805
-867 1339
-124 364
-1549 -857
-657 -231
453 292
138 -143
32 373
1117 -1898
1773 -1370
1515 1500
-2083 1776
-1175 -1743
-26 -953
-157 801
1590 -1452
-1097 -80
-601 1036
501 241
-399 -296
295 -347
543 -1573
1831 926
1090 1695
-1904 237
-1717 1588
87 1418
-313 -1486
-1663 -738
298 1123
-419 616
1095 207
-1358 527
1807 867
51 -1595
639 -787
-259 529
720 1330
1576 1437
-403 1291
469 -104
-151 526
1190 468
-920 -406
1356 -1672
-1608 380
-1588 98
-583 -1867
909 -164
1216 -413
-1456 -1942
454 -1102
-794 1504
-139 1012
-540 1184
-732 -2012
-786 -1107
2072 -202
-963 -1677
-410 -522
1533 191
-1275 -837
-1573 392
-2065 -2066
1883 344
1605 1175
-1534 -1427
643 -846
1731 1772
1031 574
81 -864
1113 -1434
1494 1383
-118 -1783
-294 569
-1254 1570
1399 -983
296 1333
1065 -1954
-622 -1062
-1667 -484
951 -123
-1357 550
1025 456
1671 -1539
833 1623
-1716 851
-797 52
-271 1464
-1864 -170
-1255 -902
943 -1332
-1509 1962
-894 206
1767 1349
-88 -1997
-800 -1107
-1840 -107
1752 -673
396 1142
740 -1889
788 1122
-470 1754
-1515 -1748
494 1224
-1924 530
1806 -273
1930 648
1926 -807
57 1118
-1719 1538
-911 -1426
441 1683
1034 -1675
1896 525
-1663 427
-84 -175
-1220 1893
-660 852
63 1527
-100 444
1631 923
144 490
-461 234
-372 -2057
534 -1132
14 -366
-1756 -205
-1284 -1217
1714 -1439
-1583 -1127
-1924 -1718
781 448
-1658 -1024
1565 -1298
117 -553
1985 -50
-32 -754
1757 369
1269 -1424
-2004 -1172
208 -1817
647 734
-60 -727
1914 2046
-654 -474
-1837 47
1994 550
-462 812
-2000 623
-73 632
-1730 -345
391 1811
891 -2073
576 671
-674 -1694
-364 -1585
-690 1660
-2017 967
64 1081
-1244 -1178
-1391 -1437
2014 1595
-210 -69
-1160 417
-1535 -31
-1614 16
-1391 -1379
-1127 -2003
-1496 -1387
1318 -934
1297 1837
-1068 1225
-2064 -1260
-1948 679
1980 -372
815 -80
898 -417
843 79
-322 -12
-298 1576
-1734 -1885
-1018 385
-834 -384
-749 2066
-1499 -1772
-831 1462
-1107 -1888
-333 -789
619 1932
-726 1880
-1887 -1843
1620 443
751 1253
1936 -708
1855 -1764
-1352 2002
-1155 -1098
-885 802
-774 -1850
-1163 -2065
-1672 -1309
-1669 1348
726 794
102 -1545
948 101
-1343 -1658
-1197 -1083
-221 462
120 -1160
1863 -1491
-1787 -346
-1490 1045
-1903 499
-1733 -917
-690 2060
1486 -1140
1978 885
-1983 -2032
-1050 -678
104 743
821 991
-943 338
-798 -1434
-2028 1541
-1492 -304
-1809 -1400
-1717 1863
-724 -1420
1755 670
1592 260
-2014 -1955
315 -1698
-1946 -325
493 -1247
-66 -794
909 -1221
1370 -792
681 1644
1817 1435
-1211 110
936 2007
-1945 781
1659 -1851
-1609 -852
-1958 -1130
-656 910
-1850 -956
-741 1621
1858 965
-828 1808
1406 371
1755 1835
-876 -156
2049 -2022
-1888 237
1613 -1302
1780 -214
-1622 -1971
851 -1669
504 341
543 -600
1952 -282
1739 282
2082 32
1956 2028
1350 443
35 1764
1757 -513
16 1161
1989 -1905
1541 -170
562 1400
-955 1502
736 1130
1991 289
-1124 -952
-235 -1187
561 694
1308 -649
-1750 199
173 -1935
1612 1352
59 -1405
-1373 1952
864 -680
-1499 -1865
1863 19
270 2015
1287 -611
2078 -1404
396 336
-187 -1269
-292 -429
4 657
2050 540
226 292
-1952 -1782
-1733 1848
1974 1631
1046 1726
1271 -1646
1259 -984
272 427
-870 -1589
2003 -1427
-906 1611
-825 439
1982 974
918 -459
-1764 -1263
-1336 -769
2051 683
1132 646
-1763 1744
667 -1243
101 -768
-200 204
-1030 -323
-596 -1998
-1226 -447
1245 1069
2030 1850
-513 -307
1952 -1928
1377 -643
412 -1445
-522 922
1939 -1096
-846 -1962
2010 -512
1397 1558
545 136
-422 0
-826 -223
-1425 -1830
2015 -16
-1091 -772
-835 1727
251 -558
795 256
-1564 -1781
426 -1158
1224 -672
749 -1761
1805 973
-1969 1938
-965 583
-1470 1117
-1824 -822
1906 -764
-1515 1854
-763 1547
1652 -380
-2085 -490
-1092 1055
-863 999
203 -849
1280 1905
-1542 1696
1491 581
6 -652
137 1606
338 1429
-1823 1872
-489 -1329
-400 -1171
-1441 1936
2019 -1636
1479 1777
-184 667
1621 548
1649 -2054
197 -1499
-1276 -2047
-1777 611
1494 336
-397 433
2062 1128
1094 -1104
-196 1386
1616 1532
-962 1834
-453 1758
-1960 654
1564 -1006
1730 888
942 1055
1613 -1903
-774 1699
-470 856
-2018 1418
-1786 365
1516 799
169 1005
2097 -1617
1798 -556
-1939 -180
-1834 -71
-1235 1088
-601 822
1133 1154
-1875 -468
720 1153
105 -1142
-1072 -1941
-1172 978
-1816 312
293 -409
-245 1276
452 980
985 535
-659 -812
1404 316
1742 -2075
-1003 -68
-388 -626
-1816 -162
1179 1532
52 1032
1054 -482
565 -367
482 -1163
-917 1272
1880 -1553
1456 1971
1375 -1726
1924 -453
981 -1859
520 918
247 1775
1637 -811
-1153 -1703
1671 1651
-1035 -633
-695 1322
-1062 1195
665 1313
727 2027
-1386 446
-15 1179
1797 -1659
-1236 -537
1139 -699
64 1263
-1241 1658
237 -787
892 -1834
809 -316
-1467 -376
-1349 -1952
-1240 -1237
1131 -576
303 794
-1957 -2008
-289 991
291 -1799
1943 -701
153 -183
-1299 1173
1797 1469
-1442 -12
1148 243
18 1536
-1920 1213
1561 249
-618 -807
-1669 -274
911 -1213
-1350 -1432
-114 -761
1880 -448
-1177 -114
-1349 188
-1823 1476
-1243 1277
983 -1011
-283 -298
-1643 -1106
-776 -2046
499 1070
1739 1175
-206 -1271
-1676 1190
1899 -786
156 -1021
1075 1411
-1980 -1001
-1749 22
120 -1199
-387 -910
-1783 1364
-1408 780
-1298 -76
-120 -994
1414 -1495
1611 -274
1413 -650
-1820 -1758
1237 -2032
1565 110
1799 -267
1019 1210
1692 1215
57 -879
899 -164
873 90
1687 -231
-1620 -1
1618 1931
-2067 -919
-2010 624
741 -1440
-1880 205
-2091 595
2030 -635
975 1354
-1833 -749
993 -1437
-155 932
1948 -646
-164 -579
-1846 -168
-344 205
370 -1498
423 235
338 -827
1888 -740
940 -459
-1135 -1493
1295 -1819
425 717
-1206 1129
197 867
-1722 -162
-1018 1610
514 562
-1923 79
-1381 -232
-1879 623
-420 1019
587 -88
-22 436
1885 -927
-434 1748
1853 -1959
319 23
1669 -2039
-1075 -984
374 1289
-1868 1121
984 -1221
-856 1511
-1875 1547
-949 1488
-1122 -102
-1617 1966
-583 1374
-102 1520
1937 -1695
924 -1046
262 -1243
1988 1147
1540 -953
-1776 124
1965 1101
1627 1934
984 -1980
181 -2018
-259 1036
-860 1799
1854 1376
-1054 -1496
-991 -1188
1665 209
-1419 -1113
556 -762
-328 1758
162 -827
1811 -1378
436 -705
-1091 -486
-1268 -998
-1117 403
-1855 -1272
1093 -1245
-970 1454
93 685
895 450
-722 661
-1022 322
1373 799
-29 -524
-1260 -1450
-1184 -619
1553 -50
1803 -78
-1245 -1428
232 2072
-677 1574
-818 475
963 268
-2090 -1862
986 -230
48 -745
410 741
1712 -1343
-202 1685
1433 -1341
333 -883
-1438 -182
2096 82
-1291 252
458 9
-676 389
109 284
-412 1773
1996 -1073
2055 1496
-1845 994
780 997
-2011 825
-1965 -1819
-1597 1703
-392 -330
-1497 -1918
1014 -1547
440 1283
576 1723
-1582 -1048
1433 1609
-1514 -419
-1037 1096
-1795 1316
327 -1177
-1011 -1910
55 1664
149 678
1556 1280
-1599 1045
-566 -490
110 683
1612 1384
511 -1696
1826 1545
161 -330
506 371
-1556 639
1823 192
1319 -808
-492 1585
-1373 1754
1895 1252
-399 1728
-1261 -144
1313 -1504
1472 1576
1308 -573
284 -1501
269 297
1067 -1054
-1104 -1216
-1666 -1680
-1891 1852
-729 86
995 1230
1898 615
1192 -903
-692 -2059
1288 -798
-1855 59
1068 -564
888 -414
-1334 -2031
565 -1024
869 -796
348 -1746
1683 -1081
-269 -31
-849 -1038
2094 -1868
1662 -1344
763 -2067
76 -1862
-740 95
709 498
953 1899
-1851 -287
90 350
1346 -1735
1368 647
72 -2038
1260 440
-103 -1791
373 1226
459 -1156
-660 -1291
1623 -899
2018 1831
1270 1954
-1698 1540
1077 -1576
1907 878
-2017 -55
1411 1406
-1864 1355
-1798 -1793
-702 1987
2082 -89
-503 1847
875 -34
1266 746
1917 -224
-1583 -1472
778 2014
1550 685
1241 -131
-2060 62
-278 -911
1994 -119
855 -912
1120 815
-1965 857
-863 -901
183 -864
1980 1097
918 -764
1114 -424
-934 1473
-591 390
950 370
1312 -1832
-1128 -998
-1561 -2082
141 559
-297 -1986
-324 1852
-1988 -1765
1618 631
110 -718
-330 -856
-1034 -459
-1365 -1057
879 -1373
-136 -1027
-148 -1944
-1927 809
1655 1842
1338 208
-370 876
-956 -750
-341 640
214 -1540
-2071 -1230
-545 539
277 -80
-913 -541
1434 -1615
-563 1160
642 -1827
190 1575
-214 265
1010 144
-1686 1102
1171 -1631
1443 -946
195 1693
-1547 -1629
-1407 -1407
-1578 -670
-1789 1780
-1904 -1738
1164 -908
-1377 -386
696 -292
-1390 1900
1140 -1730
989 -1143
102 1025
1841 1287
355 281
-295 1057
458 295
1150 -1713
-556 -1059
-251 -1179
1990 397
525 747
-1576 -1425
1959 1795
-1520 159
-515 -807
-916 -77
786 526
-653 716
49 -69
654 2032
1194 927
1245 -1926
797 -1644
-1900 718
-791 1034
-1150 1787
-1404 -216
1817 -1150
1856 1136
-476 -1074
-1309 -1134
1976 -1458
-506 848
-749 1932
1283 1860
-812 1008
1965 711
26 855
962 690
1632 -1153
-886 1792
-1231 -1546
-1394 1957
-964 1210
1149 1982
666 1163
1237 954
524 -1033
523 1340
1719 -477
-1037 1748
1853 556
308 491
-319 -2077
1530 658
536 1572
-983 -1862
1266 -780
-213 -1480
2053 -110
-812 -1025
-1265 1952
-349 -1051
-805 1226
-1057 -1820
-796 1795
159 1301
3 -1098
-1833 2069
-2091 -1695
-1845 -1959
267 755
1594 -1425
1868 679
-1785 -100
-869 894
-2028 -1947
1463 -2090
-866 -124
2079 735
466 1370
-1514 -1689
639 -1883
-1433 106
-601 1087
-1319 926
-452 844
-772 1981
-1430 761
-369 1712
162 -116
258 -102
949 709
1686 -136
1795 -762
-197 -2050
-481 361
-668 102
-1263 775
-976 890
696 1216
-450 -601
-368 763
1406 1148
-312 -347
1498 -1967
-1288 -365
-335 -1021
250 1897
-1237 370
320 -1002
-512 663
326 -2090
-623 1168
1894 -1210
232 -512
350 -23
1000 466
1133 88
664 -113
-250 888
-1666 -1199
1811 -833
-1844 -795
-1423 1578
56 1086
2088 1411
1166 -2038
1282 -1201
73 -203
646 804
302 1360
-337 821
59 1501
-1771 1865
-330 1036
1285 1637
778 -1919
-1611 -1734
1321 -1523
-1455 530
-1730 -813
-254 -280
440 -1777
1336 -393
1081 -46
-1749 -1757
-482 768
1210 1068
1749 -1552
-1959 1107
485 974
483 1890
571 1946
1102 -1534
1986 -1185
1475 1400
220 31
1628 -726
596 966
-941 520
-84 1110
-627 1403
110 1176
-233 1872
-2007 -982
1186 -1944
409 -209
-633 0
121 2038
1959 1867
1500 2093
-1167 -1788
2076 1495
234 1929
562 -843
1132 1405
1029 1728
-179 1008
-1309 -1080
-540 -1741
-2028 -866
171 -111
1457 -89
-1979 1867
1121 572
364 -1584
-1503 -1562
-1685 512
-764 325
539 -120
726 -647
-1684 -1084
771 -408
-1673 -1994
714 1518
-1608 -397
730 -1774
-162 -1717
-97 1575
472 1796
-1582 -1403
-1362 418
-312 1853
591 -216
1451 -432
-1025 -62
1393 908
1234 1469
-1432 1588
985 806
-1787 839
-498 754
-1768 -1226
1059 -1578
2059 -632
615 -2028
127 2095
-1433 -1678
-1886 -1277
-1898 -106
-1377 237
1242 -1526
-1902 1425
1645 -942
768 941
1532 -1603
-1039 1910
1481 424
462 -1495
-1912 -1339
-876 782
-1409 608
-1590 -248
-980 1531
-1354 -1863
80 -1800
-985 -1766
-806 -598
-1033 -947
1929 1316
343 1693
480 1672
-2091 -1813
-860 -392
-1410 437
-2050 631
1858 -341
1408 -858
79 551
-1198 488
-1671 -712
-135 1303
1346 -884
-857 -385
1133 37
-550 1039
-377 -1962
105 1847
52 -1744
1618 1062
567 -1227
-1107 -593
730 1054
-566 1866
-520 1040
562 1187
1389 1905
2018 -144
1519 316
843 665
1795 -2072
1350 1748
489 900
475 1292
-1842 -987
1257 1445
588 -555
-718 -92
-1503 968
-1492 1032
-1405 -166
-1037 1953
1678 947
135 -990
396 -383
-1492 510
1929 21
-1586 105
-175 -1626
737 -759
1934 1862
-1889 1282
-5 -290
-856 766
1842 722
-1474 1983
-1175 569
-729 662
-227 -861
1868 -476
