-152 -719
1176 -1328
805 676
-177 385
-494 -858
-689 916
-764 -1081
712 1064
1297 1270
16 651
390 154
1110 1008
336 791
453 11
315 814
468 352
-479 -994
-15 411
61 831
925 -887
476 702
-311 635
896 -1147
-1082 -147
-995 1224
610 -1211
221 906
-902 -1179
-9 1089
481 -301
705 -490
269 1086
269 -113
563 -749
1067 1258
-1075 720
605 254
1361 -954
-783 -330
699 -650
-541 258
257 -942
-3 742
-75 -80
325 765
-784 694
838 -620
189 12
710 -858
599 121
-652 -1242
1105 1343
-1281 68
656 66
357 179
372 -426
720 -590
-683 -1039
668 891
-655 487
295 1311
848 1019
394 -1190
993 53
84 677
232 -846
936 1032
1072 1015
573 1001
1188 873
718 84
-826 -652
832 1091
509 98
497 162
1078 606
1026 -321
55 41
-21 -54
1298 919
-56 438
-752 -141
-1047 -1181
-184 -351
1120 617
15 1254
84 -1112
1300 -551
-148 388
848 -481
-24 1029
-972 585
-367 748
-707 -211
617 -447
-431 -181
934 449
543 -773
1269 322
-521 -692
1062 406
-305 -316
-1323 1105
-543 863
-211 -545
1070 1349
-945 -388
-604 792
522 -297
-1192 1369
1163 175
-391 1255
291 1165
325 -287
96 -849
627 -1206
-1082 -288
-1359 1281
501 -224
293 941
-353 206
-1034 1145
668 -1236
-1293 -622
-586 -1303
1343 -716
-808 -405
-45 -465
1219 115
1377 -473
1047 -1051
222 113
584 -1255
-1022 1281
600 -137
159 -1356
-444 523
207 -1077
955 -545
-1081 -896
-1151 -967
747 -1160
995 588
772 1163
583 -347
-952 427
-280 -468
-1319 -1132
-1201 -487
1098 -4
999 371
733 500
10 -458
-913 -1098
-212 1253
851 872
-798 -374
-729 670
-1304 -1009
246 356
-305 1394
-1274 -591
964 518
-752 516
900 -965
-1082 -1119
-641 -444
178 -740
-990 850
-858 -1252
792 714
1094 753
-1208 -1019
379 -53
1229 447
74 37
-1005 1377
427 691
-334 67
-335 969
1293 66
1029 99
721 820
-1023 844
1087 -408
884 -888
877 -1141
832 -1089
297 660
-538 291
-1140 -1318
461 -62
-951 -102
874 413
-1389 -89
1338 -1345
-591 122
-636 1192
-834 -257
878 -1200
-940 1052
-1361 -134
56 959
1362 831
1067 -142
427 400
1167 -753
-1387 -592
-573 857
-927 21
-929 -115
-391 -1102
-1236 792
139 -1162
-647 -230
542 -148
1251 765
465 -149
771 226
307 -347
930 -1330
-581 951
154 -812
-873 909
1096 616
-203 758
466 -1232
-84 -594
1128 970
-476 -1084
-425 631
-118 -245
639 -1099
1196 111
-479 1390
-258 1190
-487 -336
15 1022
1242 999
-111 228
1105 -67
966 -1145
753 -1388
1069 -1164
1386 -830
-814 -720
708 -1345
-98 -952
689 1365
962 -563
-1219 184
1004 -733
-155 154
1140 805
-1026 -712
1065 -229
-831 -187
1334 1019
286 1378
-1180 478
-105 -653
151 1216
-939 -1037
-1148 -94
-108 -798
-770 -997
31 -69
220 -663
-1325 1173
-336 -576
1008 -1074
797 167
-640 854
458 -1369
800 670
1319 -162
-1254 623
163 -785
-480 392
-538 891
-604 -920
721 -689
281 820
1316 816
-117 337
-689 -954
-373 312
-10 978
1292 499
-609 -1377
-515 -632
498 899
-1264 -1091
131 -574
-1393 698
87 810
152 1294
-340 628
492 1106
-1058 -288
591 -575
668 1299
-74 -663
-589 -707
412 -626
-748 -919
553 -38
130 -478
-183 417
94 -367
-978 -335
556 461
750 865
1086 1329
702 -1023
1284 345
379 -1355
288 -1209
1122 -770
279 232
183 -62
514 -871
-474 1185
-201 1098
-531 -505
-1329 716
-303 111
306 -507
-1251 530
901 -263
-1346 744
391 -214
-10 8
-1104 913
949 727
-33 155
-229 228
186 1119
-1003 952
-833 -249
153 -865
-1184 -782
542 1204
33 -450
1116 -759
189 -545
312 -1067
-814 970
745 199
-907 -1228
758 1330
-421 1361
-766 -486
888 -475
-87 -10
146 195
683 -1394
280 201
-501 868
1231 -269
-1026 962
651 -1381
299 -1348
-15 1340
-938 950
964 786
116 860
1057 -513
-192 -969
1035 1326
-853 568
1367 1126
-520 1369
1163 28
-1313 -1111
839 1139
-979 -1032
737 -568
-591 -106
-679 -1036
1255 506
1188 -980
508 -678
-625 -385
-703 635
-281 -493
-1029 340
-1056 -1108
1333 1301
169 612
53 724
580 938
-316 34
874 -1197
434 105
255 -637
-138 -195
1235 582
1334 1055
617 -525
-645 553
-516 437
435 872
-860 271
-328 414
-436 -807
-1073 -381
210 1101
-1256 -1057
999 -711
-900 281
201 642
1037 939
-520 955
-589 6
-1208 1345
-523 616
-1383 -1228
238 79
944 -444
-1282 -719
428 1192
661 -1395
-145 1062
-1120 1268
-1209 1133
874 541
-958 -1077
-514 738
800 -1
368 -724
908 -539
84 619
920 631
-495 -639
-1062 1119
-49 -652
-1380 190
-1209 -385
256 -523
-95 -716
-205 613
-697 -781
-457 57
-1144 -970
-1107 -928
-46 579
-421 -1096
714 -239
995 -99
-746 226
854 706
471 368
1019 581
-1326 -1108
920 -537
99 -1050
263 267
-172 1039
76 1270
-735 -782
1266 -1152
-374 13
-492 -1179
-1095 -1211
1024 15
-615 -1156
1059 1001
464 1317
496 -1057
-154 -103
-1046 564
1054 15
-1321 248
-481 814
-759 -1322
-496 1151
-1038 627
461 1306
-110 -1284
978 52
248 50
1140 858
-490 -89
155 -788
-840 -297
-1328 -1082
-193 -200
-797 -784
-411 -1245
1089 -1385
1171 1118
-48 298
1346 -46
548 -1017
-101 -142
-61 -155
-847 1114
-910 538
-971 -863
280 -164
-1287 699
89 -621
724 -987
458 -238
1332 -1224
-369 -1141
-832 -119
587 -1186
-1176 530
-1310 -1381
-719 -1020
-1152 1047
-1257 -562
-1003 -197
467 -541
441 1157
-87 -946
-735 -1151
81 -1072
-844 -855
1278 -1271
825 -1100
-794 730
-296 512
-957 832
-1201 -1397
-347 -515
1319 1282
528 -238
0 -45
1382 -487
971 -142
-75 525
335 -850
-967 -499
-316 27
-1050 601
683 702
-641 638
-1083 942
-601 1025
1002 595
890 947
-97 1354
-1196 -1371
-116 -278
994 861
-101 1344
-1224 -1210
-531 370
1048 975
-375 -557
-144 -806
-441 835
714 -1191
476 553
-559 -619
-957 1086
1023 515
-1229 397
-1172 -822
1053 -419
263 -219
-998 -322
914 191
-597 1167
966 30
-1209 1089
423 50
77 748
-605 5
-312 -1028
-20 584
768 454
-370 614
709 124
-696 -1374
411 1200
-147 -668
-619 190
663 -1183
-499 -219
-71 638
559 329
-1169 -1087
160 959
-1125 -1018
408 1167
89 -435
-1056 -1273
-872 550
399 1369
764 -1133
-469 -829
-1199 -259
513 811
-821 -144
499 1339
-1372 414
-84 683
932 1046
750 -1261
596 -794
475 -869
420 -407
-1258 437
1169 9
810 1339
648 955
-1272 -1362
-513 675
19 -718
-298 -1128
-1240 673
-350 67
182 227
-1101 -706
234 491
894 -1308
207 -961
-1204 308
1146 586
937 463
-517 -44
283 300
240 36
-699 -1373
-279 1083
716 958
814 -582
-682 -442
-336 1089
934 403
769 1243
-192 -1077
420 -1270
524 432
1053 -700
-1069 -1124
713 1301
1367 -645
902 1327
-187 -1021
1203 55
1007 -1385
-579 -1374
-166 547
1374 48
121 -1121
1307 1222
-600 481
1139 -525
-1394 1179
66 385
-534 -1105
449 -1028
345 -1395
-486 929
-163 794
-713 -1082
-186 702
703 477
-274 1153
1088 -575
-55 -888
-283 744
-19 -619
1010 -1152
-569 -823
399 -604
-1334 364
-128 1315
295 -539
-680 1351
404 -909
1373 -308
483 517
-1184 -512
-1013 -202
1265 -917
1319 -971
1211 1397
-178 884
215 1098
-1204 -323
-524 385
1154 726
78 1384
1109 -553
-17 -468
-768 -986
-78 422
832 547
-1123 -385
-681 -237
490 323
-1269 -373
-526 -473
1171 440
1277 223
599 -326
-773 -231
1050 -79
278 780
-1230 -705
-1339 265
-116 -81
-1196 999
1000 -1253
-1372 1268
-519 446
416 -716
-545 1215
477 12
182 -1092
-619 134
-141 -282
-709 -1119
60 386
-525 597
-669 -473
176 -456
-751 -250
1164 1277
802 692
-1217 223
-275 508
-605 630
-1303 356
-584 -37
-79 -1118
1376 -863
4 -367
-683 435
1071 -630
-1147 -1325
4 553
-103 -616
903 110
791 -97
588 -1144
73 1223
1346 -1070
814 1159
219 -1295
321 1090
-1112 -1076
700 293
93 527
-840 83
-354 -1278
-734 -1262
-1062 659
902 967
1179 852
-629 -573
0 163
1002 -1307
1323 -440
-259 -712
1272 1346
-5 402
-159 -311
579 102
-485 -884
-218 1075
-1387 -1396
-574 646
92 294
1069 1270
1137 942
-751 931
221 1068
-907 144
-1140 -428
1052 -344
626 -955
627 1179
-292 -445
-1251 263
589 -473
-748 -1186
962 291
384 -256
-772 -1333
437 -1199
-370 48
-300 -644
1341 -293
1232 -112
-169 1016
-924 -1181
-1100 -1228
726 -537
-191 -655
858 553
685 621
644 -281
642 1273
-472 897
1380 -574
887 26
1070 809
-517 -893
406 368
1134 1041
-474 673
-76 -353
-407 -1044
739 -766
-29 -638
991 794
-983 812
1041 -1217
-756 -542
-744 -347
-151 261
913 1317
-1293 621
105 -410
1372 -934
-525 -960
-309 203
-266 1218
-381 -980
979 305
-1051 -88
-726 728
1348 773
829 -167
1001 870
-422 473
665 -11
-496 -425
580 908
1388 1025
569 589
-451 -562
1071 202
3 619
131 1216
248 900
1144 -266
583 587
210 1256
-299 84
84 65
-210 -708
189 738
706 762
205 303
521 -225
850 -118
818 30
-541 552
1228 1040
1258 -821
763 936
-1177 724
-34 -435
593 -1191
-1048 608
-609 419
869 350
-223 -349
-689 1148
1129 -271
233 1155
1247 496
-1233 -1148
-771 -1321
40 967
332 750
-220 412
-169 -629
-455 583
-1238 -1014
-1118 682
-762 -1261
161 157
-1232 858
820 32
202 -234
847 -632
1331 169
-562 86
-409 -305
1041 885
-777 1130
-1284 1287
15 1273
935 -1024
957 -534
-302 1252
758 1361
760 122
-635 188
125 -817
-449 -1260
-1352 114
667 -521
1095 1084
1124 -737
1342 -529
1159 -1286
-1022 -1128
1145 -23
1155 -153
804 -932
306 693
-1204 -1039
-795 312
1014 1338
80 166
-363 -103
-1061 -877
-1034 11
-1031 -339
-968 740
1003 -1112
-124 430
1285 -896
-1276 1295
438 -251
-584 -932
621 -331
688 844
-942 -510
1089 -820
-24 -406
-1364 -322
-991 564
-256 433
-898 -688
-531 -559
164 -413
228 -214
95 139
1311 742
-457 -144
998 -392
-1044 1082
977 -37
-2 -1334
-932 137
-1284 -964
897 -899
-208 -220
676 -1154
-696 1120
201 1176
-310 1399
334 399
1127 -168
143 857
567 227
763 -383
1325 -452
-1213 208
-1195 -257
-1389 1287
-1310 -1126
921 -967
-1370 295
-1343 -1343
-1201 -832
-61 -482
-303 -261
-400 1049
386 1119
1046 1234
63 390
-1274 223
651 -459
-877 -382
-552 -736
-849 942
-851 1224
-1183 -1024
-465 750
1150 1146
175 -962
-16 1344
-1198 -713
-950 1009
287 1306
1057 448
-356 599
211 474
-1346 658
868 -523
-1328 -344
-633 -1252
-1319 -422
-321 -663
-1050 -686
-951 -1270
836 631
969 -101
-350 401
-435 488
1283 -1149
-655 -1316
496 1017
268 -654
452 381
-528 119
283 -1222
1368 -737
1182 -74
-348 -1191
212 -1193
-973 -279
-852 1274
310 -1064
1156 206
800 -1027
-214 841
421 1063
-1399 -1216
-435 1257
-1328 330
-1254 238
-659 -232
-1227 -540
138 604
699 849
716 1327
602 603
1287 -479
-1259 1178
-155 -9
833 -133
791 390
1269 -726
230 -217
-1398 -105
232 -775
956 -323
638 -810
-911 -692
-9 821
874 1257
-625 768
-915 990
799 -330
-844 272
276 -696
-723 -970
408 -487
-1246 -1306
-1024 319
1014 -884
660 542
417 139
-1305 1076
-801 -930
-985 -1307
-716 -1150
-822 1239
436 -308
835 170
562 -1367
998 -850
1122 -780
-123 -893
540 -1376
1046 289
781 973
1077 1280
186 993
440 880
735 83
897 1175
-1040 1241
-738 -209
427 -120
712 -469
1115 801
773 289
-1133 31
695 846
319 1211
893 252
926 25
704 1011
-1345 1369
1003 919
964 660
-991 1103
-772 520
-1133 630
889 953
-40 127
-934 -901
-83 -566
141 -259
447 1359
1318 -1319
-489 -801
-670 754
1263 444
-758 165
-601 1320
1169 1071
575 -281
-28 27
-803 -749
-1326 -495
263 -1284
0 -824
-463 138
47 635
525 1111
1323 459
1056 -1376
427 -721
873 680
1187 -450
912 68
-1076 839
1157 -892
1008 -165
389 845
505 -617
-274 35
-412 -1331
-1328 -796
-1018 1068
550 -6
796 -593
-1041 -1097
-377 -631
-148 377
-550 761
591 -648
680 -473
-976 934
-648 -281
-831 235
-658 59
-994 323
620 147
523 -1031
-1229 -614
-895 -798
493 338
-868 -843
-810 1163
-1186 -796
-707 617
1029 -1390
-1350 1025
-976 275
1178 45
1215 -1113
-974 -304
-227 -478
-40 -426
-201 708
-499 1375
749 1023
-216 -1138
-915 625
-321 -1012
271 -801
784 -89
53 -522
-1223 -1046
362 -249
904 540
621 232
441 -1094
1058 182
1376 649
-1257 -1268
-150 404
1355 922
1266 93
1336 -458
423 -539
-264 1233
784 1316
-1286 234
-973 -864
-920 -838
145 -227
-739 95
-427 -380
-899 -1315
1095 -926
-1321 374
915 255
-679 -79
-706 -1103
-472 300
746 1116
-89 -630
1244 -406
-1235 -648
-836 802
-383 -176
-611 928
-1158 209
256 -944
-903 -464
-758 1089
643 -899
-451 -523
-898 884
-18 1
-1170 1329
-936 -79
400 1114
1397 486
859 -268
34 873
-902 1197
-1236 -1308
-722 42
-360 1177
-345 -416
777 743
1127 -1306
-815 -1190
-1366 -95
-64 -361
660 1262
1090 1079
-699 784
-950 1127
632 -336
742 -1047
302 1027
-497 417
544 511
-464 865
337 927
352 -167
-294 -1042
-1031 940
-142 784
-736 -1339
-705 212
750 761
1106 1162
976 -856
-511 1265
-662 214
138 -1027
519 417
-355 14
-1122 -421
-1281 -675
-1355 559
-1017 -1089
396 -265
342 -576
1296 -423
-1224 -1062
979 -692
105 -543
417 -345
-712 29
-210 -599
1219 940
1270 -272
-535 -458
877 -681
-674 1297
-200 -1111
-376 680
635 975
-385 -301
-991 -1325
-271 -1282
-1170 1149
881 -842
64 576
534 270
72 -900
-1063 -1075
-276 1395
-1253 102
1281 101
895 -52
1180 991
-1107 107
561 -990
574 -750
1332 1252
873 -877
-723 -1375
309 201
-639 1027
1265 473
546 748
34 -866
-569 850
-459 849
-277 914
1121 -940
608 1204
1092 431
-513 -1116
428 1164
1378 1143
1234 -711
-1073 1290
1062 1027
-711 -773
-567 -1062
-964 -884
-112 429
492 -612
1371 690
580 1387
-697 -1286
-1297 -117
700 -1304
-1007 -13
-887 1160
1353 146
251 -117
1220 -1261
603 1333
-530 -499
-1205 122
609 -108
-330 -1342
-373 -1259
-1098 621
534 1355
-306 1193
-870 -452
-196 841
-940 -14
10 672
-1019 149
1399 178
-1258 -287
489 -59
-1250 380
-1297 -702
66 -1215
-964 83
-662 -838
-109 1138
-777 1123
-1247 794
1143 -1055
1036 1101
497 -527
187 1030
-185 -1236
-310 -1371
1020 -877
-427 -1054
-699 213
1385 -1312
-1287 503
689 -871
987 997
-940 366
-606 -364
1096 -466
1228 -1007
1221 1301
-320 -1099
908 1151
-538 -354
689 -266
-1361 -1040
-907 187
206 655
341 -885
-556 -744
-1135 -1202
1356 1373
250 1274
-635 -1067
-256 1157
1045 1039
-299 52
766 -975
-734 -1283
98 1125
1035 -785
837 -890
84 -399
163 -317
219 753
-278 -872
-708 1019
1121 -39
91 2
178 926
-932 253
-728 212
