-170 77
-235 245
-129 249
-127 233
73 215
200 -78
14 -212
-196 124
-7 -118
-66 3
251 0
92 59
-107 -62
153 185
286 -224
-220 -87
-275 -276
285 -143
91 14
110 -49
87 -156
-189 233
-169 -53
-40 279
246 -50
115 292
-198 131
-279 -66
119 -60
212 25
253 242
-215 245
166 -65
68 167
-131 279
209 -120
-137 -25
277 219
281 203
3 257
-223 -117
129 -196
115 -259
-60 71
-162 -68
-102 82
3 257
-195 -297
-289 83
106 -218
-6 -60
-291 -59
166 -80
288 236
285 88
268 -62
262 -274
-87 -82
209 263
173 66
-274 -225
77 -255
85 -217
48 -62
-146 -250
-53 -63
-14 -189
48 -61
14 -143
43 -160
-265 -150
-238 -152
173 -130
59 -268
-143 -41
178 187
227 -245
0 191
-279 -180
-193 164
264 231
-168 108
91 269
-26 -22
37 -10
130 14
33 -75
-294 -179
272 238
-168 132
-137 14
-273 68
189 -182
-147 112
-183 148
-139 86
160 215
-16 -247
-167 233
90 -166
-3 -154
-47 168
-16 -37
37 196
268 233
121 223
87 11
236 -47
-145 137
-152 -32
127 230
262 -26
-158 -14
45 210
298 -104
-225 266
51 131
-98 65
216 -203
250 183
-182 15
-30 -106
16 126
-44 287
-199 51
86 -205
162 248
45 294
-37 -206
-132 153
0 7
229 292
-227 -69
87 109
-16 -39
-211 -42
280 152
-180 147
83 -106
92 262
35 130
-44 173
244 -93
100 297
-234 169
-154 183
-134 112
-110 1
-288 61
-192 -15
83 -39
-207 -78
26 204
140 -26
144 111
297 107
-166 212
72 -260
-277 -229
190 -259
258 -12
207 -215
-17 -69
177 -79
115 -25
178 -159
-44 -297
190 107
83 -136
181 -27
-100 102
295 -70
130 -25
194 40
130 -227
-278 169
-258 81
-145 -183
104 287
16 -61
-205 205
-291 -170
-293 -147
-54 -265
-255 244
-108 130
61 -78
-132 -89
63 262
261 -245
98 248
-136 -247
288 -192
147 -229
289 4
78 166
-64 179
222 -209
-96 -34
-148 -87
121 -74
177 138
86 -288
182 50
262 -231
-195 -156
11 139
-183 254
-24 -239
-155 -38
-95 127
-1 162
270 -237
-260 290
-298 -245
71 -103
48 135
-278 -125
238 -184
-121 54
289 257
-112 -128
218 133
-166 -225
256 -160
-208 282
-231 -90
-72 92
190 -238
-102 206
-65 -91
238 96
-67 -106
-258 20
216 -166
295 -19
-166 -58
-185 -136
-5 -33
185 18
295 -140
-44 299
252 148
-160 253
16 177
-269 -138
-254 69
293 -173
-236 -296
-97 -158
-276 229
57 -168
48 212
-20 -83
248 61
285 -63
-156 -282
217 105
124 66
190 140
10 -188
-210 118
-24 -55
287 13
262 -14
-215 -95
-206 -107
2 -103
245 -84
63 -38
-213 -267
-244 297
-131 -292
109 112
-250 -255
-276 60
143 209
-177 -194
95 -14
-282 52
-13 272
-106 156
59 -156
-131 45
136 -23
-212 276
117 -277
244 23
-268 -213
-99 -192
236 -291
25 -95
11 171
201 -86
94 -194
28 211
-215 -251
-178 -51
-221 -106
-81 -230
