16 8
-6 -38
-46 -24
-24 -45
49 33
-42 -38
15 43
13 -45
-14 -9
-9 -20
-22 -17
35 -24
-21 -5
-21 43
39 -26
18 -36
-32 32
20 27
-31 -6
-28 5
46 -7
8 -10
30 30
49 -40
32 22
-14 26
-23 9
25 -28
-34 -10
-29 -48
-34 -24
-6 3
-11 13
15 -12
-49 -39
3 -14
-8 -5
29 32
-38 22
-44 -45
31 -46
-23 -49
-44 34
-2 45
39 -40
38 -18
35 -36
-2 -44
-7 12
2 -10
35 -34
1 -24
15 0
16 -25
41 -15
-13 -12
19 -44
-1 37
-14 35
-39 -49
15 -21
33 -46
35 6
0 29
46 0
-40 -1
-28 16
-7 -46
30 5
37 -42
13 0
42 -18
5 27
-33 -30
-48 25
-42 31
24 9
-27 12
-19 43
17 0
30 -27
-2 41
-47 40
0 -27
22 29
-47 6
-6 47
5 -4
-8 -31
18 30
45 7
24 -21
-33 -39
18 25
34 21
8 35
30 -21
-21 -30
-25 15
-32 -26
-21 34
-46 -20
-43 9
-6 16
26 -29
-4 38
-14 -32
-19 -7
-1 -42
-15 -14
-39 -34
-2 43
-44 -13
46 -44
13 13
18 17
28 -33
33 40
48 4
44 -29
-12 49
37 0
-40 -15
44 -15
43 -45
-36 -48
0 -22
13 -44
-25 -32
-10 9
35 -18
26 43
20 17
-25 -41
27 42
23 -31
-21 -17
2 -9
-6 -27
-31 -8
22 -40
-16 9
-36 48
-34 24
-14 2
27 19
24 38
15 -48
12 22
-32 32
18 10
-45 -36
-37 -12
21 -45
44 37
5 28
13 -15
-14 -42
-33 9
33 -46
2 19
17 24
41 2
-9 11
0 -29
-44 37
9 -26
-17 45
9 19
-34 44
19 -29
0 -45
38 31
26 17
-30 -6
-7 46
-27 -46
-5 1
0 41
-15 -2
-42 47
-4 2
-44 10
47 -47
-21 -11
47 -30
17 -40
-5 -28
-30 -10
15 -26
-41 39
-45 -12
15 30
31 -12
-22 45
37 43
14 4
-43 6
22 -30
0 13
17 13
45 -22
1 27
-24 42
-34 -32
-41 31
43 0
40 41
-9 -22
22 19
43 33
-2 27
47 46
30 2
44 49
27 10
-8 -11
47 -38
-10 -8
34 39
26 43
45 4
-20 -2
-28 -21
-15 -43
-5 1
18 -26
46 -16
4 46
-20 -31
12 8
19 -31
39 -14
28 -12
-29 -43
-44 12
-14 49
-48 28
22 -17
-5 32
27 26
42 1
-49 33
49 28
-48 -7
0 -19
-11 -8
41 -28
45 -28
46 -47
-47 25
31 -13
9 -31
-34 -7
0 36
24 -28
36 28
-7 -36
23 -40
36 25
43 47
12 8
40 -6
46 -1
47 -40
-36 -38
30 38
0 -15
38 -32
47 5
10 -15
13 3
-22 -8
-15 -43
-12 -24
-3 -35
19 45
-16 45
6 33
10 -7
-38 -18
0 35
-24 32
11 -33
44 -48
4 -19
-48 44
45 3
-45 -28
-15 35
17 6
8 -26
26 4
-35 -47
-20 -31
-15 48
36 -17
3 38
-42 33
12 9
11 35
-2 46
-34 -5
-40 -36
28 8
18 38
-10 31
-7 47
-32 -32
-41 35
20 21
-21 24
29 44
45 35
-11 -32
-36 -6
49 -40
-29 -16
17 -34
-7 -29
-43 14
37 3
-8 -41
-15 11
-32 -27
12 40
-3 37
-26 -12
12 35
47 -25
-12 -2
-23 31
25 4
3 -13
-7 -37
49 9
-44 -19
-3 9
-49 22
37 0
-25 37
34 -19
43 -32
47 -27
-3 -21
28 -16
-21 -8
-21 7
25 -44
-6 -49
22 8
-2 -10
-4 12
-28 47
-10 15
-49 -34
-18 -18
36 -14
-49 -26
37 -24
-12 -47
-21 11
6 1
0 -45
33 -22
-41 -20
32 14
-12 -4
10 -8
-10 8
9 34
14 18
-30 -34
0 -28
-25 -38
20 -34
-38 12
-44 -24
-21 -14
-10 44
47 15
-35 29
21 -29
-1 -32
45 -42
-5 6
-4 -44
-6 -25
-17 -46
-33 43
-22 39
19 26
-32 35
8 42
39 40
-47 10
5 28
-15 -38
-45 -31
9 0
12 20
29 16
45 37
25 46
21 10
-41 20
-11 -6
39 20
-40 -3
28 38
-43 -33
13 -4
-48 40
-24 35
-6 45
-10 -33
-8 -5
49 44
29 43
46 48
-30 13
16 -20
-12 1
22 -23
44 -33
15 -26
44 -45
8 20
17 17
-19 16
43 -47
22 -17
38 -41
-46 19
-32 -4
42 32
32 -4
-30 33
23 -38
30 6
-39 27
-14 0
7 1
-6 -19
31 -25
-38 14
30 46
-48 -31
25 40
49 11
36 48
26 41
17 10
27 28
47 46
-45 45
-15 29
-15 -6
3 44
-13 -35
-49 2
-47 44
-3 14
46 -38
12 26
37 -23
2 -11
38 -2
25 24
-5 -31
-24 -8
42 14
-47 -45
43 -47
44 25
33 4
23 21
39 11
27 14
1 38
30 -3
21 17
-23 -38
-26 10
-28 30
11 -35
-22 -4
-36 8
21 20
48 36
8 -17
-8 43
-28 -39
-35 23
5 44
-46 -30
0 -14
44 -14
-9 23
31 4
37 -6
28 7
-12 -44
-15 17
37 0
38 15
-11 -44
47 31
0 -41
-47 30
-24 38
27 -4
-25 -35
48 -9
13 11
-5 -13
34 12
-11 -31
41 20
-18 -43
46 -33
30 -48
-43 31
-47 47
31 -3
-28 -20
-45 -15
8 26
-3 -44
-40 48
-29 -48
27 19
8 11
49 19
39 -20
-28 39
18 -27
-34 4
-40 5
-7 44
-36 -49
5 7
49 -29
33 -25
0 -37
3 46
9 -22
4 38
-43 -38
25 -11
32 -39
-33 -36
0 39
-16 -37
37 -36
-33 21
-47 -32
-35 47
9 49
12 0
15 33
33 35
-25 -15
-40 -20
-26 13
-46 25
37 -32
-39 22
-8 -12
19 -3
-34 3
12 16
26 -28
9 -29
0 39
-24 -6
16 43
-2 -48
14 4
-36 38
28 -29
-16 7
-30 34
36 -47
-43 -25
28 39
26 -31
36 29
15 -9
9 41
3 38
39 -25
-17 4
20 -46
14 7
24 -43
-46 -24
-3 -37
9 10
-3 -10
38 -24
34 -5
-2 8
-18 -31
13 12
19 8
44 -29
5 18
-10 3
16 -6
-46 24
17 25
-28 29
49 12
-14 -37
19 -37
22 -21
0 -39
-24 -25
14 19
-40 -38
-12 14
35 -46
-22 11
25 -41
22 8
-20 0
30 24
41 31
37 -44
-8 7
45 8
11 4
26 -7
14 23
38 42
47 2
-20 33
-43 -5
10 27
31 6
-37 38
21 -34
44 -24
27 45
-12 -44
17 -26
-15 11
26 -43
-20 -21
0 -37
37 -7
-36 -28
38 31
-47 11
-25 24
-34 9
28 -27
18 43
32 26
0 -10
-25 -24
18 -23
44 -36
33 -8
33 45
37 9
33 -35
38 24
-41 -48
-41 -29
-45 -20
-6 -6
-5 7
-26 -29
-11 -37
-49 -44
-32 19
-3 29
-8 -37
1 17
46 -11
-26 -17
-23 -35
41 21
-4 28
48 -35
-29 35
4 5
-47 -49
36 46
-25 36
45 46
-9 11
16 -26
33 16
-23 18
-42 27
38 8
-37 6
-22 26
-7 23
10 -2
18 -20
-48 0
-30 31
10 13
3 28
-5 44
17 -11
41 35
24 -8
-14 -3
9 -11
16 -33
-32 33
31 38
33 -16
48 11
44 45
17 48
-22 45
-17 -47
31 27
45 1
-11 30
-5 6
0 -28
-35 49
0 4
34 49
14 -39
23 41
26 31
1 27
39 41
4 -26
-18 23
-22 12
-6 43
8 -42
-46 6
47 -45
35 -49
8 -34
49 -49
-13 48
-40 46
-10 -11
3 -24
1 16
-44 0
47 8
-4 22
42 -41
47 36
2 -22
37 47
31 -49
23 44
-46 46
6 -4
-26 -28
7 -6
-2 0
-46 46
39 -10
-46 -44
-41 -14
4 44
48 48
-45 -22
24 20
30 48
-24 28
-14 34
-20 -46
-36 -15
-28 -23
-49 -36
-24 -2
-25 -41
-27 22
-23 49
-11 39
46 -23
25 32
-22 30
48 29
8 -10
-32 -34
5 26
31 -17
10 41
27 37
31 23
-27 -49
-44 -5
43 -3
36 -45
20 49
30 -37
18 -21
11 -38
46 49
-26 -13
44 -10
-15 46
-18 -41
2 2
-24 29
32 21
44 -38
-21 19
31 -31
42 24
-17 -5
-38 -5
-38 25
28 -28
34 -33
19 -38
0 10
22 -49
1 -39
-34 -32
-17 45
-12 -22
-38 -33
47 16
30 -34
41 -22
-11 37
11 28
-5 -47
-37 -44
44 -26
25 47
23 -23
29 -35
-36 -33
12 -16
15 32
25 5
41 -34
44 48
44 4
-11 -6
5 40
0 26
-14 -11
1 -16
22 -37
-27 9
-35 -42
-43 -46
-24 26
-4 49
32 -48
29 -39
11 -28
9 41
13 33
42 40
40 -7
3 30
-11 29
18 13
45 42
-16 -9
18 -49
-48 5
25 -37
-24 44
5 -27
26 7
-10 -2
43 2
-35 4
-13 29
-39 -23
-6 47
28 -8
25 17
-26 -23
-4 -9
36 10
43 48
-34 -13
25 -16
-37 -20
3 20
-6 49
37 48
-15 -31
-26 -7
27 47
-1 -30
2 -11
44 46
18 49
42 -37
-33 11
49 -10
12 -48
48 -1
-45 14
43 -1
-23 -34
28 -26
20 -11
-6 -20
-30 48
-14 20
13 32
8 13
41 -37
-17 36
12 21
8 -17
-25 20
29 45
48 39
-9 14
-11 -38
-22 30
7 -8
-28 -9
-35 39
-26 18
25 -46
-4 -4
-27 42
32 -31
23 14
35 11
6 -31
7 27
48 18
38 -12
-45 13
-25 48
11 32
-14 25
-38 -37
-29 -29
42 -41
-30 -27
-40 -9
37 16
5 0
7 9
-15 0
-29 -40
38 41
43 -25
-12 -39
-32 -36
10 -10
13 -38
16 23
28 -8
18 0
-35 -13
40 42
-37 36
-42 -18
-28 -1
12 1
-15 42
49 -48
-32 -6
21 33
17 -16
-7 -15
0 -45
-37 3
36 42
-15 -20
-17 19
36 -39
9 8
35 35
-28 -48
48 5
37 -33
-47 14
34 -30
-28 8
-21 -29
-22 27
-41 -32
-4 -8
24 4
8 -25
19 5
-24 -45
-40 -16
38 21
13 -17
