1060 2625
-3419 3730
-1448 -1884
-2069 -1131
3618 -37
-2016 -3407
2983 312
1076 2616
-1060 3665
-3534 -1866
3061 4051
-1079 -2860
-2981 -381
740 310
560 -1340
1658 1680
3797 -2956
-4171 3529
3491 2396
-452 2281
633 985
633 -2292
-2686 -2195
-647 -2576
1769 1681
-606 -1071
-3457 -699
-3911 -1397
-2292 2071
584 -291
2471 -1828
320 -3885
-2360 -2320
198 3800
-2749 2604
-225 3233
-144 1541
-1992 -650
-2556 -2286
-3476 26
-1732 -1017
-889 3519
-881 -3008
2701 3397
977 -3666
2378 3023
1367 -2457
-2593 -3570
-3165 2187
-3697 3458
3331 -2063
746 -1824
1289 294
1654 -712
-2172 -3964
3087 2797
4111 475
865 -2440
3631 3826
2069 -2206
-3528 4066
-667 3825
4142 823
-1167 -3986
-3456 -319
3964 -1660
-1737 1666
221 1406
3343 -2014
360 -26
1822 4071
231 -1411
3757 -1309
3748 -1823
-406 -3023
37 -405
257 3434
483 -2609
1201 829
2073 -1515
3690 -2818
2199 436
3603 -3540
-269 -2628
-3592 -790
50 3105
830 -4123
3105 749
-864 1285
3325 -1334
-954 -1944
582 3089
-937 -866
-3948 1504
-2949 3237
1694 -3241
2714 -2215
103 438
3669 989
-1978 -4135
523 -504
-1393 -2111
-2466 594
186 -1941
1657 1851
-3634 -732
-2674 -2018
307 1700
-2606 2123
501 3779
986 2371
-3041 -3772
-977 -2294
629 -436
-263 -4139
3403 -3075
-4028 -309
-3634 1794
-2362 3706
3958 4138
1114 3217
-3921 -1937
3132 1546
1841 -4068
-432 3055
-3102 3464
3083 1104
1557 -1970
-2658 2237
78 1499
-835 2822
-2205 -165
-1261 -2765
334 2624
3710 1572
2876 -214
3880 858
-950 753
3486 -1514
4129 3420
2240 -1795
966 -3446
2686 -757
-3372 1224
-1030 1810
-1923 -1964
-1794 -1915
3666 -2578
3702 -3657
-3103 3471
2720 -729
-563 3392
-2384 1994
-3732 -1049
-1998 3840
3230 3883
-2572 696
1249 -3397
-3002 823
3470 -1331
1127 539
1258 -1198
521 4141
1892 -2347
-2896 3487
2219 2580
-2324 2143
-46 671
2065 -3599
3061 961
1640 -367
3616 3763
2838 3443
2166 -1165
-3034 -1695
-1221 185
-1588 -3516
3856 -4097
4195 -1119
2889 -3062
-3677 -226
-2839 509
-635 1039
-1977 2478
-4035 -3490
-1265 -2524
-813 -3774
-2038 2185
1898 2967
1968 -3242
3278 860
-52 -956
3146 -2396
3977 -2143
-749 3209
2264 -2475
-638 -574
-1317 988
3396 1654
2098 3935
-2760 4020
2693 -3452
2605 3396
-557 997
3476 134
-1998 869
1250 -2430
1303 -672
634 -2190
-3212 -1568
861 2767
-2636 1801
3614 1160
-1046 -2911
2936 -2825
-2039 -3940
2507 3798
1485 1890
1308 3502
535 124
2913 2985
2460 674
-189 -1688
-3577 3412
-1090 -2876
3397 -2021
667 -2256
-2485 291
1551 471
-1041 1473
3550 1820
-2716 -3722
-4117 1882
3929 1654
-1481 2345
1107 3415
3948 -1938
1450 -4010
-3005 1158
2549 1538
-3410 -1270
1042 1670
4191 -4002
2772 3756
3687 4007
2211 3168
-1858 2489
-4086 -2940
1872 -1607
-2449 1319
-664 -1856
-3387 1391
747 -560
141 -3239
-2068 3866
3120 -2916
3225 -266
-1829 3039
3150 -128
1566 1791
-3532 4055
2156 2017
2789 -3505
1432 636
-2412 -3868
-487 -122
897 2996
1992 -1901
4025 -941
2830 -229
1338 670
1582 338
2957 810
2419 3210
271 3515
4047 -875
3036 -2885
-3119 3246
2290 -2187
4031 -2973
3434 2889
449 1721
1449 -744
2065 -1951
2077 3151
3497 1053
-3497 -2027
1713 -820
-4135 1169
-895 -1361
2605 697
1928 3619
3322 -3817
-2479 -2678
-1401 3423
-117 2958
-475 2253
2803 -2971
3102 -1212
-3571 3676
-492 3574
3661 2001
-4024 -1461
-1552 -956
-586 4001
-1000 -3852
143 3125
-2364 -431
-991 3133
-3229 717
2561 3751
-191 2093
3772 2109
2451 3049
-95 3544
-3951 -1914
-751 1637
-1254 782
3161 -3809
-4012 -2199
1618 -1164
-4177 -3539
-3070 2064
1951 -1304
-3387 -5
-1707 -2030
2561 3611
-1948 -3445
901 1245
-2356 -1705
1599 1832
-3240 -2906
3494 434
127 2643
-1191 -2202
2833 -3673
285 -3601
1412 -3356
2273 -748
160 852
1061 1133
-2177 3442
2458 3250
1948 1743
-458 61
36 1616
693 276
-3143 2587
-70 -726
501 -1270
-3204 -3033
3700 2781
2367 -1637
-976 3037
-1130 -2084
-4104 -1178
2972 -1668
-22 -811
2822 -1712
-3503 1267
-969 -3429
-2578 2202
421 -910
-2 -33
446 -1395
137 -2610
1220 241
737 -3020
218 2807
-502 -4105
-2992 -4103
-1717 2007
1627 366
3568 907
1079 -1440
3426 -3633
323 1304
2563 855
2807 3040
3389 -304
-2017 -1345
1636 -1207
-804 -3412
-1949 -2336
339 3372
-1248 -3084
-1511 -2341
2788 3445
-3550 -906
-2596 11
2146 -1337
-424 -1369
2184 3921
3329 2982
-1167 919
-3507 -3050
1042 150
-1607 -3165
-2269 -3809
-3277 -2520
3837 -1091
-3836 -3914
-3760 3211
-635 -708
-2620 -3576
198 185
-2424 992
-3047 -371
-501 709
-1073 -3118
2698 -2490
3812 567
3123 -1241
-1254 -49
3924 4144
333 848
-2627 -3160
-1749 -1787
1227 -873
-507 2025
3754 -195
1784 -2755
-2814 -1107
-1086 1429
465 -1010
-3770 1327
4190 -2751
3794 -3102
-3752 -1596
1844 3629
-1143 -3749
-2618 -3254
-3389 1812
-742 -4041
-4126 2053
-1868 -3048
2085 3002
-1182 3099
4012 3889
430 -1169
3905 -1575
-179 -2343
-1256 -1595
1021 -253
3382 1508
803 -1379
-2425 -2299
-3793 765
-622 -1945
-2566 3782
-1233 3539
-3436 1592
-467 2576
-1015 -3779
-261 -557
-1137 -2728
3861 -380
4115 -1642
2805 -2265
-289 1627
3773 1320
-3640 -1951
1982 -4122
3203 -1494
-291 1028
-3378 1572
-2918 948
2137 1191
680 -333
2112 188
-562 -2417
-1573 -729
-3699 -1968
-3995 152
4105 -2741
-3895 2713
3167 1538
-4167 -575
-2166 -1954
3152 232
4001 1987
1538 -2017
-1312 -3128
-3484 3909
3219 3867
176 -3630
-786 -3148
-34 1339
-3684 -3226
1576 -2014
-1990 -3676
-1827 -119
-3058 -3952
-2619 -846
-4182 -1259
431 -3141
-1129 -1372
-1641 3467
2369 655
-1578 -2674
4121 -2788
-3789 -1735
1538 1153
1224 1410
-1374 -3682
561 1109
796 2575
-2998 3059
2527 1147
1562 750
-851 -335
3542 2017
-3307 2647
-3803 -2974
3737 -1591
2481 -564
-488 1047
109 1977
692 -1310
-782 -40
-1018 3099
2455 872
-2186 3019
-903 3284
1542 -2516
-209 -50
-1542 -1919
3327 3835
-734 -1000
3493 -4174
3242 727
4175 2550
3453 2222
1344 -2423
3905 1802
3096 3232
864 -1772
-1237 -597
2942 -4004
1971 1642
1614 73
-1506 -2885
2381 2498
3694 2804
-2844 -351
-1906 951
-508 110
1677 3292
1620 -1039
2567 -649
4191 -3477
-1272 3362
-908 684
1317 -1604
2568 39
-2952 -1680
-494 -3959
3373 3353
3050 75
4032 1361
-3646 -1379
234 4033
1461 -2324
-194 1099
-527 -1557
-3482 2576
-2704 3405
-642 2603
-887 -1765
-1271 -1598
2440 -2343
-149 551
-3254 2044
-2638 -1674
2479 1703
539 3952
-3378 -3632
-3572 -4012
813 -1621
-735 -1180
-3061 -313
3833 1176
725 -2322
-2415 -2354
-3583 -1974
-1093 209
1035 -1217
-1697 -926
553 -2191
-3721 -643
-942 -3195
-1965 2418
-2850 1013
-160 3047
-3292 -70
-3607 -2988
-1213 3728
3758 -920
-703 -522
3432 -357
32 3698
-1904 -64
-1373 -2844
3919 -2930
1666 -3849
-2606 -1754
1334 2620
-1315 -2940
-4094 -1886
3577 -1092
-2481 612
1809 -1257
1904 703
1351 -1514
1968 -1799
515 -2464
-671 2987
2411 3007
41 -4014
-4092 -785
-3731 -2485
-2718 980
1914 -1991
1222 3012
-512 -1890
3273 3752
-552 801
2356 -310
1477 1020
-4008 -1375
-14 -3462
-3282 -924
120 -571
1071 -1746
2732 2114
1760 2834
1614 -3000
3378 2349
3842 2130
2271 -75
1473 1883
-3435 597
839 -1822
750 -2866
-737 1449
2390 -3383
2716 -2178
1352 -1649
4064 4164
529 1285
3741 -2907
3548 -455
-1842 1889
-2753 -3750
-1303 4050
-241 1326
-3522 2012
1476 -3474
1794 1848
-1480 1063
-2834 3697
-1904 -1162
-6 3868
-3956 -4196
-1431 -3752
1905 -811
356 2739
-2477 -4196
-222 883
724 -3503
-2827 3621
-1557 109
-3701 2927
1309 2019
-2516 -1835
-2142 -3027
1322 1489
-896 777
2152 -1881
89 3563
-813 2647
-2676 -1895
1286 -2385
-2994 1964
107 2626
1390 942
2978 4081
731 93
-2225 1162
819 4000
-1233 2635
-2834 3156
3071 3346
3165 2599
-1830 -1918
3537 2463
1725 3953
1943 -2680
-2081 3583
3787 -1784
-3439 739
-2278 -317
-2777 -1652
-396 -694
3131 1314
502 -231
-3899 -3648
-2902 4112
4030 -1329
2395 1606
-95 676
3151 1966
3645 1782
4091 -948
-3517 -1911
-1578 3439
-343 -252
-4053 2165
500 -596
-1173 551
437 494
-1825 -570
1157 -1104
305 3641
1276 1520
-2021 3599
-3961 -3123
-1514 1388
2361 -4118
1497 3533
1922 -3489
-176 3352
2446 1113
607 -791
2686 -2803
1682 -1109
-3444 87
1060 -3159
-1860 567
-3509 -3959
-178 4092
179 2737
513 -3148
-1548 3626
4046 -3066
-2375 -2196
3852 2244
962 -1640
2447 -237
-1179 2706
4024 1628
1783 -3591
1791 2803
-2028 1441
-2009 -2505
-60 -1792
1988 -498
-3148 -2895
2270 -1591
-3606 -2625
929 -534
103 -3011
-1773 858
-942 3100
459 -480
-2971 3442
-484 3647
1195 2292
-147 3433
791 -3406
2315 3655
-3220 -161
-1110 -1738
-356 -2038
1090 -464
-2344 256
1104 -1151
-3932 3690
2700 -1632
2677 -2300
1499 -2967
1061 -1798
-994 -2758
-2941 1404
3892 -1493
4060 812
2988 -2206
3516 -275
-2397 -3535
-91 -880
3535 -3755
-1146 3240
1626 2005
-3216 3074
-1502 2798
-1069 -1284
1024 1406
-1701 2179
-1021 3533
3907 555
-2931 -1958
-2942 -3292
672 -1564
1688 2150
46 -3539
2312 -1211
4183 -686
2845 1171
-2685 -1782
387 2054
372 -542
-1634 -2212
-1537 -2866
718 -3704
-1555 -3831
2491 1277
1188 -2595
3181 -3580
229 -1790
602 -1402
762 -3961
1740 -1650
2572 2729
2202 188
57 -775
-1285 3379
2676 3900
-2035 3186
-3965 1519
-2333 2605
128 -3190
-103 -100
-3731 1665
3836 -48
-158 1063
1388 1938
3585 -3492
-4091 3208
-2963 -3768
-1620 2054
1409 -2564
3032 -1381
3120 -604
-3363 -538
-314 -1781
3105 2209
-3040 -3668
-635 -1879
1780 1647
-1183 -2389
-984 2780
-3262 -1261
-1573 -3926
68 562
-2551 -3249
-2212 -1027
-3902 1831
-3719 -3151
3441 2495
-3979 1591
-3090 -1140
4177 -1936
2661 4108
-2584 -1117
406 2488
1584 -259
307 -1201
-2045 -3948
-1055 2120
-3382 -1942
-1944 -2043
1558 4117
-777 369
-3405 -3359
3764 -3698
3372 2033
3875 -2421
-4137 -4105
442 -1385
-134 -4053
-1711 3892
3059 1361
-3670 2525
-3100 3123
-1673 3593
-3993 -2647
2822 -2504
-2575 253
-1643 88
-3055 2147
-929 235
2967 3869
-2941 3248
934 4008
2981 -2292
-2047 -836
3383 -714
-3701 -696
869 -1439
-2765 -1615
2764 -4124
-1053 3377
2467 1138
4082 -335
152 2115
-729 -714
2955 -898
-3209 -2744
-1837 -1792
-379 1602
-3076 -3372
-3049 3051
-2488 2269
3277 3043
-1897 -1190
-2631 -644
-169 -631
2721 2100
4005 3817
67 -3030
3437 3969
308 1226
-2098 259
-3062 -3226
1547 -107
4159 1576
-1338 487
-3503 -533
2911 -418
2978 -2758
3104 -100
706 240
-3842 -3825
1190 -818
3584 -2026
-2479 -345
-376 3965
-3671 3578
-3164 487
3306 -3123
-3840 -1436
1060 -2156
3032 65
-1793 777
-309 -1455
-4030 -1220
-1528 1502
2788 4029
-1589 3273
3700 1939
3426 796
463 1890
401 -678
-1630 479
-2401 -3047
195 -3360
-2045 -2058
-3740 -1257
1305 99
-1401 -2059
-3423 1021
3891 -1705
-970 1549
-2655 -2104
-3632 -3394
-2707 3412
-2733 -432
-1234 2461
348 3164
-831 2775
-1695 278
-3003 1408
426 -869
3579 3750
1265 -724
912 -3726
2970 -3722
3835 -3785
1048 1947
1229 -2107
-1503 -3150
3409 2115
-107 -97
-2181 -413
429 -3567
993 -488
-1989 -687
3794 1348
2835 3453
1687 -910
-987 -2475
3832 2925
3098 -2074
-768 -1102
761 -402
-2520 3358
2429 -2295
2305 -1293
3184 495
-96 -3757
-5 -519
3581 -2882
-522 3589
659 2490
-1466 581
2351 -2558
3242 -2986
705 -343
-535 -1010
430 68
-1824 -3684
-1950 3807
1144 -2932
2355 3147
1452 3559
-3937 -810
-713 2987
2567 1895
-2763 3906
1444 1084
-1009 759
3201 4160
2840 -3163
-2337 1709
-401 -3744
-1014 -2049
2985 2444
-537 -3665
-362 -3282
2260 1960
2080 2169
2071 3292
4039 1759
-1580 -3797
1352 2185
2079 2044
1122 1942
1386 2381
3770 -1789
240 1180
-3485 -75
2836 -2291
591 575
-642 -3286
101 4090
-2645 3194
-3740 3305
4107 3150
-1418 -2964
-931 740
-3912 1441
-1829 -2498
-1281 1020
933 -967
863 3364
2100 -3503
1657 3375
-2007 -823
-4188 3765
-1672 2190
-2397 2565
-3581 -514
-966 2595
-1077 -1586
-3361 893
-551 -3859
1468 -2150
-3710 -2153
-4031 -1248
-2998 -2653
2108 -264
1050 -1210
-4044 -2989
-3683 3504
-104 -1747
3876 -1608
3058 -562
-1414 416
-967 3155
2512 1210
1833 751
-3277 -2150
2547 116
2176 -2314
-2112 -1607
-4152 -3328
-3759 -3343
368 -1632
577 1017
1406 -3315
2840 -2524
2852 1912
1116 405
-2454 -220
2717 2937
2087 3673
3887 1579
-779 -1281
-1629 544
2632 2682
2844 -1973
3274 2783
-1970 -3044
3815 489
-1422 -579
1782 2395
-1795 -2608
3205 -4174
2524 2944
-3740 3735
-3282 965
2543 -2042
2127 2997
3869 -2315
2638 -1403
-88 -286
-2809 1793
-1598 -1703
3272 -4158
-4034 -3960
1450 2239
-237 2532
1624 1090
2222 1671
-2184 192
-1435 2280
-3730 -2717
-564 -1630
-2518 3684
929 -3036
-3927 1372
-2176 -3688
2382 -378
1911 -825
-3719 -1299
219 1502
184 539
455 2648
-4177 3517
-1117 2363
-2920 3725
2881 1599
3355 3392
-3958 -1611
3384 -516
-2376 1328
-1519 965
-1675 3419
-1786 -543
3615 4142
1469 -1010
-3872 234
2412 -808
2835 -1310
3730 3488
-106 1584
-3757 1242
-1975 -264
546 -3999
-2659 -3009
-19 405
1875 2704
117 -4058
214 3434
-664 2793
1307 -3400
2648 225
-1586 3436
-3936 1324
1329 -3772
4096 1003
2646 1283
-4156 339
3108 -2055
-2662 -1140
-2321 1874
-379 -664
-262 447
-4044 -1905
-66 -4041
-506 -897
-274 -974
-1190 -1921
3689 4033
-885 3277
-2098 -1800
404 -3326
-2946 -1921
-3291 -1204
358 -2639
2991 -1292
4141 1181
-3129 1635
2129 -1465
-3157 -674
2855 3647
1842 -4036
3208 3498
3218 -1831
-1917 -157
2243 63
-567 3145
-515 1628
3098 -1448
-2266 -1051
-3983 -2244
1474 -2283
3224 -3876
-3791 -1947
1265 -3547
769 -598
3085 -3837
984 894
2054 -3299
2603 2353
548 2048
-2421 1315
406 -2857
630 -860
1283 3051
4156 -1022
-648 -1597
4096 828
-3196 2102
-171 -1478
-3608 -1023
-162 2228
-1045 1012
687 -3120
2977 3833
2442 -2878
-898 3779
1154 -1053
1290 -1760
3613 738
-430 -11
-4066 3082
3762 1032
3452 -3195
-1793 1539
-2457 871
-3579 2863
-2283 -2585
2218 -1891
118 4004
2868 226
-1243 2889
-1674 1178
1861 4102
3821 2197
1995 3631
1624 -4164
-979 163
3595 -1896
-3338 160
-3216 -405
781 3630
-540 2437
4013 2743
-1053 1212
-1034 379
-1748 1450
2394 -613
1803 -223
-3501 2219
-12 -2477
3744 616
2373 -3172
-853 3401
-3755 -3248
2303 2815
175 -2009
3097 4129
-354 -2726
-2862 -464
-3474 -1318
-3732 -3625
-3157 -4071
-1770 -4045
-3370 -2228
1722 2575
-3289 -595
3550 504
2437 1159
493 -462
3161 2861
3860 3431
3089 -3861
1568 -1289
-3917 1982
-1539 -3879
-2851 -2879
-259 1750
-2391 -2753
-1160 3138
-1161 -3403
903 -2448
630 1751
-763 235
-519 1684
2468 1056
565 -1176
-3942 -3142
165 2762
3495 1828
3869 -695
-2613 1001
-1384 -68
3605 3281
-1876 -2238
-495 -2025
118 -3205
2276 -422
-3409 -1472
1875 1094
-1537 -887
3786 -339
3452 -1004
-298 -730
946 -778
1608 55
34 -3912
-3888 -1875
-2773 -3640
2114 3295
4028 -77
2491 590
637 -4005
-1609 -3804
3813 -1211
-2396 1829
-1227 511
242 -2545
497 -1936
3016 -184
-3445 -2667
1766 590
-2429 -2621
-2308 -154
1177 3042
-3224 1495
-1411 -729
1445 1691
1962 -2615
3265 -387
-206 1818
3937 2270
286 3102
1391 -1774
270 -2895
-2509 -1641
4055 -1503
2358 -2137
3966 -592
-3795 1199
4058 -1537
-2716 4095
-1645 3157
1478 1356
2077 3485
-763 -2446
-2526 -435
2184 648
3106 -3035
-1075 820
3940 -1853
-992 3315
3733 -3077
1008 1030
-1358 1473
2616 3463
2442 2289
-654 1445
1714 1153
-639 -471
906 3622
3515 -1382
-1468 -2023
-2041 1407
1006 3424
-4056 3028
-3117 831
3893 -1995
-3941 1747
3375 -3601
-3523 3133
-2855 -2169
-1207 -2762
-1795 -1832
-1642 -3638
-595 -2991
-464 -2896
2434 4134
-839 -1561
-201 -72
2179 -2034
-3655 -841
1188 1174
-2548 1483
1961 2465
454 -4089
-4151 3487
1324 1571
-1955 -4193
-4126 3380
-2368 -3174
-2137 -1449
1531 1688
-2996 -1082
-2044 -1888
-125 2939
1683 3218
-3714 -3477
-4125 828
-1799 -2903
-1999 3647
-1619 3763
-4033 2563
970 3908
-2085 -67
2055 -2166
198 644
3009 1247
-437 -3033
157 2920
-2504 764
-1188 644
-2012 -735
2971 413
-1209 1638
3420 -2486
-3566 2968
-68 1906
-501 -3594
-2757 -2025
-1914 -3658
3573 3932
-3004 -18
-1463 1829
-2280 -4173
2513 -1007
-377 -3889
-1002 -270
3215 4033
-3273 1185
-577 2313
3984 2672
1389 -3472
-3475 -3550
509 -542
1011 -1911
3107 -4007
3098 -1723
3889 3974
1437 -2343
2337 435
-981 -2870
2833 48
0 -313
-3306 -3798
-4026 -2963
3010 -2821
1304 1824
739 3074
-4075 -1032
-305 1853
4119 320
2194 28
1173 2679
-2359 -3446
-4000 -1793
-1886 2307
905 35
1753 -3805
-3919 -3571
-1805 -209
-1691 2083
1149 2240
1167 2874
2065 -2067
1642 1506
-3490 -3998
3150 3956
1515 1425
-2857 908
-3244 -2856
-4106 -3328
1932 1279
-660 -4027
-2872 -2881
1009 -3592
484 2868
-718 -2252
3297 -652
1273 -3373
3530 222
2839 4083
206 -3130
90 1470
-204 -2858
578 307
1649 -2517
-838 2450
1181 1388
-1625 4119
-501 -1516
-620 -764
-3631 -4054
-3532 3828
3188 53
-2319 -1279
453 2587
-74 2300
965 -2826
-3307 4189
-394 2364
2806 3130
4101 1327
4108 139
3376 439
-395 -3975
1391 2479
819 -803
-564 4074
4050 492
-2262 2374
1736 1282
2375 3815
-1335 2241
1928 261
-658 2860
3963 -338
935 -3228
-1187 -929
2090 3025
3878 -1517
-2685 3960
1997 1359
3912 -2732
-294 3449
2294 3544
-350 55
326 2259
1834 1561
-2025 3882
2931 -3697
819 -2481
-1772 -570
-1218 -3506
-2931 3248
-2397 -519
-2283 -13
931 -3820
358 -3320
-4194 -1564
-3025 -295
-1675 -986
1725 2326
2207 3268
4030 3975
-3368 3393
3139 -629
-2231 -4143
1292 1638
1494 -2139
491 2152
-3127 2250
1908 1312
779 -2127
-954 3829
-4072 2713
2657 -887
-3400 -2570
2075 -3031
2447 1136
-196 1425
2069 -2454
-2619 2631
1857 -3109
1283 1689
3890 -1534
2102 -458
-1454 -947
-4119 -2912
3128 -4181
1548 -126
1001 -1737
1740 -1314
-3304 -2194
-2177 -528
-633 -1658
-502 -884
-716 -1385
-226 2831
2643 1926
2555 -1646
-2329 -3440
-2121 -2347
3277 -2337
-1611 -2921
148 -3659
3353 -515
-639 -1396
819 3569
1574 4116
-2288 3496
-3222 -1242
1734 1417
-2570 988
2268 1681
-261 2431
-816 3827
-2444 187
411 -888
221 -2487
3738 3167
758 1365
1928 -1418
4162 -2061
2651 -3853
2768 1880
3218 639
-77 -2904
-2114 -1708
2930 268
2473 941
3473 3597
965 -2920
2306 -3589
-4135 2547
-2380 -3020
4108 -3178
-3617 3374
408 4066
-3698 4166
-404 -365
1253 4037
159 2287
-3285 4047
3840 -4192
3074 -2320
-5 -387
4062 -389
2711 -3099
-142 -1757
3831 299
-3310 2779
-2832 -4129
-3999 -740
-3424 -1543
3827 -1596
2761 982
-3174 -1868
2797 -3614
-123 -2072
1476 -1627
2117 -1830
3260 1616
1665 1418
-2358 2647
-262 1276
-3503 3432
1217 -538
4197 4180
-3903 -2123
-857 -972
-1345 -2604
-2342 1871
-3621 -3613
-749 -1304
-1221 -3984
-164 1453
687 2218
-3535 386
-3442 -601
1284 -4099
399 1214
-3712 1643
4045 -3402
-2087 -2974
3114 -3894
4137 1442
-3019 443
2728 -3784
-916 3892
-201 -3044
-2618 1999
-2413 3200
2483 -256
991 -846
-1811 3724
1869 3005
648 -3297
-757 878
861 2476
381 961
-788 -998
-1413 1095
2199 -2789
4010 153
459 -2719
3296 -2055
3873 -2482
-1997 1371
-2120 -299
-3845 -269
2747 2834
-3178 123
-3633 2652
1257 -4158
-2310 -104
-1750 -597
2503 48
-103 -260
315 2851
1071 157
-1441 -2096
-722 1042
-2790 3001
827 754
24 2992
1624 1799
-1966 -401
-2237 -3216
-3857 -1520
1254 3401
3675 -343
2852 -106
3423 -2881
-3459 -2567
-542 2819
-3743 4024
2237 -4079
-2636 -908
-3448 -2182
-3750 -2507
-951 2674
2369 -4100
4010 -814
3999 3924
-3005 -3970
-1967 -2687
781 3753
3246 2682
3971 2126
35 3364
-4103 590
2836 1575
-466 2471
-29 -1844
-1591 2112
2969 -890
2359 3055
1680 508
-2119 -967
3326 4053
-4199 407
-2370 -3782
-427 -4130
-3077 -3402
265 2379
-1768 -1599
952 279
-3548 3060
3746 3159
2323 -2615
-125 1152
-825 -3772
1447 -1091
710 435
842 -2288
117 -915
2824 -1889
-2419 2562
-3691 1163
-2570 -983
794 -361
3092 514
2820 -244
3057 4050
811 -2367
2955 -3824
-1230 -2233
-1594 3600
-412 -1228
-3094 -3497
-1040 -2505
3522 1494
-1456 -2344
-1526 2410
-671 -3029
2094 -2856
-3631 871
-221 -2075
-2327 2662
4172 2838
-422 -740
-474 3431
-4122 -309
1529 2429
-360 -45
1335 -1466
519 624
962 2370
1772 -3289
809 945
-1253 1989
3841 584
-626 2706
-1369 1930
-2318 -1064
3821 3139
184 3315
3516 -1475
-712 609
1210 2390
2353 -757
-667 3640
3107 -716
927 355
-2905 1725
3960 1291
-2964 -423
-3283 3616
1122 3189
-3147 1050
-868 -2182
-3218 2090
-1859 -742
-1746 3557
-2769 -3102
-3118 -3444
-1633 -2694
-2780 1806
-3638 1255
2268 -899
-1213 -740
-1171 2221
-279 -2464
305 -34
-1494 -1164
1096 1257
3032 4177
-2272 -2856
-1103 1905
-194 -1875
222 -1934
3409 2421
-4089 -3203
3946 375
440 -1100
-802 -1586
-755 -3384
-3798 -2034
-232 -2383
2254 -322
-2456 590
1742 1113
-4164 -3070
-3119 3472
926 723
2392 4171
1301 -2701
3073 -4170
209 2561
-1978 238
-2608 -987
-3220 -4095
3512 -2635
-1587 -3072
-2329 702
3690 -2306
2239 1478
-314 2609
-553 1947
1749 -2135
-2297 3601
1501 -3439
-2834 2899
431 -1811
3383 -1253
-2654 -680
-990 -3999
3330 -859
-1289 4181
-1700 489
-1556 -2694
-456 3325
-2869 -3237
1614 -1103
-2658 -914
-3017 -876
-1430 -1269
2286 525
3016 -3762
3691 -2195
1649 3593
-3256 -1841
-796 -2455
-287 -2112
1156 -1428
-2938 731
2310 2154
2966 -3775
-858 -2203
600 -2271
-2820 -705
-1296 -631
1329 2585
-3520 -1959
2296 979
-218 -703
-2174 357
0 -795
4063 1968
3129 -2735
-3599 -1700
-981 -2964
-2508 -1503
-3741 2061
2333 -2417
775 -3407
3120 -2162
1768 -1769
510 807
202 -4122
-672 3243
-1278 -473
-2468 -3698
3592 -205
-3179 2907
-1379 2590
-1055 -673
66 -1998
-2906 2079
1477 2296
359 -2776
2117 1950
-1364 -3189
-3695 -2847
-2252 380
1468 3364
-1549 -163
-3905 -778
-909 -192
-678 4046
-2685 -3927
-1338 -2067
-3524 3829
3440 255
2504 1252
1972 -2748
2612 881
4135 171
-1376 -3839
3154 4187
-2541 -87
2195 3855
2067 -1805
-3583 -104
2329 -419
-4152 3240
-2442 -3478
4054 2355
-3011 -58
3968 2963
2474 -47
394 4090
2081 -3971
3248 -2231
2825 3597
2229 -1099
-3777 4014
3512 3881
2378 1629
-3394 2876
2685 -3650
320 307
198 -774
526 2271
2413 2374
-367 -757
-488 4001
3223 -1914
4100 3006
671 -3463
1738 -3781
-2652 162
-546 -2214
1569 419
420 -3328
-3244 2028
-4196 3080
2116 2815
286 535
-575 3486
1145 2754
-3174 3269
-3630 1097
-1016 -1202
-1599 677
4000 -4010
1430 1823
-815 1651
-1816 -1016
2240 650
2010 1308
-3795 3774
1041 -3127
669 1256
2737 -3447
-3486 1351
-3731 -2351
907 3893
1434 1704
-2630 -1255
465 -3017
-2710 -2107
56 -2470
1915 1854
-1669 3115
-4061 1823
-1019 -2268
108 -1178
3067 -1028
1803 -168
-104 392
66 3410
2283 1893
469 -4049
2620 -1949
3264 3377
2577 794
-2759 -3896
68 3691
3962 2560
1685 -2188
1718 -1588
2918 1576
2907 3184
-3631 -2732
-632 -1064
1602 2753
2266 3750
1935 -3167
4085 -3129
2152 813
1259 -2442
2575 -4125
2284 2104
-2666 3520
-2757 1062
-2620 -3894
-4109 -221
-2989 -1135
-900 511
-1753 -3094
967 -3450
155 1785
3098 1445
-2458 -1762
3573 -1809
3058 2321
1076 -1875
1102 926
2560 -2957
-2450 -801
508 1257
-2529 -3784
2322 -461
-823 2648
-3889 4104
-3275 -2612
-2998 118
-3822 1459
2746 -4087
-2785 344
-1844 3165
-2237 637
1089 -628
959 -2647
405 3461
1154 2897
2398 1642
-990 2227
51 -2585
1312 2553
4065 3443
1345 -3022
-1011 -1453
1378 3628
-3911 1155
3192 -2419
3912 -720
766 557
-4058 -3775
156 1906
-666 -457
-1255 -3702
-1019 2215
-1370 -3530
991 -1993
3027 419
2457 -3187
3674 -790
-3993 3475
1419 2202
2893 3315
2267 -5
-1855 59
-553 -97
3069 1107
3867 -1349
3518 3438
2190 1403
-202 -3327
810 -2005
3742 3243
-2915 -2356
1321 824
-1295 -3711
-2774 276
-3518 -3788
-685 -4080
308 390
225 -3417
-661 3106
-1078 4123
-3521 -989
2580 109
2246 2263
2412 309
3067 -2838
-102 -1445
-1059 1423
3702 3239
-46 -3400
934 1933
1923 -3425
2689 428
88 2352
3369 3490
-4071 3315
82 2524
-261 3131
467 -3738
3868 3183
2658 -3984
17 1514
-749 -77
2784 -500
3824 1894
-2130 3909
-717 -4167
650 1367
-1171 -3511
-1983 -21
878 -2101
-1055 175
3686 -1312
-1380 -3071
-3964 1778
-3572 -3349
-1422 -21
-2037 -238
-1695 2247
-1522 4197
4167 3724
-4069 -1326
1908 1843
-1619 -1610
-2580 -2923
-241 1707
-2290 3208
-59 2927
-2851 185
3658 1648
-663 -3535
1627 544
-3527 3479
-2031 3457
1281 -2987
-1006 -2228
1031 685
-1552 -2958
2872 -1889
-2997 3431
-2883 -247
-4030 -2546
-1073 -1377
792 1998
3574 -3236
-2185 -480
-399 -324
-2488 -3340
2249 792
-2166 -1619
1230 437
2754 -2555
-2587 -1820
466 2760
92 136
3646 -154
3137 -1195
-1085 3432
263 -1253
2283 1494
3288 -1786
3022 -4090
2514 -741
4184 -2680
-1936 2382
-3827 -1182
-3167 -253
76 -3446
1167 3580
-3428 3180
74 -830
-154 -2191
-3437 -499
-2797 -107
-2422 911
3194 3393
252 -1254
-2360 -421
2413 184
3625 -3501
-3334 -191
-1406 3136
2911 2326
-1496 191
91 53
183 962
-451 3491
-3199 3290
-1874 837
-3392 -3054
-1588 1775
1491 2239
-1815 2261
4001 -3363
-1444 -310
-4000 -1367
-2952 -84
771 1873
-4155 2988
-151 4149
-2117 -1917
-2233 -2521
2799 -2201
344 -2471
-287 -2814
4198 1696
2051 -756
-2379 -1269
3982 -667
1674 2196
-3289 -1893
-728 -856
989 2338
-1175 -3688
3864 3730
-3866 1158
1817 -3307
-2476 3521
-897 -2905
3208 2582
-1244 -1156
-2234 -4127
-1518 -3528
-109 -1382
-356 -3330
2402 -3469
-3958 3403
528 654
-1898 -4100
1796 2355
-2126 1997
1231 -2365
4118 -2826
-3794 1706
1054 1872
-3818 -2184
1132 -4116
-1851 -444
3047 -417
-1630 -3109
282 -1703
1165 -2275
3287 -4178
1783 -2295
3373 -891
-4171 -2280
2747 -2158
598 -1082
-974 2103
-1591 3378
1006 -2596
-1816 -1948
957 -301
860 2609
809 675
-333 -2323
-3342 -2771
-3472 2033
-1353 3806
697 -2828
-3981 1957
2839 -2798
747 3186
3922 -3382
1968 -323
-4022 -1584
-3199 -2879
-3980 -552
-3921 2656
2216 -986
2203 -3461
-3371 2627
587 2840
-3709 1935
-3839 -2747
-1408 -1214
3220 2223
-1501 4066
-3375 2787
-946 54
3635 518
-91 -462
2798 4108
3852 3062
-2725 -1355
2363 -1913
0 1058
-1076 1418
72 3143
43 -2110
-3002 1230
2158 2947
1177 1867
306 -2874
831 1291
451 2603
1743 1019
-1250 -3696
-4180 -113
-1236 -1481
-2450 -2680
2000 -4174
3959 933
-1465 -2065
514 -3638
618 3787
3632 1828
2083 3847
3048 -2870
-1826 3914
-1973 -3201
-1079 534
1311 -848
3101 3627
-2431 2497
1217 178
2330 -1543
1213 -1271
1992 -2517
-3852 -3433
841 -602
-3961 4110
2536 -3109
4151 1482
-2199 -4069
-3710 -424
1687 -1472
-2550 -2843
228 3997
-176 3172
-425 690
-1974 1402
2959 1997
394 -673
-981 158
-3961 -997
-3076 -383
3572 -2816
-647 -1553
3668 -1028
349 3772
-1692 1039
1614 -3831
-1249 660
2127 -3031
732 -3935
-581 -586
1813 -1876
2691 3401
3276 -4183
-877 -3038
3067 3120
3895 1110
286 -1466
-2614 3654
3970 1977
3015 3332
3019 3699
-2458 -1445
3303 -1139
-2248 -4065
1005 -1107
-2927 193
3383 -2287
2791 -508
-3146 -3011
-1787 2543
-3434 3983
-3420 -2520
94 -4060
3380 1432
3441 3420
-3743 3366
2130 4199
1242 -1185
1086 3238
-1171 3843
-1518 -184
1725 423
1777 -3655
-872 -3596
610 4055
3981 -773
-1277 -3072
3201 -2896
-1488 -1010
1807 -2001
1424 3897
-77 -2695
-3061 106
-1258 440
-975 2685
-1558 1447
-1734 767
-1273 3155
2846 467
-2332 2837
252 2986
-838 -2287
2280 -443
-383 111
3504 -1660
-1553 2505
-2159 600
4199 -448
308 96
-1381 3443
123 3341
695 924
2625 2960
2605 3776
3108 -28
-1525 203
1125 931
-716 -910
1119 236
-1174 2661
1245 2661
-1132 -2024
3298 3533
-3346 -112
-1247 2628
-1578 1020
1511 3345
2093 805
2999 2893
3018 4004
917 2253
-1396 -1126
-249 -2442
3337 950
-2251 1085
-201 3313
-436 2105
-2583 -1659
913 3428
-222 3960
605 1933
3569 3512
2975 3268
203 1795
-704 -1146
-3226 2767
1326 1185
-2902 4126
-553 474
-3073 -2800
-3904 -4133
-2804 3098
-2104 1047
1896 -1626
2617 564
1435 293
2301 -3915
-2034 -2735
805 1863
-3969 -502
-3907 -476
-3235 -2405
-2146 -1416
2080 999
2856 767
-472 -3233
-3602 383
1584 -702
1340 2553
1553 1328
-1621 2087
-3388 -3423
-1249 -2816
701 -2009
532 2306
-1512 -3962
944 1086
1007 -3501
-1657 2575
-2044 37
-1822 1025
-3749 2413
586 967
2965 -1887
3206 3325
-4043 -1722
-90 -3778
-2348 -730
-4181 1639
-1131 -2967
-1836 3735
-2634 -3010
-418 29
-2628 -1632
2530 2865
-1300 1139
-2114 3470
-2305 51
2981 -2524
3587 -4156
3268 -838
781 -56
2488 4193
-3787 3699
-302 -3852
62 2122
-2872 3297
-2796 1994
409 -348
4012 645
-1487 -1496
2459 1508
3963 193
1106 549
-119 -2019
2474 4157
2916 910
-3103 3437
-732 -153
2905 3058
-7 -627
2997 -3755
2110 289
2862 -2509
-2883 1865
2705 720
3304 2556
-1352 -2696
425 -926
4040 -354
1243 -1236
-1160 1865
2411 2127
-856 3098
-2309 -640
-3356 -493
-3112 -3477
3807 -606
-1803 2398
-1208 1931
570 1103
278 -586
-3693 -1531
2337 4182
-1649 1421
3315 -1240
2487 5
-2387 -2002
230 -773
1221 3425
-3990 1860
2084 563
-3168 2034
-3941 -1961
-691 449
-2397 3914
-2775 -2873
-251 -1837
-2327 -665
-1639 -4044
-1000 -1503
-3927 2699
375 -1617
253 -3827
2925 -3063
-1729 515
3893 -648
1179 814
1909 -1645
-1943 2686
-2055 4043
-1662 3200
2016 1523
-1251 -1692
-2431 64
-3302 -3469
1051 3747
-267 2682
2600 -1443
-2319 3075
3472 -941
3153 -799
-2053 -2879
-1982 -692
1323 2813
-1745 -1664
1017 3700
-2756 3440
4172 -4082
-1532 2480
-3258 -1146
-2417 -2433
1525 3135
-1542 3435
-2516 1568
-1114 -2970
3722 1317
-2360 -1317
-3076 2659
1771 2246
-1432 2212
3560 -2152
600 2304
637 -1400
-893 1476
-2123 1287
-1220 3948
689 -4182
-1191 -31
906 2013
1355 3730
2856 -528
-3045 3120
3288 -2930
-3760 -114
3344 2598
-1296 -1303
-2650 -3400
-2842 -1754
-2116 3479
-2773 -689
-1529 4100
-3919 512
-366 -1015
-2217 3027
-707 2308
-1150 -2380
-2202 -2676
2927 -3789
3235 -1984
-3008 1052
-3888 3786
-2260 -1059
364 -3549
-311 -4140
3658 2340
1232 4182
2693 -3662
-83 3597
3765 64
251 0
-2255 -1937
2893 368
-3948 1868
-4165 -2579
469 2652
3465 -23
-1227 3490
-691 -2971
-667 -1799
2769 1174
1524 431
2319 -2490
-2324 -347
-3005 4010
3266 4197
-2530 209
762 -24
-805 58
3919 523
2350 -471
2619 3627
-2443 2946
-3709 -3651
-158 1429
3666 -3845
-714 2949
-1199 2006
3680 -3128
-134 -178
523 277
3546 -1186
-1633 3843
3776 -2280
2029 -3386
1979 3112
184 -185
437 -1957
-721 2943
542 3948
1046 -3118
3477 -19
3680 -2179
-468 -1146
4108 1611
965 2729
2577 -884
2935 1487
1073 -1515
2604 -350
2937 2793
3111 -2158
3538 -2883
-1217 2484
3382 -2038
3863 -2263
-713 771
-3117 -128
1685 742
-3638 2915
496 -652
-37 52
4163 1198
-2317 683
152 -258
-3386 -986
-2893 -3118
3414 1773
-551 -620
-697 2967
2070 3021
1890 407
2256 4012
2609 1009
2966 -1271
-1900 -2982
840 -229
3659 -4149
-3019 -2575
-2549 -596
-4076 1580
2371 1066
3463 3483
2429 4199
3846 -281
2017 -631
1407 -2908
1710 -3791
-2644 -1973
-891 1324
3458 -903
596 -3114
-2655 3354
4113 1649
-2310 882
913 2139
-2512 -4050
2211 1879
2864 14
256 -3885
2106 -3432
602 1558
-2161 -1900
-1492 2936
-2230 3825
161 -3444
210 -4189
1710 -2323
415 -2640
166 27
272 -3075
-1350 3917
2660 2914
4089 2849
-4017 1697
-3218 1789
896 -862
-3427 2444
-1198 -2742
-3696 3236
-1751 2386
-1815 -4185
-80 -3276
1583 -1804
-827 -4063
-4123 2702
-2298 -3874
3336 -1748
-3208 2088
2738 2115
-3901 -2549
1391 3247
-1864 1372
-1234 3503
3443 -3724
-2792 4001
176 1537
2042 -2758
-4027 2517
-3396 2024
-355 -1667
1054 1520
-2698 -3042
-1948 3988
4097 557
1728 -3533
-1209 -2917
2797 1235
-2961 0
-278 419
2231 -3720
1161 -2929
-3243 4134
1353 -623
-2014 -3850
683 3944
-2127 -401
294 -2863
-3786 955
-4137 1859
-1715 2115
4028 2152
4124 -3417
-245 2697
-2925 -2110
-3826 -3982
3871 -2771
-615 -2372
2282 3539
97 -2189
-3757 1592
1428 3659
-2883 3388
-290 -3792
960 -3616
726 -874
80 3792
-3742 2197
-1061 -4082
285 1954
3814 1111
3221 -1495
-2878 -566
3519 701
-480 -1993
1925 750
3838 1877
2404 -3579
1947 3270
162 2271
-1288 2801
4083 3931
454 2883
2250 -3391
39 2120
-2205 -2431
-1113 1283
3424 -3399
-1297 -1226
1278 -1437
-1622 -1243
-2431 -3715
112 2038
314 -652
-2340 -270
-2199 340
-2153 138
353 1750
3553 -2319
-4089 -4107
-1313 884
-302 2924
-3976 2031
-1222 3979
2517 813
-1811 222
-4110 -1841
-3656 -2663
2192 1751
-2135 -4141
-1034 2472
3487 2384
3419 2651
-3867 1132
-3882 -1299
970 -141
-414 -2544
-665 99
-1580 -2855
-2404 -3397
-1835 3424
2637 2634
-2907 -1187
962 -3666
-4168 3680
1933 -215
3 1231
-2861 2514
3124 601
-3714 -2441
3018 19
-351 3737
3172 825
393 -3359
179 1225
3501 3354
-50 -1702
-3782 -2407
-4004 2725
1240 -2437
2750 -1282
-1350 4003
2032 -2527
1751 1474
-2640 -3584
546 -1818
2078 3097
3010 -2009
-1589 1622
1431 434
-1729 -1546
-1896 -2817
2402 -236
-1423 -2476
665 2593
3506 1232
-1126 3726
-2244 -1644
1241 -3802
-58 -376
-2210 956
2210 -1717
601 712
-2577 3817
-327 2507
-702 -3316
-1823 2630
1381 -1669
-3307 107
-42 -3802
1600 383
3305 -1959
2669 585
3481 -1925
3846 -148
3775 424
2815 -1709
-2669 1815
-3603 -3412
2314 1572
1734 261
3047 2578
-3553 1745
-230 3276
-2460 2593
-3353 -1284
1005 2809
2215 -573
-2405 3330
-4082 -1296
1293 -4073
699 -771
331 -3446
-3986 2056
-290 1924
4033 4074
4062 3584
-431 -1924
-1049 -2979
2337 -232
-3369 -2227
3320 3215
2170 2115
1545 2737
-575 1395
-1519 325
-2036 -2933
2379 -637
-2203 -3080
2216 -2046
-1553 429
1008 -2384
3605 2581
-3099 1565
-772 2071
-1720 756
2135 709
290 1468
948 955
-1847 489
-298 -2644
-3712 285
-1031 -726
3229 -3284
3993 -1730
4041 4174
1100 -553
599 2675
-1917 -840
2456 -3549
942 2162
488 -3561
-3681 -2108
447 -1623
-3868 -2629
-855 130
3667 -3626
-576 -3589
60 1011
-152 24
-3902 3957
-269 -3942
-2219 -811
1265 2330
-229 -2480
3338 2615
432 -440
-1150 790
-3944 -2944
710 -25
1926 -2926
-3307 3895
3109 -2263
-882 738
-3572 -787
4146 2860
-1962 -2923
563 -542
-1062 -2338
2013 -1230
996 -3252
-833 -1192
-3438 2187
-387 -599
-2153 3495
2767 3524
3735 2626
3733 -826
1692 -3097
1608 -3458
1998 4180
-211 -282
1362 1830
2251 -2103
591 -2298
-2834 -3701
528 2308
3393 -1698
2674 -2419
-315 211
528 -1510
2327 -1878
28 -3679
-616 1368
405 -1959
-3083 -1755
3643 -2201
1519 4193
-2594 4197
433 1412
2057 -698
-1591 3256
-1540 -2362
-3674 681
1844 -3855
-3391 2351
-3503 3809
-2739 984
-4076 756
2444 -1942
1897 3476
-3082 -4144
1480 3030
-1001 2082
3147 701
-125 -93
575 2439
159 2425
1602 1835
-2153 -3889
-3370 906
645 674
-1390 -2854
-2154 3459
-1139 -1275
-4188 -3943
114 -3167
-91 2285
868 -4069
3537 -1043
-3217 -1125
556 2595
-3567 3613
-2580 -857
-2624 3456
-563 -3097
2120 -3829
-1438 794
2012 -2382
-2881 3117
-416 -2014
4180 3375
-2754 3870
-718 1973
-1880 -3857
-3874 2655
-1818 3029
2676 3956
194 2867
-2667 -4089
-3005 -2794
-907 4003
-902 -2924
3507 2622
-1554 2196
2112 -4043
-2788 -2650
-2541 -3512
-2443 -4165
2693 2412
1892 -87
3570 -529
258 2125
-3056 2176
30 -3877
-755 2709
-3238 -2471
-3650 757
-1524 447
-2195 2801
1060 -179
10 -4107
1218 -3143
-2128 -1117
3331 -3504
2937 3767
-2100 -812
327 -368
3232 1735
-1027 2905
-1661 3207
2062 -992
252 3905
-2199 -816
-1336 -3444
3824 -755
4133 -3985
1985 -2433
1910 1657
-4029 2134
-3887 -1908
1311 -4193
-294 2821
-2766 894
593 -686
1781 -100
77 -2809
-3089 -1327
610 1841
-481 -4048
3810 -233
-2622 -2227
3685 -2396
-3253 38
1803 2793
3142 -1741
4038 -3030
-505 -1082
834 1083
-2059 -3773
765 3562
-2414 -228
3188 3804
3889 -616
-1469 -436
-3223 -2347
2160 -2697
-408 4044
3387 -463
-1411 -1010
-1302 2074
-2984 -2624
3285 -2269
1907 -1961
-3835 -539
-551 391
474 -2897
1692 -1555
-476 1381
1733 1342
-2846 -392
-4133 -2224
-3094 892
2895 802
-2618 -1003
-3265 -2182
-3945 -2937
3370 -2927
-1995 2670
3395 -3722
-2964 4163
3137 3038
2208 2037
2902 1691
3075 -716
2370 2886
-947 -2284
2824 -2222
-2866 -270
-94 2798
-2804 3225
-818 4035
-1321 1747
3747 -4139
1563 3325
4189 3437
-1949 1331
2704 -513
184 -3574
-3 -2607
-3698 826
1579 -1805
-3076 624
-2553 -3336
2484 -476
-2393 -3760
1952 -2564
3046 2577
2085 2132
-3646 342
3084 -690
1781 1437
-3627 -2864
-608 -1587
2012 838
-1660 -2919
-3849 1917
-1051 2304
-25 3963
1812 -548
-1700 -3538
33 -2080
-4110 -1168
615 -1614
789 -2090
270 869
3284 2460
1693 -4155
-3666 1188
2524 -1965
2060 -957
172 3987
-3809 179
3131 2621
3615 -2558
-294 2556
3275 3654
1456 -1147
-1629 3526
-4117 2321
-1327 -4157
2966 -297
2012 1082
-3250 2286
-667 3643
-1460 -1998
-1084 3551
-2993 0
3238 -2213
-2790 -3470
3247 -2658
932 -1944
1613 4102
-1534 2417
-1599 2757
-1998 2354
-3736 -3156
2299 -723
-3707 1888
-1153 1383
-4162 -3593
-2277 -3422
-1844 -2694
-2276 1897
482 -2013
-1453 -2495
1750 -2883
-1453 -3132
3273 -1858
4150 -2612
441 1207
29 4068
-3083 1958
229 958
-2738 -1559
-2778 -3429
1488 -3566
-959 -1670
405 3434
-32 2113
-3290 3739
3149 1320
2277 4075
3763 3622
-2874 2600
-2813 267
-3274 3817
1770 -2345
-1713 3642
-1376 -2487
-1192 496
2827 -1580
2898 3941
-927 -1288
-92 -2477
-2760 3975
2036 1642
-676 -3630
3137 2583
-1010 2040
-1397 1659
-984 -1066
468 -3689
1125 2613
2707 -4058
-2834 1257
-1288 -1750
2399 2663
-2044 -3687
3045 -4046
1981 -1617
-3500 257
-2668 -1638
234 1263
3191 3348
2133 1199
-1350 602
1933 -833
-2811 3403
-4066 -3044
-3934 3573
1765 -1270
-3316 -4129
-1369 3922
-3772 -305
-4034 -3354
592 1316
-4143 -4172
-1851 359
2962 3753
936 2414
-1364 -84
-1220 -2328
65 -2312
-1085 -2072
-3677 -306
-4016 3906
1465 -155
2906 -3248
2035 3122
-3740 3113
-146 -1774
15 -2512
-2035 -1202
3142 4130
63 2536
4098 1059
1583 3609
-2177 23
-2741 -702
-295 -3155
-2851 -4150
1288 2239
-2149 -3240
-1728 -749
-272 227
-1421 671
-1325 -1233
-3403 3787
320 -3028
3410 -3075
1627 767
-680 2579
-3668 1288
-2423 -215
258 2510
459 -233
2948 -2052
2395 -16
2952 429
-2479 2930
1887 -2546
3994 2257
-223 458
-3781 2402
-3939 3592
2306 1582
632 1671
-449 2789
-3572 3414
2164 2605
-2804 4092
2237 -3228
-3819 414
2184 -1458
-2737 3677
-3117 102
-2068 -3799
-2796 -4052
-3382 -1599
268 80
2052 -4003
3774 -2536
-791 -2145
1137 -589
827 -2121
2680 -482
-3035 -2704
1670 3520
-28 3279
-3028 -3113
-961 -3252
-582 3071
-1213 -3928
-311 -3485
802 -3316
2098 -2897
-3305 -842
2776 3075
3393 -3684
1809 3563
3618 476
-2453 -316
3514 -2603
-3128 -2322
163 -4026
1591 -357
1310 1769
451 -2126
-2743 -4001
-1279 3629
616 1377
2392 343
2608 3334
3014 1205
3187 3557
3975 2963
-2558 -1716
-1839 -1940
624 2129
3858 225
3858 2023
972 2067
3392 120
318 923
-2302 -2533
-3936 4167
-2743 -1183
1427 -3552
3437 1424
3161 548
-3280 -4004
3304 2809
-4192 -4075
3051 3943
-2408 -3773
-537 -717
-736 -142
-3785 2329
2489 -3714
2397 156
-2616 1435
-26 1816
1165 3189
1842 2689
-2859 3211
1987 -1358
-303 1676
-3778 1581
-1276 -3250
-673 -3964
1414 52
744 2024
1640 -3100
2364 -913
-4197 -178
-3543 -933
3580 -1035
2500 -1623
-3135 -2980
-3301 2345
989 1310
-2814 -2712
-1831 -720
-2104 2526
2408 2909
-168 -2811
-529 2738
3708 -3704
544 -3429
-2107 -427
1541 1011
2886 4054
2318 -2462
893 2367
2288 -243
1647 -238
-136 -1980
3098 3291
4181 4035
3527 2057
2717 727
-1606 66
3107 -1777
-280 -1668
1575 985
2272 -3830
-1967 -963
1446 -2932
-3543 -912
-4100 -2264
-4184 4059
-3206 1916
-2555 671
3348 -2313
-4058 -3862
2140 -2958
659 -1425
2779 4098
919 -1815
2411 1773
3023 -1048
-3945 3894
-676 -1373
-3503 2741
3859 -3084
566 -1343
-3396 -1812
-3342 2095
2313 2274
-2039 -535
2867 2445
869 2595
1621 -359
2543 4133
-1863 -3320
1108 -4008
-189 -1928
2646 -827
-1506 428
343 -1954
-1133 -79
744 -2757
-4177 -1120
-3756 -748
-652 -2128
2192 -2991
-449 3906
951 -3623
-113 2012
-2217 -2004
-699 4078
335 3291
-2060 134
4187 3525
-2937 1865
1875 424
-1341 118
1689 -2657
-813 2346
3200 2678
-1186 2979
-2940 -780
3415 -3739
1012 -625
-1146 844
-3613 -3860
1456 -896
2632 644
-2558 3825
2326 1343
2897 96
-3893 -1562
535 1070
1163 54
-4012 -3847
-3509 -3223
3564 -1455
-436 -3650
-1924 2453
2460 -792
-237 1031
-3409 -195
-2171 561
1872 3095
2615 1113
-2902 2571
-3376 -2918
-990 2106
-3119 -1998
-1761 -275
-2569 -1592
-3651 317
3534 3986
615 -1469
1591 3148
171 1510
910 -1612
-3172 -1929
408 -1617
3870 -1911
779 958
1499 -1714
927 -1659
-2738 2955
634 2029
4194 -1144
1462 -1752
1950 1815
-2464 1151
-2529 803
2431 3735
481 -569
-1025 -3486
-722 615
-2565 -4043
-1295 -525
1915 -3696
-629 2374
770 -2986
879 3351
-2732 -714
-3274 -89
1710 -774
-1623 -2205
355 3159
3045 649
-1674 2646
-724 4017
833 577
-1275 -3036
-3022 4169
2323 2839
-3587 380
-2233 2919
93 2024
-2837 -2448
-354 -3860
2241 -781
-1487 -2406
-724 -445
1547 -648
-1446 819
3627 3762
4174 1119
3885 -3618
-1297 1846
-2974 3938
-533 1714
-1086 1103
-2563 -326
-3372 1141
-871 -3158
-4195 -677
3867 -222
3648 -3707
-769 37
1931 3139
-2574 -2535
-27 -2671
29 2772
3670 -1257
-3847 1859
-337 3249
-2125 -2503
1864 1570
-997 1644
800 1737
3655 -2019
-380 -1848
2746 963
-3222 -4162
3819 1600
1787 1156
2140 3967
-1767 1761
505 -105
3592 1158
1771 -3390
2153 3893
607 3066
-1646 3859
2833 1570
-2055 -1947
2120 4144
2776 -746
-2557 -1268
1568 4104
2985 3875
-448 -3097
-3247 1269
1777 -1635
975 1077
1536 3191
3666 -24
-1469 3900
-2745 -1895
-1336 3332
2622 2903
-3394 -644
1539 -2435
-3957 -3809
-957 -3674
-4065 -2186
-3104 2145
1012 -2302
314 -497
-2965 2537
708 -2120
3793 -2067
303 1464
70 2080
-746 4108
-1488 1827
-2134 -1510
3354 1403
-2594 -1726
1035 -21
-2042 275
766 3720
-1291 -3795
-2996 3725
-3590 918
-3460 2687
1956 -580
-922 3581
1963 -3137
-914 -3745
1701 1912
-201 -2236
37 1744
-312 2005
-969 -1051
3296 -3883
22 1713
2763 -2901
-2559 1330
2004 -812
-826 -1478
104 2038
2750 1866
1848 -3683
690 4192
1997 395
-2328 2504
-143 3533
-1130 -4059
-3357 1882
-1818 2651
-3339 -3890
-2494 1767
-3030 3926
-1475 2549
2434 -4053
3825 1995
69 3748
180 2036
-3067 -3527
1145 -2232
-2671 -3338
3025 2342
-412 -2189
-2075 3181
-898 -771
-1377 3872
-3876 -1310
999 -2925
-2194 3577
-720 3406
-557 3681
-1907 -1466
-2938 -1886
4193 -3721
3841 -2787
3158 3948
1380 -1266
-670 -427
-3083 -2461
1874 -4115
-2597 3172
-2644 -3128
2419 3541
-2167 982
1799 1600
74 1228
3414 2129
937 -229
1055 2286
3078 -1723
396 -3900
3181 -2603
-3179 -348
-3531 3946
-866 -2362
-2518 3559
3045 -1059
1553 2924
2285 1927
-3432 -344
2825 3809
787 -1903
-3043 -558
2587 -1586
930 1279
-1742 131
-355 3574
-2164 1029
-639 -2648
-3439 -1559
3740 -3200
3868 3290
2502 -885
-2792 -1139
-3964 3009
-1999 2679
1031 870
-621 -2888
800 225
-943 2568
3326 285
-827 2763
2883 3127
-2031 3278
543 -2901
1970 3771
-1805 186
-1101 -2885
-2875 -3804
3861 -1089
2029 3473
1867 3366
-2922 -3015
947 760
-1006 898
3578 -3426
-1992 3481
3478 -2002
-3221 -2429
2805 3438
-3373 -771
225 2215
3756 -966
-1145 -897
3149 1265
-2947 -4157
-3955 1253
-1155 -39
-3135 -1321
3702 2986
596 3934
1326 -3673
912 3342
-3868 3158
2987 -1384
1398 327
2764 -2620
1428 -2076
3838 2740
-2587 -661
3410 746
852 -3388
3947 2955
-1750 2142
1568 -2712
3821 153
2679 612
-1350 -2481
-1478 -2744
977 -3035
3876 1743
1380 -159
2089 4032
2173 3740
441 -2522
-880 -2799
1945 -733
-2296 1298
3261 -219
-958 -2365
-225 3944
2416 4118
-2582 -2131
-1210 1559
3506 -2175
41 320
-3654 -3218
1016 -596
-2301 2541
1960 -3475
-2888 -717
-3826 3139
-3296 -2587
-37 951
3241 -4049
-3470 -3494
3713 2664
-2196 -1405
-1916 -3160
-3485 1611
3297 3290
-2281 -395
-2654 -2624
-3043 -269
-464 2077
-3491 560
777 55
-2306 562
-3645 -3197
-2465 2732
1041 -2772
-432 1977
3585 -2070
-3341 -1582
-50 -1283
45 -4080
3131 3634
3062 -1929
1101 -3035
2484 1876
-3429 2260
-1629 -3318
498 -336
2305 2207
-2802 -1163
17 -1644
-1214 1544
-540 128
-394 -2820
2089 1721
2078 -4110
-3722 3237
4018 -2806
-2626 2130
-2768 2451
675 -2006
-1709 1893
847 1483
-1285 -1864
-1987 -571
4167 -2835
-3061 1831
-2458 122
-236 2098
2525 3793
3795 2995
-2382 -1198
2115 -3637
-403 971
-3707 1354
-632 2783
443 -2212
2675 1404
2804 -2554
2585 -1637
-2227 -2427
3542 -2552
4096 -3088
1786 -2501
-2212 -4003
2675 3781
3936 -140
-197 -2308
293 -2636
288 -4151
-3616 960
277 -1581
2295 -1730
-113 -1021
1984 -455
639 2495
1579 3061
-3442 -2785
2798 -4171
783 47
1797 1700
-107 -3435
3090 1929
2842 2048
3307 -1491
763 -104
-570 -2393
-3715 -695
-220 -2386
3245 -2802
-1179 -2024
319 2046
2636 4171
1504 1428
-1201 -661
2448 -1792
-83 1769
1954 2665
-3275 -217
3724 -1843
1836 2900
-105 981
-3179 -717
-3010 -249
-157 2711
-1679 3372
2354 3765
429 3684
4032 -4088
-851 -1855
-659 865
2119 1202
-1673 441
-84 -2105
-1041 3227
904 1144
-725 2
-2388 688
-1962 -3092
3488 -2598
3278 -3172
3308 -1617
-3753 4097
-722 -1662
3921 -1394
-2170 3473
696 1142
3831 -1734
2771 745
-4063 833
1223 -2328
3504 -63
-2045 2069
2267 1521
2451 -3185
-2901 -2489
4082 1753
-2881 10
-706 3720
-3477 -413
-400 2974
-124 -557
3004 -244
1687 -2433
2157 499
-381 2826
234 3388
608 -3299
-4121 -1320
-1907 -3781
-1595 -3449
-2627 2515
-701 -737
753 2380
2042 1272
-2877 171
2078 1309
3706 -46
2008 -2816
-3077 28
-3741 -1177
1239 860
2848 2484
-142 -2006
2339 -2637
-1249 1164
-1997 -3634
-3777 3711
976 -2532
1195 1491
-2096 1296
575 -2217
2366 3959
-353 1249
-300 -1054
281 460
313 -3666
-2518 -1044
-567 2366
944 -385
-3145 -872
2200 -500
-1594 -3995
3343 223
-177 -1526
3388 -2343
-434 3155
668 -2236
-1356 -892
1429 1674
253 -3363
2887 -826
1331 -2538
2470 3251
-1871 511
-3586 -1246
-614 1301
-1947 3934
4015 2003
1329 3282
-1850 1731
321 37
-1287 454
4125 1110
337 -1349
-4192 -1669
-327 1478
-389 -1090
493 -1953
2103 2392
2412 1731
-249 -164
-128 2447
2228 4056
367 3475
3694 595
2930 1098
4010 -319
3432 -643
945 2969
704 2180
3460 2645
2720 -4046
-2258 3863
-1149 248
2886 411
-834 3941
-16 -2723
-948 1005
1318 -254
-2683 411
-2603 -1573
4148 788
2982 3455
2139 -3001
4057 1633
1899 -3336
-798 -769
-33 -3243
2560 4006
1933 -4052
-1135 1321
-764 2830
2375 2324
994 -3983
-161 3084
-1269 466
-3342 -1439
-2747 -174
-2539 2889
-3220 4008
-1342 1245
159 224
2289 -760
-2676 2227
-3392 3510
1245 2656
-542 4199
-3900 -1376
4020 -3585
-675 -1646
2389 367
-523 1055
-1919 2586
-694 3807
3042 3903
-3845 1927
2861 -205
-1720 -1182
833 3436
-2715 702
-3344 873
