1381 -1236
-72 1717
-552 1548
-938 1621
255 -406
1818 -568
1631 1642
-781 -452
129 -1015
-882 410
537 1680
1382 -883
1351 -205
-143 951
-1450 -877
-1386 948
1681 -453
-1570 -523
527 1613
1382 -1100
522 -263
718 -1217
-431 -594
164 707
888 1133
-259 -74
-1378 1614
382 1387
92 396
-584 1415
-1362 120
-198 -481
-905 495
-1150 -680
-1150 -526
-173 -676
619 -1024
-1344 79
-1234 1304
-1280 -613
1247 -1160
585 1729
-21 -84
-739 202
-1089 387
-687 -987
-738 1038
-221 -893
92 1695
324 399
-435 744
-798 -918
659 -1631
70 386
1875 -816
-1684 1878
-1268 743
-1574 -395
-1142 -559
-604 -1333
206 294
513 -1018
-263 -299
-291 -1064
1258 300
58 1617
-958 -716
-1854 -1231
1517 -1175
-1815 -88
378 -1735
965 -488
-43 -817
-1442 -1323
-1668 1725
-1562 -1150
-1315 -1356
488 511
1177 -1135
-954 -1170
-1023 -1775
1169 -1548
-587 -1700
-59 331
1447 1437
175 -935
-1132 498
1218 21
381 1161
318 1318
-1280 -1830
1592 -800
1239 366
-141 1889
865 1450
1353 672
59 -613
-1323 -267
1275 -1782
1472 1164
1250 1165
109 278
-1512 265
47 -907
-782 -537
-1253 1601
-1637 174
-346 518
-1589 -446
-1397 -1013
-1040 -890
-1719 -583
-868 303
646 -231
1147 687
-1660 555
-1002 459
-1581 -627
325 22
707 -1564
84 1721
-1393 -306
-849 1828
1188 1481
1366 1161
810 -104
-1444 -245
82 1642
-1238 634
877 829
1260 -1655
-1486 -514
895 1045
-473 662
-1655 302
1722 -1775
1220 -358
-1055 -1782
1597 544
1075 -1093
57 1868
1387 -1275
-891 -973
-1306 -535
140 -532
-1852 -1433
1316 -273
-1050 1366
-1090 453
-968 -1169
-123 -1736
-1558 1881
1830 -39
1414 -450
865 -353
-613 378
-1695 -1521
307 -266
-1615 -1675
149 -1408
-1480 168
1201 -1207
-1216 -1871
1145 -1455
-1271 899
-1565 -260
1456 -1411
730 -997
1804 -630
539 272
-1056 506
-1577 -182
446 1074
-1183 626
-815 977
958 1732
-1413 972
493 1010
1549 -1581
1051 1545
-712 112
1815 394
-188 -1268
-1576 -1348
-1435 -1618
1527 1776
-1230 -570
698 -401
-1067 1528
385 -410
1798 1766
-371 559
403 1725
1677 1886
-276 -800
-1068 863
-162 -1680
-1736 259
0 1721
-82 -1014
77 948
1038 -987
-690 691
279 -574
867 -46
1218 -520
1225 201
1533 -987
1481 175
-749 -317
-816 -1283
-1228 -1882
361 -1428
-1542 -1679
1701 -493
-480 -360
809 -171
-698 595
-820 124
1663 1353
-1492 1708
697 1567
531 -453
-1860 -441
-183 619
539 -370
-921 1723
1041 138
-852 425
-11 -1297
1648 -943
-1052 -134
433 902
1781 455
1222 54
1618 552
1499 156
1396 224
-1434 -810
376 1799
1671 693
1248 1254
677 690
204 -1181
-1095 -1624
-752 -1766
820 8
-625 1406
684 -952
-1007 -163
-963 -1412
-1433 -163
1684 -1632
-1371 1361
1421 -632
760 -1768
-91 -1884
-54 1860
-1825 -231
-1626 1308
-1365 230
447 1557
1181 -128
-1772 938
-629 548
466 -144
-1352 -1152
-882 -1471
-369 1374
1351 22
652 -756
1066 1355
-1131 -1620
-1695 951
834 1698
927 360
1651 848
-996 -799
-437 168
-1664 -1350
523 865
1267 -1200
-666 158
-1042 1284
1736 1776
819 719
1832 -270
-849 -470
-1597 595
-1501 1809
-905 -526
1667 -1172
1748 -1388
62 -215
1507 -1660
-975 173
-1088 1359
-1139 1777
-1795 1585
-1120 1264
-728 499
992 726
870 -343
-477 1183
1658 -512
1536 -1176
16 -646
-674 905
719 1462
-18 -1405
1857 -408
-433 473
-307 350
-474 926
-475 -1179
-1029 -1549
1571 1896
482 915
-728 504
-1733 174
1007 -271
-1039 -35
-913 -779
-172 531
227 -320
-843 289
486 -706
-219 -922
1021 341
-875 -1640
-1609 1017
1347 -79
1781 -1596
-1737 -1450
1352 671
-681 -904
-871 842
-317 814
-1433 -1704
501 1129
-1576 408
601 767
-5 530
1571 1057
410 983
-981 -330
-447 -821
-1359 -1730
552 1746
319 18
1005 -1698
1281 -667
638 -1761
777 1342
192 198
1839 -1694
-1080 -1454
1875 385
541 -1602
37 -31
-1770 594
129 784
-805 93
1429 376
283 -902
655 331
-193 -1145
406 -323
878 409
1024 831
-1173 1758
1204 1494
1699 1761
-637 -884
-562 -546
-1691 -274
-1632 -1372
1765 -1438
1859 422
-1774 128
316 1375
1244 1558
-515 836
-1692 -321
-1561 1471
194 1355
-141 1775
-1108 -444
-1200 -511
1101 267
-718 315
550 -557
-1559 -913
1376 -1450
321 -266
10 1494
680 1306
-1265 1812
-871 1465
-764 158
1046 260
-701 808
-444 -663
1339 -482
1318 1249
-1237 -51
1847 1411
-1689 -1788
-56 -302
-922 882
-1787 -706
-1679 738
-810 826
-1300 397
955 -498
706 867
-1806 1368
1772 -1720
560 668
-1310 1675
-1008 -68
1377 279
-878 -1122
-388 840
361 1020
-687 -1465
-597 1797
277 -3
879 1437
447 94
1821 -978
266 -911
-678 -1855
422 381
1747 357
292 -1563
508 624
1617 760
-505 207
-1795 1732
1425 1324
-1729 -673
-1681 661
-19 -1004
1810 -689
1770 -1000
885 -1064
-581 603
751 -1568
-487 -1872
417 1506
-1023 715
-1217 999
22 -1817
1696 -947
763 121
-683 0
-1147 -529
1624 653
235 -874
405 345
851 -1483
620 -1330
893 1194
-833 1858
-191 1755
-747 -1152
847 680
1771 -767
-220 -1103
84 367
1831 1054
-1372 -1870
-12 -122
1443 1484
1039 858
-1652 -1829
-885 895
1178 985
-726 -492
-1556 890
-231 511
-986 805
-944 50
-355 -904
-1349 1623
-1515 913
1521 -1673
666 4
-1702 606
-1061 1343
422 -1680
-1377 -1296
1229 121
-497 555
-838 -543
-1565 1812
1484 -628
-206 -696
1703 1339
1304 778
854 222
-1626 1104
1361 161
312 391
-1684 70
-1567 1383
25 1410
716 52
868 354
791 86
110 -1614
-99 1077
-1428 -281
-583 1332
-96 52
-346 270
-508 -1196
-576 -1191
1092 -1150
-974 -647
851 -1017
-1313 -242
237 1876
554 -27
1607 1121
511 791
1487 -1025
-1009 597
-787 -25
387 657
1394 631
-1385 1094
1723 1193
985 -706
215 -1673
-197 -988
-92 1463
326 1808
80 1130
-998 474
777 -1347
1559 1419
702 -701
1673 1188
744 973
-1205 -119
492 -846
-696 384
1705 1349
731 -471
490 909
-715 1272
-456 1892
-984 800
1847 1024
-100 -1828
873 -427
-1824 -1776
-23 -963
1124 760
-594 887
758 -749
-1590 1172
-1457 -1285
59 1323
1835 33
1782 -1222
-191 -1112
1295 -691
-1417 1408
1482 -634
1469 -1605
-896 1340
-1192 1087
-1133 -969
1651 1060
1022 -1291
1836 1628
1706 -1280
-266 -518
1507 -221
-1677 -1323
-1140 610
-375 1672
141 1360
-1502 -1443
-1081 1591
50 -160
697 238
523 1201
-860 1790
1778 166
-1548 -1326
1565 -604
-1090 1445
1875 1636
-1752 451
-655 622
-1860 -1632
-759 -921
414 -1185
1293 -1000
1760 -808
-1404 -820
-1045 313
-1425 482
-809 1557
1079 1131
-627 437
-29 316
-1137 316
937 959
-117 -1229
1228 -1165
1189 -379
1139 -293
-1524 1802
-1851 -1735
-477 -1525
914 413
1852 462
707 150
817 -1891
356 -1228
1825 1607
-1187 1151
1646 665
-226 -104
-298 -185
-1541 1121
570 42
-970 -422
520 1022
1003 333
-386 890
-726 -1425
-1204 1479
628 1651
1744 117
-1022 1615
1108 1216
-15 214
829 -819
-8 -667
-1096 -765
-584 1136
-562 -1366
-1545 746
-445 -1702
-353 282
-333 -495
933 -1411
525 -1164
1817 933
493 -940
750 1589
1412 348
1071 -511
1883 -144
-1421 -1068
1383 -688
1268 -274
1683 -1288
347 474
-1094 70
-469 -1733
-1168 -787
-1355 872
169 -773
487 -1131
-1593 1075
1760 1667
1815 -80
-559 86
-256 484
664 -1593
1853 -621
6 630
-758 -1559
741 346
-1313 459
-246 -742
-1395 -81
-904 -705
-153 60
-96 1226
-1182 -1025
-1847 -1140
-1575 -597
1100 -1339
-887 -892
-956 -244
1526 -1423
1430 -466
-1671 1315
-977 1133
-1580 -538
-1417 -1470
814 -350
-894 -922
218 295
-961 601
-424 -1602
-1341 -1444
-1134 303
97 -34
1529 1407
242 -958
-1858 -423
-1107 655
1045 997
-459 -1383
594 -698
-71 -1504
-1042 -1370
765 1457
-1401 830
1192 1083
1719 -680
82 -581
-277 -806
664 -31
971 -1343
-1657 -1878
-254 1842
1381 112
-678 1294
-1037 -648
-9 1736
1775 -105
885 500
935 682
-600 -1755
753 -1717
94 1314
1730 -1772
-866 677
-1472 314
-580 -192
-854 -1673
1420 -358
1760 604
214 -905
1179 -612
538 -1292
750 1527
-764 -708
690 974
-1058 -1512
1308 -1694
1532 -1640
1795 -532
-1071 931
1149 934
565 -53
-304 -1105
963 15
-841 471
-1042 -1345
-1031 -1865
-1060 -1860
1455 943
-181 1541
510 230
1604 1119
511 -324
-1633 1194
-1514 -721
121 -1227
-463 1204
672 -916
-853 145
311 -110
-495 -1107
-1445 226
-1609 1781
-368 1298
137 -120
1552 -30
229 1278
-1070 -301
-1309 -989
-90 -168
-289 741
-648 86
1783 -1734
-613 -898
-816 17
325 -1659
1819 -1771
-69 1044
-1442 1064
302 86
-283 -758
149 1295
-74 1285
-922 -1677
815 1444
273 -789
-494 -276
1474 408
-818 1474
91 1650
1589 -856
315 -1590
650 -269
629 1057
-1069 -618
1160 -1897
-838 -1154
346 1810
1766 1108
228 -1280
409 1602
342 -1190
1023 -1725
-1097 -1151
1658 -1573
-173 -607
-832 -717
-1479 -1530
861 178
-1743 -1785
-19 65
-54 -1562
-984 1899
-1302 1899
1407 403
-863 -317
-1387 -276
296 -194
-1342 -36
1298 1566
-1809 1706
-859 -1397
1809 -1099
1137 -264
-830 889
-1317 -105
996 -1601
-697 27
271 1446
1499 -1290
-669 1277
636 1266
1391 -262
681 1778
-871 -1425
1613 -398
1743 1608
1503 906
-1088 1099
1897 -467
836 -1338
-1414 1091
-1160 1178
-111 -1240
396 -1854
1884 -1226
1741 1498
1490 -1478
-1291 686
633 369
1714 -1848
81 851
180 -408
-1531 1185
-1249 -302
600 710
-698 472
-646 1550
-949 1639
-1752 920
1709 10
-346 1179
-385 44
1801 -1015
1630 497
851 1095
-1564 -211
-1242 -1605
-692 894
1376 1614
395 461
-212 -795
-1426 1132
-873 1046
1307 920
819 -399
1704 295
-744 691
1884 -186
-1642 -677
593 710
-81 -99
1778 769
810 569
-1523 497
1822 64
783 1484
-1429 -843
-1430 -119
997 -580
1032 79
912 1445
-470 -1867
1132 -578
1193 -123
1742 915
614 751
-824 -1133
1188 -1530
-635 1203
1336 431
1462 -1556
-1064 1117
-1183 -1425
397 -1067
-639 1360
-452 663
-1584 1158
-390 1117
1593 447
1384 85
1184 -197
455 753
941 74
293 -1011
1490 187
930 1440
971 594
1127 -749
868 -1251
1201 -817
1404 -658
-17 -1372
1465 -1250
1019 -1552
1258 -1411
344 -974
-1236 367
-663 1532
87 408
1887 149
-54 -1594
-48 -604
1358 -258
407 -460
231 -585
1345 651
164 -700
330 -1802
-1338 -1256
-782 -395
-761 -1276
400 520
-1036 -421
799 1712
-637 -1281
1466 -1759
-935 1208
1538 1651
-1378 1084
-1133 1191
394 -1326
1149 85
1716 1671
-1143 94
636 -1072
114 1797
-327 860
663 -1709
-823 -1218
-1481 -400
-942 123
703 -493
-195 45
1030 -1235
-1639 -252
457 -708
14 1449
-1414 903
127 -1424
454 -1700
-1032 -944
900 143
210 1361
1722 -445
155 1235
1068 -196
-963 -1524
-914 -1609
930 637
1462 1747
935 1471
967 1281
41 -1491
-694 1300
-1051 -1451
1150 567
-1754 -902
-1579 -1195
451 -1090
-112 189
-1581 -796
630 1812
1703 1563
1696 -1469
1162 -1094
-376 485
-1021 -1338
1730 -1203
402 -377
1038 -1509
-531 -978
163 502
-310 -1555
-1497 277
-75 1431
1386 -1170
-1395 -4
-338 919
727 274
1342 500
-1539 -349
-352 -904
-1348 584
1501 1237
1421 -715
1722 1513
1305 1564
1511 -28
913 -137
-370 -569
827 -231
-491 527
172 -248
503 1495
1115 -499
-360 1898
1673 -1825
972 -958
58 -88
677 -1891
-1393 369
995 -625
157 1457
1366 -1731
445 -812
368 1285
309 -702
-1703 -1443
258 -11
-249 808
-1567 598
-1355 -1600
1321 863
-1362 -1611
1403 1017
-1138 -1708
1174 754
-1167 -1446
1700 1033
-837 1241
-612 -1214
141 1756
-1092 -698
-804 -1033
1280 -1516
-1243 406
773 -3
1033 936
-1654 1113
-267 -377
301 -175
985 1879
-1670 -118
-1066 643
-1566 1157
-1745 950
238 -850
957 -260
-1470 -109
42 489
488 119
-97 -564
-1507 154
-160 654
-408 1803
-999 -592
-162 -1203
1579 -443
-1305 -1332
1663 -39
677 1260
-79 1891
-945 -944
-1319 -1256
1390 -1528
-1185 -1807
-530 -1731
7 311
-535 -1329
-473 -607
-943 727
986 -1704
378 90
389 -472
-1512 376
1738 1083
123 322
-1677 -1236
1369 458
1863 1882
-1500 -1428
-1681 -511
-596 -1062
-105 153
717 1141
30 -663
1878 -228
1341 -7
-67 -353
-51 -1601
48 1029
-1736 -642
-1074 -1191
-787 784
1060 -846
-1684 205
889 608
442 -715
1065 252
-301 -1653
-999 767
732 1203
-123 -164
-532 166
-744 1238
292 -1393
923 -230
-1877 342
1757 1547
1585 -41
-1837 -829
-1366 -9
-393 1208
1342 1693
-1823 -496
-1064 1274
-1495 717
1597 -409
1241 517
723 -987
316 1063
-1563 201
-911 -1221
1313 -1587
1199 -1229
-705 1096
-1365 1528
876 1575
-1156 1080
-1009 883
-1687 1128
1309 1388
539 -570
1450 -1735
381 734
573 -440
-1895 -102
185 1174
-868 339
-1359 -1895
-1706 1288
-1202 -417
-122 1538
1787 -1852
626 -1364
1671 889
-844 -940
1481 -964
1753 -326
1012 -194
-1892 304
86 -664
-10 981
-1289 -1259
378 1052
748 -1583
1236 632
-127 1891
0 -1543
1375 -1722
1845 -241
-578 -1637
-105 1807
-620 -1373
905 -440
-717 -1
-22 -1327
-409 -1823
429 1272
-335 -836
1172 -1601
-286 856
-1568 -1467
71 1454
432 -1515
835 7
-155 -1871
1027 478
-1613 1500
260 -1832
-1010 -305
-1535 -1620
389 -1617
867 -609
-1562 -1161
1652 -1854
306 -1745
-22 -557
881 -649
122 1083
1897 -280
1426 90
-1046 -1709
-232 -1806
651 881
526 -1273
303 -105
-1545 -1676
1817 -1886
-1090 469
781 1206
450 147
-605 558
841 -1746
-1863 -332
-1103 -1669
1322 862
496 370
-1026 1673
908 1245
932 -561
1084 -335
-723 637
-130 492
807 1850
1215 -54
-445 452
1777 674
-1392 1124
-1100 -477
-1203 1611
703 -1588
1106 -534
-140 -76
-187 1165
748 -1884
696 -500
-1137 -1395
-1360 1674
431 1022
1517 -1387
-1355 1410
76 -1345
810 -91
948 -1795
-972 292
-248 548
758 1472
337 -1265
-81 -456
-529 -569
812 528
-1809 1871
-1729 -44
-1856 1590
-102 -1727
-193 131
1813 -530
359 83
655 -1719
-1518 7
-275 1411
-1813 307
-1818 -1594
-1642 83
-1456 -422
573 1583
194 1507
1740 -1370
815 1589
-559 -1692
-1658 510
-1321 -322
-1348 858
-1884 550
1369 610
1311 -1040
-1605 -1519
721 -1030
-1441 1819
-720 433
-1503 -1284
-1141 1207
253 -1014
-1589 1057
-537 1465
496 -1851
-812 364
1872 236
295 903
-1282 504
1325 -1620
-888 122
1392 356
-684 -1600
-1553 -1845
-1546 1868
605 1320
-789 1526
-1141 1352
-396 134
548 1400
-1427 -759
1788 -393
803 1840
547 -1069
1306 75
-464 -1435
-398 1154
803 -801
1308 -470
1230 -447
284 -566
1690 -876
-1554 -473
781 -232
215 177
1045 394
1740 -1320
-1236 701
455 1237
867 -571
1054 -1129
-1081 219
-420 -169
1589 -1532
-374 -1407
-269 1674
-1007 290
1043 -547
-556 1425
-1357 -1591
-460 231
975 305
-440 630
874 -701
618 127
-1669 -1035
-24 524
-881 -1400
-1301 -1301
271 75
914 -496
1558 -532
-1662 -1780
246 1222
-361 1093
401 82
319 -792
1568 1075
-702 -1207
-1740 471
885 -868
1122 637
-318 -811
1675 1649
-1006 -696
-1230 85
1454 597
-1573 82
1880 -1532
153 -1526
-550 1226
808 377
1153 -1829
580 699
-1497 1607
-1382 1714
-1011 326
-604 -904
-1106 1181
943 1828
1562 1144
192 556
-1804 1308
1000 -1258
397 1755
-1188 52
267 1265
-608 1767
1246 -215
-42 -47
325 1410
1734 -316
1492 -685
1662 697
-493 -1816
-1238 -1708
395 1594
1771 -451
757 -1594
-1289 1157
-1748 628
1741 855
-410 1466
404 -1728
-1483 1097
-758 465
-604 1548
1571 1690
1237 1056
-44 -978
-1609 -1618
1073 1019
-48 561
154 1067
-1217 -1625
302 1301
-1093 -445
-1042 -391
-1496 321
-1480 -944
46 -1319
1341 -56
-962 -1168
690 143
1325 -1354
517 727
-840 1567
293 1701
-511 -1495
1437 -634
-1376 352
-647 -1883
-1008 1784
-53 -1390
-1276 533
-323 -213
-710 -1477
240 -252
-951 1145
-957 1140
-1733 -1364
-1539 -830
-1725 1782
429 -1236
1141 -801
1759 -1610
200 -987
1518 1793
-1481 945
1193 609
573 730
1067 543
-180 263
65 -1788
-381 405
-1106 815
268 1718
-1039 -1642
-1291 -1487
1349 546
-48 -1749
-765 1780
1393 -206
-453 -820
649 198
256 -946
-1873 -457
-1307 1866
-1760 1391
891 120
-1396 -329
-689 623
875 -449
1413 -132
1752 1235
-795 -956
1445 -839
-757 22
-411 885
-1369 -47
1011 -1859
-607 -335
1883 618
-355 1764
-1568 -1426
711 533
1147 -602
-809 794
-837 -870
-269 -1695
-222 714
-805 1569
-1638 -61
1668 342
1780 -1036
917 136
762 -1546
-1269 1182
1613 -400
1159 1272
160 1354
-1650 -44
-144 -150
1245 -1486
1875 -1276
-1207 512
345 -1752
-1112 -1197
1530 -330
487 557
1414 -329
-1434 -231
1608 1509
1801 -152
-1464 -1360
1008 -445
30 1187
1119 1466
1513 657
1730 -1525
-76 -1054
1448 138
1867 1662
-906 -1643
-494 -1573
-493 1876
1789 -1348
-1851 -1279
1769 721
-788 -1362
453 -925
1241 1356
987 -1567
-759 1190
1566 1326
128 1566
-983 -415
267 -1260
612 -541
478 -1485
-1061 -1861
-1350 -155
-1401 1536
415 1060
496 -1156
-1133 -1541
-1156 -1155
1483 -1182
-29 -111
-1799 -1279
1335 -1106
-1619 -1681
1860 1175
638 1250
-1327 509
1135 908
1308 599
195 -952
1432 -729
-4 1374
-264 -1371
151 1673
88 -1535
778 -177
-680 -1712
-1131 896
-409 1735
1067 1291
-1103 -64
-780 988
1465 -1295
-1092 1349
-397 -1161
770 -1640
-773 1405
1255 -1363
-855 -1774
-549 1397
659 346
381 303
126 -1666
1359 -75
278 -1267
1345 -1376
1793 -1164
1342 -178
1000 -656
-1549 608
-1257 -169
-519 -62
-1147 -1877
907 -380
-336 -1068
427 -1673
1255 1468
-94 -699
339 1891
-1555 1852
-1610 1569
-1779 -281
1887 625
1359 -1124
1887 886
256 945
-1033 -1234
-597 175
74 -774
-1836 471
423 -1302
-1351 -468
-914 -1605
-1783 -234
1415 1726
315 -1005
979 597
-412 -1707
1774 1818
-1855 1595
-1107 447
-1776 -208
-846 -141
-1378 602
1837 1867
-1754 -375
419 1777
1359 -813
102 850
-927 -1084
726 -1004
-501 306
-251 1444
-391 965
-1548 -988
145 -1239
1053 241
973 -424
1106 114
1220 730
-1877 1038
1638 269
1122 -1067
-1189 -1736
1793 639
-1273 -1460
112 -1117
1315 -1894
1556 1769
-1155 -196
1605 -34
984 40
-262 -221
922 -489
-422 648
-1185 -547
1340 995
-1899 -1427
-1351 1780
1130 -1436
-292 -1485
1061 1052
182 -404
-1700 350
-899 -626
-1260 -989
-342 1432
1605 -1885
-1549 410
1296 -281
-153 -57
-1355 1195
-1721 1047
-382 -561
-328 -1699
157 1502
-1253 1601
-508 -1096
-627 1298
-1243 -742
-465 1259
848 775
-1045 -1668
-820 -1676
1796 -570
-1492 -1289
-1745 -533
-589 214
-1800 1291
-1689 -966
293 484
606 254
-1203 -1033
1604 -871
1545 805
-721 1684
843 -564
-576 -341
-694 1477
-248 -108
1591 307
-332 -576
1677 -1161
-1539 45
-1709 1689
1295 -1349
56 1739
-998 -571
316 -1058
1553 -545
1747 -1380
5 -354
-437 877
1544 739
879 -742
1443 877
-1881 1100
-741 991
-1443 -455
-68 -298
-543 -1692
1885 529
1712 -163
1549 1515
-533 -1011
-995 -441
-490 -677
1840 -1210
-545 1438
-1203 708
639 54
1401 294
-460 -1013
-1446 -916
-723 -1803
1033 -175
271 -503
1148 820
538 1819
1164 1866
-598 -1671
31 1870
1704 1513
812 -1574
-1670 -1298
708 307
1141 -367
-97 1167
-542 -432
-614 -1420
1496 -247
-1708 -1618
-526 1228
16 -1293
1201 -548
1044 -168
-301 105
-45 -1871
-254 98
-1410 -906
-1384 -1806
730 -1275
1269 -1143
1596 -654
1023 511
-1134 602
-1773 1277
-1469 -1283
-585 1373
-57 -1132
1376 -1181
1196 -551
-1853 -690
1343 -1315
945 932
-1262 -310
-113 1542
168 337
-671 -428
-1283 -135
195 -1049
253 1897
-1744 -537
416 -451
-944 -257
704 -299
-890 1483
1112 -321
1080 -1748
-1246 -1839
17 -1593
142 -660
-71 -617
-1137 -394
888 1432
819 55
354 -174
-1823 -1037
-1866 -915
-259 1116
-686 -938
-835 1485
1139 1785
-405 791
462 177
-1374 -949
927 -411
-1037 226
565 -581
-1779 1109
970 -322
896 210
1257 -1416
-1001 729
695 -375
-540 887
1763 -688
372 306
1758 294
-669 300
1322 44
-1672 -1718
1702 -89
-849 -41
-768 -1574
1403 -1249
1393 -942
-583 -10
352 -979
340 394
346 1827
1686 1595
680 606
-771 -1885
631 -788
1020 1255
739 -961
348 1312
-821 1614
1111 97
493 818
-750 1486
-1340 -1687
-1073 -413
-1167 1681
-1852 1394
-318 25
622 1247
-1160 -566
1085 -1450
-1238 -1277
-1548 -1327
-1820 1048
846 -806
-1491 -1065
-1081 432
-1876 150
-1035 -770
-598 -1600
-390 1838
1055 802
-1488 -1255
474 -1806
-748 -731
1464 1030
1505 -93
-793 1897
1122 1122
-824 -1316
-1862 -227
815 -1558
1272 1801
-81 -423
547 1887
-1231 266
-423 86
-308 1209
36 -688
-600 368
373 -194
-278 -1478
1170 451
1143 1548
821 70
967 -1752
