106 2769
-1861 -272
1725 2436
2898 1676
-1612 -1718
182 971
-591 -1088
-2941 -3113
-1942 1115
895 1439
-343 -2603
2969 -1151
2012 1462
1753 3178
836 305
-2838 1327
1875 2649
2397 542
1654 1151
-269 -2982
2925 -101
-2191 2376
2604 -860
546 1210
-2112 -1203
-1410 540
-2364 1292
1286 2810
-872 -765
2824 2340
419 -1880
-3015 743
2838 -2349
1412 1913
-580 -547
-357 1593
-1933 2652
1434 -1745
1646 980
-3144 1206
3075 1341
961 -2369
3219 -2189
-2481 1003
990 114
2164 -846
-2913 -1930
1465 -773
-1890 1374
-570 -3037
-2052 -2213
2194 -2015
945 -2981
-371 1108
26 -1227
1444 2601
69 1834
1369 1658
2829 1028
2876 -1961
-2282 -221
265 237
-2550 1896
-86 997
-1052 1163
3142 -2783
-963 2800
897 -2424
-2 1225
2734 2654
1510 -321
-2271 381
2527 1805
-1923 2131
2825 856
-2970 -1327
-1699 2118
2255 1643
-30 -1041
-3095 -868
2500 -1777
618 226
-301 -3281
-1362 142
-2287 -510
2403 -2032
296 -3221
-891 1486
2080 -623
393 -3033
269 -760
-2851 1206
1578 -2104
-1947 613
-864 -456
2535 -931
2790 3188
1258 -1550
-3248 769
-1652 1277
2234 698
-1228 -1937
-773 3211
457 2952
-48 -1143
-3134 2189
1548 1811
3208 -854
1866 -2142
-3032 2396
-2098 -2761
-2055 -2408
-3246 354
-1784 2970
-329 1669
1933 1474
817 -252
2888 -2065
3236 2164
-2736 -1891
614 2190
-2278 -2710
3048 -2001
-2261 -2295
2830 1492
-2037 2305
1967 -1057
1461 3035
-1468 -657
-1533 2877
-1119 -1456
-2354 -2940
924 -77
1201 -954
1272 -2485
-191 -2382
513 2056
-236 -2390
-129 2171
15 -1033
16 443
1151 2436
2514 -2868
-2171 -2234
2610 2622
1722 -1112
1700 -1292
1901 -826
376 -2664
884 465
2645 117
2805 -626
-1777 3012
-891 3008
2801 -2549
3119 1886
-1974 -3237
1158 -2971
183 3179
1055 1289
1405 1089
805 -978
-2657 1897
-2836 1600
-1238 8
-2387 -1745
2438 2554
2888 -357
-339 -1907
-1018 952
-2462 -44
-1574 -2651
2940 3025
1921 -925
-2286 3117
133 3028
-2091 -2319
-3145 2728
2755 -653
-3140 3051
-2720 2408
-2200 -293
1363 1715
-2053 -743
-1439 -145
-642 -2331
-2047 -686
1757 -2126
3206 -2113
148 2587
820 857
-1205 2340
169 -352
3003 -134
-2083 913
-242 -1905
248 1231
2871 -369
874 3244
1308 -1738
-1824 479
1455 -1854
2019 -189
1981 2975
-1648 2092
-3180 -688
931 -2951
-2477 -2620
-2361 -715
-3108 -2286
1385 -2139
-1211 2740
-1548 -360
1802 -2106
-79 1228
-1819 -1194
1651 -487
677 980
2178 -2807
-2938 -835
2967 -2260
-2857 -2917
-828 2600
-2981 2025
-1443 2491
234 -3135
2292 -118
-1880 2466
344 -58
-1712 -1192
-44 -859
2731 3087
-2564 267
1006 1485
-2637 -3279
-1249 1208
-465 984
-1038 244
-1011 1045
-3294 -1555
2994 -395
1638 1734
-412 1182
-1121 904
-1094 -2071
-20 -1036
-1603 -572
-1968 -251
-859 1268
-1958 3030
62 -123
-653 2636
-1499 -2198
2606 -1688
444 -1642
1493 -3087
-2660 -2737
-128 -250
-3267 1005
-269 -2429
-467 -1337
2765 3124
-3068 1354
3033 -1882
1265 2549
3297 -2951
-1149 -688
-516 494
1006 194
2601 2476
2744 1814
-2809 -1716
3238 -870
2578 1562
-1947 -585
-905 244
-3199 905
3093 2157
-1722 491
2614 -1898
2550 399
-2460 -2515
1748 1852
-2014 1954
2862 -1543
818 -2020
1817 514
162 -2291
2781 1471
247 -2866
124 1313
-976 -597
-937 3006
-1239 -1173
-2012 3057
-1940 1335
-2001 -3035
-2014 -2304
2053 356
3165 -430
174 877
1482 -2882
2756 344
3045 3202
-2651 -3028
1231 -746
-1971 2334
-2474 -2899
1899 -2761
-2065 2226
-2289 2310
-206 -2427
-1063 -1714
1737 1598
-1398 9
-430 978
3223 2506
1226 1506
893 1193
1305 3065
2093 7
2409 2918
-161 2759
2336 -2098
2820 -1223
-3161 -2526
298 2786
1977 -1074
1929 806
-3117 -2925
-2108 83
2179 866
-812 1756
595 -1003
-2463 2219
1650 950
2482 971
1108 -844
3173 -3298
144 1461
-2179 -2861
-1319 2840
-38 -5
-1667 3168
-1054 -687
1631 -2982
-1941 -2859
60 767
2325 -1128
-2595 1829
-2444 2164
-907 -216
-1710 1443
2071 -2899
-213 2531
65 -3240
-624 1668
1229 3146
482 1352
-363 -1728
2370 3130
-490 2833
887 3082
657 -2477
196 2626
1537 660
2007 1320
1856 531
3028 -1789
-329 1516
1614 2559
-436 -2425
3298 2868
-748 -3006
2069 2580
53 1601
-929 1177
1604 2589
-909 -1143
3146 -213
540 -902
-1391 -588
2427 -1452
-1457 2622
-1153 1941
1377 -1422
2472 3158
-1773 424
-3160 1385
1783 -546
3064 -1257
-2075 1764
-1491 1255
-1747 -2780
-1777 2007
-164 -16
606 1263
1062 -1011
3157 3135
-461 -588
-1337 -1889
80 2686
799 -2451
-9 -3057
1437 -954
-1732 207
-3295 -3064
-1603 1096
-3292 -1599
-1815 1967
655 -2715
-995 713
-2274 1267
1932 2445
-871 2122
879 1703
-2242 1962
851 -645
-2346 2817
-2790 1110
-1676 -1861
-1071 2534
2525 -2369
-2081 412
1262 -2323
-3281 3292
-2205 888
3214 3210
1539 -3072
2842 1992
1496 1862
2556 -3080
-391 2943
3163 1925
2957 -393
2584 -1061
970 2352
-2396 -2056
423 -2535
-3229 -1403
-1390 -973
-1600 3215
-3046 980
2448 -2554
1677 98
-2535 664
-1074 -1365
2084 2317
-2813 3166
-2041 -2250
-2805 -1164
-3067 -1200
-2805 -444
2225 1869
-1638 279
50 444
2137 -3034
1693 -676
-2927 -1167
1914 86
3082 474
2820 2626
-284 -2883
2906 1060
2089 -1863
-636 1611
353 -2120
-2587 -2391
-1488 -963
946 -1396
2727 -3182
512 -234
2948 1730
-1469 -584
-913 -1167
-1308 1702
-3010 -2944
-158 -1455
2994 -2502
-1941 -1266
2730 -1276
-1142 -1398
-2675 -2200
1999 1453
-1269 -2215
2524 84
-3059 -1146
2652 -2883
1481 2678
1897 -1792
-1847 134
-369 1422
-449 -1745
969 -1209
-2059 -2559
1680 2315
-3215 1980
293 845
-3055 2422
1607 1677
214 1224
-851 737
912 2394
2243 -597
1165 -670
2475 1876
-2687 3166
1299 -2962
-288 -2744
611 2312
-2326 2303
2974 798
-1130 3219
-2841 274
291 -735
460 -1186
2176 -596
-3077 -42
155 -1283
522 1317
-2856 1067
-459 1466
3018 -2020
-2012 3163
1140 1826
-152 139
2186 -2597
1020 253
-2909 3131
-2301 2256
-2965 1512
-1479 1757
-2768 -2378
1790 -148
1935 253
225 1439
-370 2083
497 735
2501 454
-2051 -1559
-198 -226
-217 350
2523 1127
1633 1150
-2973 -3240
-1119 1466
3023 -747
1958 2210
2600 2522
519 -1976
686 2143
3274 175
-472 -2422
2278 -543
2191 -2247
1701 -203
2784 -1342
3152 1885
-181 910
2677 -2868
1370 -2879
1610 -988
536 -1851
2280 -3049
562 3222
2728 1812
-2137 -1786
-3085 -647
1692 1601
784 -1832
1791 1019
1778 -254
2581 1147
-2218 3005
-424 3035
822 1821
-2179 1078
1204 1410
-1022 367
3297 -1428
-647 296
-1228 -2017
-2949 -1374
897 -3134
449 559
1973 -2026
2991 740
-2672 -2247
-788 1833
1081 -1791
1004 -1687
-36 -1894
1415 3062
-698 1416
-1780 361
-3049 1659
-3281 -3186
-1540 3255
726 2964
-2478 2767
2950 751
1607 1991
46 2941
-2845 235
-2400 -1113
612 3191
1198 1987
1471 1243
-473 -2756
-2366 89
-199 2094
187 -3174
-2080 -2376
-1149 -2294
2063 1377
1912 -2384
1394 -1624
-356 -1340
-1609 1043
-1973 2419
0 764
1883 2261
972 2909
2712 -1762
-2502 1154
41 -2474
-28 -1679
1081 -410
2375 -2915
-129 -1610
-1812 -2829
1964 -1934
-309 -2633
3074 -523
1912 2165
-2382 -1750
79 1575
-1388 2999
-855 146
-2794 1054
-68 1761
2944 -1567
-2412 -2288
-991 1708
-1423 1455
1799 2639
-1509 -1958
-1075 -1288
2171 2502
-2577 -790
1871 2276
2510 -1459
-1564 -2312
-2580 173
1668 1652
2834 2495
230 2188
656 -450
-2944 837
269 -3241
228 127
-2202 -999
1582 2378
-3172 1387
-2642 945
-915 -2856
471 2603
-1755 -2009
-19 -615
-1999 700
-585 -1817
-693 -290
-1813 -2513
-1049 -1470
-269 -2408
2164 768
-1746 -2094
1088 -384
306 394
184 -96
2771 -1758
-2881 178
3079 1279
208 3227
-235 -2021
1315 -2539
408 -1742
-730 -433
-581 -1742
-2717 -2142
-3038 -727
-1486 1900
248 2749
1184 1665
1589 -3277
116 -555
-797 3166
2289 1180
-1100 -151
600 3128
-3146 569
-350 -2444
-2291 -1217
2265 -722
3266 3124
-948 -2767
-2215 -289
36 -2422
-1019 1952
971 3254
1753 1654
1741 -1987
-1379 1022
-1236 -1415
2686 -1779
2816 162
3255 454
1319 -573
-1660 -3091
3147 1660
-1078 -742
-2877 785
-1131 -2556
-3029 272
1942 -622
2634 1149
3074 -2367
413 2520
1541 1186
3045 -2159
-877 -2127
-1897 -2790
1696 1985
-2373 -1984
1081 -3048
2138 -941
2825 -2459
591 -437
2313 -247
2546 -1268
3152 1544
1840 -3230
-1009 -212
-798 338
2240 509
-823 1318
1037 103
3254 -794
-2549 881
-2540 -1823
2293 -840
-3256 -1486
-1296 -3201
-2797 1843
2094 1931
-888 61
2805 -1238
-3232 -2780
557 -664
1633 -1518
2214 1155
972 -147
-2924 -662
966 3259
-789 -813
-2444 -3262
-3195 -3275
1707 2381
-1944 2464
3217 -880
-1443 1220
-1896 859
2178 710
-1215 -1819
-1442 1013
-520 -1537
-1099 -2891
-2882 -1052
16 -2125
627 -2998
1623 2079
598 -784
242 850
-1967 -2799
3294 706
2728 -280
1359 -817
2676 -408
178 1083
-1418 1446
-139 2770
1785 -822
2436 1913
-3092 425
-2249 2499
1770 -1805
2457 3134
1976 -1420
418 1467
2432 -2986
-1062 196
833 -1917
1075 -865
-1630 -2570
-1854 3263
-54 1112
-573 -3089
-437 1456
1276 -1125
-1559 -1074
-1704 2928
-1226 -3014
1636 -2370
-2012 1860
2758 2201
-151 2533
-2757 2932
-756 -1512
1833 -1379
-1764 727
-295 1462
2399 -2188
169 -716
-1879 1052
2057 -1496
-1937 -143
-2735 -1882
406 -1179
1912 -2492
2295 -983
-1812 -2413
3008 1566
-299 3114
-42 821
2816 -3254
-2790 -1244
-933 3105
-1326 1404
1459 924
-1741 3089
-1491 -1385
1455 -605
-207 -2187
-1770 2990
-2004 1782
-1969 -557
-1335 -1868
1436 -2524
-227 860
-2621 1213
1202 3149
738 2482
-2616 63
236 2314
2486 544
-1104 -1448
1419 -1124
-3218 -865
-2095 -643
2640 2645
327 1602
-2852 -2460
1759 -2365
-2079 -295
479 -2217
-1521 900
-3235 2438
2248 -796
944 937
-1519 -2681
664 -926
1358 1831
-2348 -2801
2078 2591
2331 -862
1378 -350
1108 158
2430 -682
3095 1553
413 2742
642 807
-1582 -3039
-1883 -539
1875 1224
1231 -1001
146 -2820
-1709 2447
2122 -2478
3207 993
2095 148
-3209 -903
-1134 1284
1378 1243
-2452 -2133
-2778 -2384
2404 -253
2570 1250
-2589 1083
-2398 235
431 -2806
2821 1164
-1596 2940
-2348 -346
390 1060
-862 460
-1006 1858
-505 1678
-2187 -1190
137 -538
-1846 3266
-47 688
-2078 -2191
1598 1735
-554 597
648 1136
1633 -2517
135 -760
-1617 -2942
-2213 1817
732 2224
1112 2939
-1321 -706
931 -163
2260 463
-1671 -1511
-952 1547
-247 291
-1801 1875
-2917 -1431
-549 343
-2640 -489
2775 2014
2042 2197
-1846 2191
-509 -2854
-2427 2671
-1371 2907
-1195 1646
2278 1684
2484 127
-2140 -2020
2179 1107
3160 2167
-2815 317
-1567 -1243
-1489 201
1755 -636
249 2752
-1291 -2482
-2244 3040
-1227 -82
924 2337
1481 -176
-1794 877
2677 -2597
1142 426
2282 1931
97 1568
2683 -1109
-1897 -1655
-197 -914
935 666
276 -1114
-3273 1022
2702 -34
3277 1832
1764 2122
-2223 677
2073 -2173
1395 -2080
1352 385
1468 -2112
-680 2291
661 -2702
-878 1539
2064 282
2635 -163
-223 -3130
924 -569
-3229 103
-654 3034
-413 2859
1682 -644
927 -437
-1219 485
-1694 -2475
1381 -2347
-2871 2745
-2160 -2784
593 2361
-846 409
-1669 82
243 362
-3004 657
-1741 2943
-2480 -548
-2287 -1979
-2690 -1332
-2970 -1446
476 1221
1165 590
-1517 -1834
1915 895
-3287 998
487 -2221
282 -2055
1372 -21
2420 -103
-2942 2905
-1120 -1682
-560 -2159
805 -2814
-2515 1367
2263 -2505
-1744 989
2753 1234
-2755 -1994
922 -3215
-1349 183
-2912 -2680
-2244 -3265
441 207
-2835 2724
-3127 -2702
3105 -1727
-86 2349
-871 -666
529 816
-2950 -2158
-268 -445
3067 112
-1689 2977
1596 -638
-1427 1797
-851 -1480
-2005 204
-3283 -1676
409 -2194
-355 1187
-940 539
-2838 -642
1288 -706
2230 -986
-1915 32
3255 -2426
-200 1381
-216 835
-2445 720
-464 -393
-2333 1538
204 1838
-1501 2187
-1405 -3062
-1890 3244
1636 -1907
-1354 -711
-2870 -2888
-1920 -1794
2088 1875
-369 523
3212 2340
-1472 1809
-1256 882
2034 -2637
-1485 -1798
-879 364
-126 -2536
1683 1290
-2202 -2977
-1748 298
1312 1706
2298 2981
82 -2634
1054 1580
-67 -1003
1815 71
-2856 -101
187 3017
-630 171
-2821 -2566
2000 -2834
1373 -2996
-2066 209
1206 -2267
2387 1641
2385 -1327
3067 3062
851 1649
3154 -96
748 -2270
-428 1266
-1047 -727
-116 -427
1537 12
-1534 -1337
-522 1736
-1819 775
-1717 -2445
-1988 1136
2490 -1113
-3186 2685
612 -2089
258 1017
-2484 987
-320 -1018
-826 1002
-2857 2165
-1560 727
-2161 -3116
-2443 -1831
185 2443
-274 -2963
3128 -2887
-1538 -2860
-1849 -2851
-622 -514
-1314 -868
-2067 -837
-814 2577
-1863 -327
-3224 -1296
-3006 1268
-1099 1589
-1764 3265
-21 -761
2019 -586
1233 -1525
300 212
21 658
75 2802
2833 2456
-1374 3077
-1599 -2849
2654 -1204
-1475 -1547
3110 1330
1593 -2958
2136 832
1072 -1666
-1015 -2169
-1902 465
-2869 3270
-2472 -3024
1305 -1555
-1197 -2456
284 -1340
-2949 2269
-143 -1064
-578 -1330
3246 -3141
-3191 -316
942 1758
2595 -2090
465 220
-2255 -2584
-2012 -1988
1308 3193
-2999 2939
-896 2868
1550 3262
-1507 -1956
-268 -1503
1222 560
-3042 8
799 -1818
-355 590
1565 3297
3057 -2408
-1294 -1520
692 -1203
-2988 -741
-1972 -377
-401 3291
579 2842
473 2071
1192 636
-2641 -1675
2089 1026
2368 -3142
924 -3267
1159 1002
3208 3187
497 -765
1065 3220
-2913 -2036
1748 -2957
-827 -2885
-1959 1334
1629 2351
-964 -1797
-1163 2231
-580 1723
-1873 3244
2052 -417
-873 -2291
-1633 -1713
-2284 -3018
-1279 -2786
313 -1298
-1734 -3233
-608 1425
1399 481
2974 2547
-1356 559
1593 2020
-2018 2488
735 2523
384 2859
1643 -2004
1375 70
2228 -3226
-2549 2896
157 1863
446 2863
1215 -1801
3212 -306
2842 -1139
-85 -1145
311 -42
2705 -2421
507 -9
1760 -2699
-2637 -1912
996 3
2194 605
169 971
-2985 2788
2902 2794
-28 1294
-2361 -1123
-572 -2020
-1472 -321
2978 -1284
-1218 -258
-1035 1762
-2230 1324
2771 829
-626 2706
920 -681
152 -1767
-2333 -2719
3045 1387
7 3161
-747 -2577
820 2083
689 296
-2017 2366
-2842 533
-1963 -2943
1079 -2155
803 -374
-470 -2787
1165 2064
-1744 -2569
-3171 10
3027 3086
1362 -1794
499 -2453
-1665 1826
1739 1690
-2233 -688
3137 -712
-648 1920
1286 1173
1599 1197
288 -1296
1426 3129
-2047 2426
3107 1720
311 -908
3183 -55
605 357
2662 2589
-1834 748
2990 -647
3252 3083
-2245 -2107
-1877 -5
-270 -3146
2496 2633
-2521 2168
-2836 -2121
-1938 913
-2547 -2559
-852 901
-606 889
-138 2729
-2929 -3059
1942 -1635
1498 -2431
-1832 1088
2134 -382
2131 2780
3088 2256
-1830 2295
-3218 -3062
1854 1638
-1552 1372
-895 2642
-686 -2187
-874 1427
227 2343
-2114 2095
-759 -2677
938 3130
2120 -2494
-2179 574
-1370 -155
-2571 -2368
342 171
761 2410
1205 -2779
1667 887
-2558 1505
2322 -3159
-1036 2204
-2631 -1482
-601 2081
-1777 2830
1052 1525
1357 1152
-1183 3082
-1712 -2411
-419 -1889
584 -2289
-1945 2106
67 -1438
-386 -3105
258 -1971
2421 641
1094 2769
-1901 1471
-1052 1523
979 -1124
-1550 -2822
2700 -1893
-1458 809
370 1396
-1437 -1944
-1619 -2338
225 -1145
517 -441
2405 -273
2194 3069
-1345 80
704 -3038
-1091 -1447
-1344 2591
1375 -3083
806 928
1059 2267
-1578 -1605
3186 1290
-2937 -3078
2413 2396
2766 2399
-1411 676
-153 -2927
-2618 1365
1093 -981
-1691 -2910
-3033 -1708
-893 2758
-1562 1441
-2241 -1278
-1184 -2783
-2983 217
-1068 -210
-1296 541
-193 -246
2355 2133
-1726 -2910
2300 -1566
2340 -2400
1671 -1064
267 702
-1108 -2699
412 -2023
2879 -772
1583 -3161
1400 1600
-183 3070
-2831 -1334
2710 -3096
-767 -1738
1748 2316
-1731 -2058
-870 1817
1606 2928
-2921 2713
-1141 3056
802 2735
-2270 -2021
387 -1395
2316 2147
-2301 -386
-545 1587
2725 1819
-698 566
1939 956
-2892 552
904 -2691
-2129 -443
1805 2693
-2560 2671
-1214 1269
-291 -3074
1072 -1397
-2507 -2513
3052 -2215
1492 -2613
2019 -2855
620 -1325
-1954 273
3048 2029
3286 1417
-2229 -185
-1944 -2696
-965 921
-385 3009
-2842 293
-74 -680
-1487 987
-1450 2532
2336 2398
-2907 1966
-376 -2333
-1753 -1260
-1297 1044
-2 66
48 -1590
-2456 1903
-3064 2491
2887 3199
163 3195
-1041 -3153
-1288 -2198
-2934 -1127
-2940 643
-134 412
2488 3277
292 2323
2253 395
1809 -3132
-2792 -2045
1093 -2960
-1244 -1351
-3088 -1682
-995 -928
2185 722
-990 -195
-2371 -2868
2875 3288
-923 -1889
-2720 1022
-475 1362
89 -1702
2150 -1527
1107 -56
-603 2639
2597 275
975 2079
-1907 1666
1335 -1753
-2469 1730
2275 -1826
-260 2745
-2246 -657
725 -304
-2610 -151
2118 -2402
-138 -1452
-2917 -1287
542 -2550
1778 1573
2327 -2860
-608 -3129
-2711 -2392
2362 802
-505 2402
-3069 -2166
517 -167
1862 -2059
597 -334
2361 1020
-2703 1849
-1723 1245
-344 -2349
-2049 2982
446 1135
282 -2583
2574 3206
-482 -1565
-1984 1317
-1794 3104
-2166 922
2850 -2524
-1952 800
-2603 1237
3010 1601
1289 -2026
-1887 1984
-13 -1030
-2408 794
907 -1058
1104 1932
846 -3099
3036 466
914 -2824
2451 -436
-789 -2529
-1546 -2297
982 -3114
967 -3288
2691 -2735
2123 -2180
-156 -2305
1375 -1551
2052 2060
-2632 -1297
-2662 621
-1958 -110
2357 -567
3266 413
580 750
-2959 1193
-235 -2961
-1558 -3199
-3074 2869
-3208 1671
-504 -1263
1701 -129
3264 -895
901 -1782
527 -3083
1259 -2473
-717 926
-66 1674
-343 1720
40 -2261
2682 1849
-951 643
3170 -2568
-2534 -2923
-1701 -492
-1462 1867
3078 1803
338 -3063
2228 2921
891 769
1850 3105
-1267 1107
2582 -1448
924 1400
-313 156
2783 2517
1898 2231
2898 2071
-1401 2642
401 1686
-1489 2301
-1933 3210
4 2457
1109 2039
3221 -3084
2683 3239
625 1081
2898 1501
-2133 153
792 2704
-314 1446
-2158 1435
1428 -1192
746 -1055
-903 -220
1826 2827
1769 1773
279 1440
-252 1382
3064 899
1164 2223
-238 637
-1340 152
2832 -2454
2989 -2219
368 2868
31 1881
209 -128
-362 -2224
-1883 1478
2048 1452
-1447 1129
-3050 1110
-443 75
2164 -2737
981 1437
-103 2500
805 906
-759 2493
-3271 1875
-1879 734
-1394 -1604
-1058 1273
1298 -370
-1835 -2593
-1826 -274
-2518 -2580
-2790 301
-899 2662
-2551 -2988
-383 1530
-36 -862
1293 139
1601 2040
3073 1816
314 -3203
1085 3100
-2107 -1165
2013 -1270
-2436 -1877
-1530 -1125
858 909
-2175 273
-2914 -3174
221 2691
2224 -829
539 1973
-1311 -3154
2649 1521
-1809 -2757
-737 -3118
-2490 -2598
-845 -884
-2178 2659
423 3279
978 2397
38 -1051
-2931 2417
-3284 382
1013 -2300
863 965
-2943 -793
1860 586
702 -165
2304 -2668
1680 1540
-2454 63
-1659 -2458
1281 189
-2790 1189
-3029 -41
-1645 -1375
232 -2480
-2517 -567
2060 1685
1502 229
-2795 -1193
2271 49
2673 275
977 -698
317 -2683
1893 847
2773 1371
-500 3241
-406 782
-2238 -2634
773 -3269
-1881 2421
2392 189
-2955 826
-1860 -272
1527 -122
2756 -1212
633 1507
-240 -190
502 -2867
796 692
-1323 1677
-2353 111
-646 1772
-1471 -1281
2789 -223
-2784 471
-465 -1358
-813 2707
492 494
1769 952
-2632 -245
-869 -517
2893 1719
-2048 -2975
2733 -696
2673 1208
1855 -3295
-303 -1397
1410 -1630
-573 -2633
-2219 -1465
-1262 1192
3178 1599
-2784 -3153
-3259 3144
1306 -2554
2684 1960
656 -1540
2777 251
2361 278
-1504 -2260
-1268 451
-163 -2023
1119 -2457
-374 1799
-31 2856
-1386 2199
-1710 -2478
3259 -1843
-2935 -2251
902 -1068
2905 2723
1667 583
1838 -3072
-365 2850
-951 1951
-1271 19
2680 3008
2465 -818
2657 -374
-1634 -1619
1866 3153
2424 -2845
-2981 -2568
1397 -1951
1402 300
-1021 -850
-770 -3226
2813 2740
-921 -562
2919 1443
-3262 -197
2886 1334
-1312 77
-272 -1046
2934 1605
1018 253
400 1579
-472 1030
620 816
2243 72
-1663 3173
-216 968
-790 -1855
1966 -1527
832 2026
-1254 1983
-2407 170
1984 -2306
-1851 923
1309 -558
2638 1213
254 2894
2007 -814
180 -1017
-2466 -3076
-2447 -487
-789 1504
2722 18
46 -908
-198 -1710
-168 1815
-2729 1157
2635 3027
3101 776
-879 -9
-1403 -80
-2849 -877
2938 -2906
-2675 -1425
-2996 413
-1820 3027
-1888 -2775
-1139 1034
225 -1967
476 1360
1163 -239
-260 1655
2540 -2269
-983 1883
2725 1647
193 -1538
932 -1350
-2765 2564
-2711 2363
1875 2772
1641 -1649
3267 -838
1310 -2832
-3087 889
1628 -1071
2471 835
2848 1961
-2725 3227
-2816 -1052
1736 -1460
1351 2106
2818 1065
924 2992
-1434 -2403
891 3015
-590 2548
-2710 3071
133 3094
-35 -1017
939 -2181
-704 -47
1403 223
2846 1768
-1035 1786
1350 2184
-1984 -310
-65 1495
2087 1339
793 1574
-887 2212
-1840 -1923
-908 -1607
-1545 -1824
336 1758
-610 -1171
-1742 -1326
2407 -2335
-2348 -3000
-1979 -1599
-30 2358
1308 -1950
-1085 1974
-2016 -1642
-1044 1536
783 -2502
-1625 2316
-1755 55
1941 -2269
172 -2686
-293 3129
3125 -1540
1979 1548
-213 2172
3253 -602
3248 -385
-2456 -2010
-1517 1528
203 -1512
-87 340
921 1186
2417 -2999
-1738 1530
2194 2368
1923 602
1481 -3040
-563 -2646
309 2758
-278 -1638
-3021 225
-2576 -2152
-392 3147
-455 2442
748 -1008
-2312 122
3238 2758
-2048 505
195 -224
-972 65
-1827 1198
1883 180
-2469 -3160
2431 -1272
902 -883
2945 -1109
2180 -850
2502 -2531
3008 -386
1605 -1256
2174 2436
-2428 -816
1630 1789
-541 -1145
1357 -2470
-3144 1635
-2088 -775
-1857 -1856
-244 2202
-1897 -3075
-44 -2132
-1030 -2942
624 -167
3171 -589
2482 -3154
-1056 1577
-2585 -204
2081 633
2807 2741
325 1450
1082 592
2885 2223
2225 -2218
-269 1896
-1711 1348
1610 2271
2942 1767
-2985 -1736
3202 -2232
-694 -2955
-879 -312
-173 2539
-2250 -718
-3262 2198
1888 -3048
1387 1321
-1051 188
-2095 297
1176 -2713
3081 -2954
-1365 -2396
2365 284
-73 -3073
-3291 2170
-2249 -1066
1081 202
454 -1956
1085 2827
2583 2789
-1324 2523
2589 -251
-1446 2524
-2769 -1660
874 2076
2276 -697
1367 718
578 -3256
-31 237
788 -1809
-2163 339
974 -2260
-656 1668
3297 2768
-1717 1390
-1021 744
1012 -2227
471 -2348
-14 -1202
861 -163
516 2046
959 -2940
2091 -2263
-1439 2669
2208 -403
-502 -2830
-1455 1914
-163 2807
-3001 -1879
-1974 -2590
-2478 -2072
2454 1605
-1930 -315
842 2836
-1275 71
-762 -755
743 -1876
-1118 625
123 -2763
-3110 1536
-1690 2899
-565 -2273
1787 1555
176 -1585
2486 -480
919 -2793
2511 -2467
428 -2984
-954 2473
-1295 -2967
-231 1231
2465 2570
1745 1873
-2508 -2280
-1406 -1455
213 322
-178 2676
770 300
-2963 1823
-2202 -24
-1518 552
2345 -2470
3286 -2806
2905 1196
-2866 -2415
-51 2484
2597 -1275
76 -2226
2520 -2422
-165 1987
-1572 -1704
-968 1058
-2626 1638
2683 1093
3026 -2383
-2603 -1015
-1950 -78
2396 3176
-436 335
2424 -394
-309 3298
-1989 2759
-1449 2219
576 -469
-1542 1944
819 -2684
2739 -792
3068 3101
-1740 -3102
637 -499
-41 1851
139 2001
-3139 1484
1973 -82
-637 25
1646 -1767
664 -3019
-1638 -2800
2854 1716
50 3244
369 80
-1075 2604
3067 702
-2914 461
-306 -1151
-1497 588
1952 201
-505 -1310
-357 -2751
2123 284
-536 -3191
3002 1949
855 787
-1535 -2367
2499 2306
-1381 109
2378 1900
2963 -418
267 -2220
-2647 573
3297 -1101
2529 -568
-851 -119
-1488 -2496
2092 -1794
-1573 -1379
529 -1585
-20 1112
-3155 -2580
2367 323
-1837 1184
-1256 424
-2355 1199
892 876
646 1333
-2437 -1472
-1749 -1758
-2823 91
459 873
2351 -2973
833 830
-3167 371
-2537 1302
3068 -587
-2040 -677
-2646 -813
1591 -700
-1420 -846
2354 2364
2873 936
556 732
2200 -861
-1114 -1309
1778 3247
-1229 1827
-733 -1443
-1579 1415
-1856 227
-2177 252
1352 -2829
-1302 745
-1760 637
1624 1476
184 2541
2148 2540
185 1196
-966 637
2159 1074
-1869 1754
-3128 2078
-2805 981
2629 549
-3197 -1136
-2646 1521
2293 -379
-1647 2695
-1006 -2560
927 501
-2129 -1633
-433 -3026
-791 1850
-1616 -2703
-1115 70
-1790 2432
1807 2763
-2630 -404
-2631 -1249
2215 1300
-974 -870
-2165 -2329
-8 -168
-3283 -921
-256 1410
-3003 2169
3037 2860
-1802 -1309
1587 2053
-686 952
2827 -456
-285 1360
-1421 -146
1984 1221
2611 1966
2928 3285
-603 1509
770 1468
-1566 -1274
-2235 -1554
-28 -2072
3160 -3193
702 2346
2961 -450
994 268
-2030 -2523
-1918 3226
-1400 -1661
-2461 -2010
-2899 2423
2922 -3245
-816 -653
1684 -215
2843 -3164
2351 1155
2681 -1142
2254 3173
-43 -1997
-2851 -1576
1362 238
-1573 -2464
808 -2660
2006 2970
-2234 94
1460 1444
1900 -2203
1230 2273
-2861 130
-613 -1792
2172 -2197
754 -2761
2155 2257
-11 -1854
-2496 -1113
2231 2055
-2221 -1063
-1545 2430
-493 -3000
-2808 -3022
1563 -1210
1495 1331
2935 -1609
1703 697
-1031 -2820
-2772 2747
-702 -3033
1844 1646
673 1077
-686 2812
-2706 -3122
-1287 -2614
-1433 1428
-1449 -3262
-824 760
191 -3073
1303 -963
-86 -2223
2552 -2106
-308 851
2000 263
1324 778
-183 1373
-3020 2155
2865 -518
3079 116
1843 290
-964 -407
-1180 -130
-123 1757
2021 -1899
-77 -2856
2029 377
1499 -2650
2962 -134
-265 -2103
-507 -2828
-2207 1820
-1129 -2527
-1108 2246
1490 3271
3068 227
-405 -3000
-1852 2201
-2834 -607
-85 1075
-744 2035
3294 -1777
-1869 1208
2 -1054
-1427 416
2210 662
2861 947
-999 730
281 -3099
2343 -654
86 -1768
269 844
-2341 -2664
583 -1355
-969 173
-51 -3018
-2346 -3263
-3293 -701
-3186 -2243
-771 1106
2950 -1060
-1759 1234
-436 -218
-917 1944
-2265 -1867
-747 -2272
-2342 2734
390 1949
-3183 -552
2989 -1130
1737 948
1001 2530
1573 -994
1580 -1428
-2983 -2100
2783 -2193
-1746 -2706
-762 -1013
-1573 941
-2905 -833
-2779 2575
2044 3259
1417 3188
-2164 2412
1170 2511
-1904 1396
1060 -2432
1415 2260
3208 2588
-444 2075
2977 -2950
-1126 2274
-1498 630
2110 -132
-2572 -2835
2022 2910
1515 -694
2679 -1
1583 -3264
925 -1757
3039 1778
149 34
-563 3015
2683 358
902 -3256
-2077 1102
-146 1870
-451 -124
2300 83
2312 -2468
-676 697
-161 -2910
2923 -2328
-696 1037
617 2607
-637 2294
2509 -1508
-610 -1166
2612 3069
-2865 -2124
-687 -332
-2284 -2527
-3015 2858
2397 1639
14 3289
1948 2327
2528 -220
1413 2860
-2545 2131
-1825 2007
-2081 2519
-642 -383
2228 -1767
-2628 2298
-1844 -585
-3130 -2005
-1983 1155
3054 -2541
213 1362
93 437
2390 579
-279 -667
249 2579
-330 -1089
668 1949
-2582 2215
2566 1524
994 -3141
-2739 -2264
-2252 647
1603 1604
-1664 -256
1574 -674
-873 757
-946 -1334
-1810 1410
-1767 -1195
2334 433
1060 -3010
990 1798
-842 2139
-1154 1050
1510 -1885
-2941 724
-418 -259
-1312 2922
-1324 875
1368 -38
-1755 -612
-2167 -2290
1704 -98
1565 1251
-474 -2581
-2050 -934
-1664 -2143
-1116 2750
2682 3260
1619 2627
2017 2164
-102 -1925
-1772 3098
164 -853
1320 -1589
-3129 -3081
-263 859
-725 1176
-879 -159
2521 2125
2407 -790
-2721 -805
726 -3125
2080 -1505
-1041 2658
-2436 2280
3158 1740
-2650 -2921
294 1130
-327 -3264
-172 2246
2343 2175
-3169 -363
1090 855
-3273 -3294
-3075 857
2593 2883
-2856 -249
-1703 -81
-1701 -2645
2491 -2641
1130 1116
1955 -2456
2709 -2579
985 1432
2810 -842
2375 -555
75 1302
2432 -1686
2850 -1540
1588 1051
2003 -446
-750 -2708
-1525 514
2894 35
-1148 589
-532 1814
1815 2407
1170 -586
753 1749
1511 1133
2503 -559
-2956 2495
2368 2048
-2711 -1649
-1109 -1667
-1972 90
3195 -1916
517 -3085
-437 3054
-2208 -1721
-895 -1412
-116 1298
-2579 3039
-1047 -1921
1002 2385
2237 -3200
-517 1735
1261 -1611
-375 -1650
2744 492
-794 -273
-2510 2864
1641 1406
-2312 -206
-2438 103
1154 -200
-19 1703
-1063 -653
2565 -191
-77 -2047
252 2673
-2515 2590
-1988 -1679
717 -1680
2480 2000
-3242 238
-813 -2680
-2340 1275
-2669 2150
420 -88
-1761 -396
-821 -1619
-1878 151
-540 850
-540 -2628
1523 -1209
-465 382
-1627 -2530
3262 1066
2111 3256
-213 -3230
3157 -1838
-2790 3192
2635 -1245
294 -2159
1024 1223
976 -2419
-329 2226
-2502 -1856
3007 -3194
2508 -1964
1808 -1216
2944 -837
-2073 -544
542 1943
1760 -2448
-2557 -238
-2240 -1323
676 -2153
-1463 991
-2742 3178
-225 340
-1372 -1114
1471 2001
2858 -3117
2592 -3099
-819 -186
2284 -686
-1692 1846
-2781 2933
2172 1178
2052 -2998
-520 -960
919 -2742
703 1677
-3220 1709
-872 -2031
-1109 -2740
-1188 -22
-1457 -84
1649 -996
-3128 -2235
-1876 2716
-796 -1850
-1099 -1193
170 -3192
-2988 -2529
3152 -436
-2604 -1518
154 2311
1259 2898
-211 3086
-2256 2095
-1840 1142
670 -242
-1106 863
364 1462
-617 -940
-273 -3098
2907 -2499
1022 -2450
-3199 -2490
634 -356
2959 -2883
731 -1694
-206 -707
-2841 -691
1368 -1763
-3130 357
-1193 -1845
-330 -1147
-1039 -1387
3156 3278
3228 1424
1335 -1332
-583 514
2617 1180
924 -2147
1559 360
-1293 2075
-3285 -2968
-302 2271
-107 2120
1919 1530
-1355 939
2421 137
648 550
-761 3238
-1309 1723
215 -530
-2483 2305
-524 2828
-2860 1698
-2900 -3257
1522 -2316
-3181 3050
-2668 1693
2014 1558
-870 1826
-1097 1370
-1728 3143
-1668 2546
-477 188
1759 -2385
1461 -3234
1637 2818
1769 -406
-3156 -1029
2078 1353
1427 -2470
-1993 -1521
-1983 1361
2267 113
-205 -1232
-1554 1726
-1238 421
167 -231
-1174 -3169
-363 2579
2622 1150
2341 -2844
1313 -593
-2705 942
840 -2994
-3271 2648
-1396 1417
1418 -2919
-2725 3003
3088 809
248 -2662
-83 295
-2512 -1921
2759 933
-3174 -2338
-3234 1504
-625 3176
-4 1772
-324 -379
1604 -1201
-2067 1841
207 -8
-591 2518
1112 1798
-1379 -944
2270 1966
-3140 1302
-3041 1607
2434 995
-1875 163
-2186 -780
-1236 443
41 -3013
934 2410
3098 2893
789 -1318
780 175
-670 -597
866 -2237
-927 -2920
-1405 542
886 1649
2544 2506
1814 1006
2992 2263
-308 1511
602 -879
671 1960
803 2318
1426 1422
-1504 -1050
-2367 -908
-69 -106
-3076 264
836 -1551
-967 -285
-2247 2354
1140 3072
-1332 2477
2097 -1168
2298 1829
-1014 2138
-438 -2399
1064 -1262
-1670 -2900
-2546 -1990
2144 -2901
1971 -553
2953 -1474
2406 -1474
1065 -2744
-2742 -2101
620 1601
-2655 1708
-2103 2941
-1825 2583
-2190 2176
3218 2944
1687 -1653
254 -737
-2844 2629
2920 2560
-2019 -2222
2915 3089
2644 -460
-2399 -1846
-1315 2897
1369 -2458
-2498 -2168
1558 461
3116 -2003
2611 -2245
3113 -952
1940 1043
-866 -2225
141 2357
-1086 -1180
-3090 -151
2931 -1252
2106 2126
-344 -2704
3205 -2159
-843 -2769
-1976 -2371
727 1490
-1733 79
992 927
1658 -508
-1196 218
1331 -2907
2774 2368
-883 -229
-188 -521
-2006 -337
1901 2934
2436 -3071
397 3243
1720 -844
-2120 -392
1434 225
-3234 -2164
-281 -2180
-3221 75
-2410 325
-2807 -272
751 -2327
-1760 1453
1813 203
2966 -2747
1590 -3293
3208 1527
-1588 -2522
-3225 1176
610 3146
3028 884
-2044 2344
-1025 -1699
-2696 966
-2022 2160
-106 -1259
3076 -53
-2671 -488
2578 1033
-2489 2203
-619 2613
-1827 -1864
3270 -1683
1162 -34
383 3128
-1868 1993
661 -1918
-2098 2649
3008 1101
389 2393
-342 -1955
-1688 2994
2559 2309
-1188 1768
-2808 -133
-418 1690
-3229 -1306
-276 -49
-857 2692
-885 -1964
-848 1324
-3001 -1285
661 -2316
3230 3213
3270 -290
-2395 -2614
-2194 2756
-3070 -3005
-285 -316
-1539 158
997 203
795 1146
-2746 -3224
1848 -1967
2701 -2111
-503 2286
1426 983
-95 2116
-1459 797
3263 -264
-2182 -445
-1031 2098
-2253 -1843
-2886 214
2105 -3200
-2202 2531
60 364
2874 649
3067 1028
328 840
-2919 3271
-1091 2015
2528 1963
96 -2999
-1715 3165
-1529 -205
1519 -3207
477 1077
-2202 2658
1899 -2726
1352 -679
-2004 -99
-2337 2171
1489 -2843
-2438 1298
2733 -2450
360 -306
1735 1214
-867 1868
-12 1811
-2748 -3189
-510 3158
1459 -1682
3137 2022
984 -2604
2234 1152
1546 -2024
-469 -1477
28 229
-685 -1360
417 543
2073 438
-1098 1675
608 -3179
-1284 791
-1562 2546
-874 -247
1404 -3051
-212 -2777
644 -194
1998 -759
-2133 -733
3124 525
-3128 821
-2901 -740
929 268
-867 -2279
-1684 3137
1129 -741
-1876 -1788
-2351 1120
-536 505
2110 1559
-722 -1354
-1167 2715
1721 1535
2209 -3123
81 190
1576 -603
1229 1172
-2248 79
2769 1848
952 -1272
1733 -87
575 497
-2795 2151
537 2386
2817 2293
1978 2954
-1281 1747
1050 -921
1295 470
-70 714
3090 2829
1022 348
-1047 3124
679 432
-2073 502
645 2586
-1680 9
-43 3001
-284 2389
1617 -2237
2804 -1723
-3229 -2325
1716 2283
-2568 -1315
-460 -2209
2118 2060
3276 239
3024 5
-2631 -1314
-89 -2526
2405 -1795
2738 2483
2642 -2556
-2681 128
124 907
794 -1384
1952 2080
-253 2172
715 573
-2845 -2345
2747 -390
-1850 -62
276 -1700
-2945 -1971
-315 2042
-1415 -1503
-2779 -2231
-810 1655
156 1841
214 2033
622 1014
1537 1305
-67 -647
1180 1181
738 -1969
-506 -823
-530 2438
1219 3152
-277 3036
-1187 -2261
1330 -852
-2029 319
-2448 477
1524 -2070
-3243 -1668
1948 -1044
1483 2095
-2780 1836
-2669 -2843
-2189 510
-3029 2231
370 -1137
-2302 107
-990 1016
-2166 2994
-2204 1797
1154 -2059
1351 -3287
-1860 -1226
2014 2907
-2613 1483
-943 -1230
-321 2609
-1287 -1042
1068 2427
-2461 2309
176 615
561 -1835
-2304 -1075
-1606 1713
651 -541
-1088 2927
1068 1031
-264 680
-452 -3012
2505 -3191
-498 -1297
-2755 172
2343 -1864
-2369 -1090
-1526 2080
-624 1774
-2213 1852
2352 -361
-516 1499
-794 -283
-1267 -1276
-251 2691
743 -173
-1161 2396
3052 728
-1303 -2849
1370 864
-826 533
2290 868
-2783 2029
-1002 -2441
1447 -1300
2418 -353
1240 -2748
-1230 -1198
2644 -2337
2886 -576
2494 -1088
556 -3295
1503 1380
605 1313
-927 -2906
-1162 2213
497 -1216
1372 1367
-1309 -2401
-1610 1435
-2565 -2512
3053 -2399
-907 1351
-2264 -3118
1540 -3135
2362 1293
1099 1151
-416 2452
-1624 730
-571 1454
-716 -2175
-3071 1297
748 -37
2496 -2045
2440 -58
-2683 2675
1075 2204
-2932 2720
-852 -725
-2334 -967
-1338 2686
-2706 2399
3098 1636
1849 2333
-174 3008
2065 2993
-2225 2993
-3290 -2839
2671 1611
3291 1358
-2336 378
1831 -470
-282 87
-2499 779
2675 -3191
-164 2811
277 -1442
-218 -1990
273 633
-2182 3023
-3076 1166
1290 2885
-137 1607
-3004 385
14 1616
-1979 1413
-143 27
-903 1091
1909 -499
2393 -676
675 1909
1438 -1300
-1830 844
-2959 912
374 468
338 1988
3262 -2470
3049 -2564
-2930 -1239
-2294 -416
-41 1103
943 1405
-2434 -1953
750 -2497
854 -3060
-1245 -263
238 -3139
-226 -3179
-506 3168
1981 -2609
1088 1211
3047 -1892
-570 -1969
-1727 1380
903 1826
-1724 2132
1010 2381
-1267 1271
-230 1343
2134 -2197
-1090 -1507
1193 -2656
-254 -2116
-1923 2507
-1110 1574
-145 -2754
-1350 -2005
-193 -2644
-2064 1487
2318 2624
-914 1693
-2286 -2627
-1066 1937
-3062 2245
-871 2920
2556 -3166
728 -3259
-205 2973
-1274 -2392
-198 115
-1558 1551
2136 -333
-1884 -210
-799 331
-2418 -2864
-2920 -2174
-770 1856
2904 642
937 -1722
2098 -48
2874 1475
815 3195
1468 2118
2045 169
2761 1574
-2041 -2109
2892 299
3073 353
-1122 -2968
1085 -1963
-1110 -3189
130 3225
1573 2948
-1024 -25
1911 1426
-1087 -1041
-647 2850
-1030 2846
3032 -3278
-2787 3047
-2957 407
-908 1885
-3297 -2949
-2735 289
1633 -3101
1178 2299
1368 2778
-3064 1140
-240 2133
497 -3168
1913 -2135
1644 2570
-1185 -3261
1160 -3042
-1031 1958
1566 -2995
770 3019
2713 -1877
1958 -1565
-1093 2963
-2799 831
-2689 -1340
2444 -2979
94 290
3064 742
-1253 2300
-1095 2927
1592 -2322
3261 1024
880 1816
621 2659
-337 -119
-2184 -1119
2191 2411
-658 -898
3279 41
3185 -3087
-2685 -108
-1968 -1842
-1952 -1212
875 357
3011 1930
2932 2647
2005 650
-2265 2192
2891 -2419
-1068 -1763
-534 -632
1017 1123
473 -383
2530 -3009
2689 -1714
-3299 89
2178 2183
-2045 1237
-2172 1566
1425 557
-2250 1427
-824 2847
1840 -708
2660 2972
602 -2522
478 2682
-3274 -2332
-654 -1084
1079 -3230
2267 -2956
-2547 1934
533 1648
-2566 2370
-3174 -1634
-3140 -126
-428 -1701
398 1392
-1581 684
985 2025
2439 -959
1281 -135
-815 33
404 -1598
-900 -2737
728 -1363
-2130 -3217
1939 -3285
-640 -454
-995 -2995
-637 985
2612 -1401
-980 2153
2031 112
-3202 -2553
515 2952
1091 -3027
132 1325
2460 472
355 1775
765 -922
-3174 -1863
-2613 -78
-537 1522
2815 -2626
1703 2890
1170 -2191
1104 -939
3212 2002
2065 -1998
3181 -208
-1986 1342
348 840
2212 -1771
-393 -913
2649 1379
-2676 2090
3188 1401
-385 -1362
-2186 2938
-1987 -1603
1975 60
-2442 199
-348 3241
1254 -232
-1580 -2908
2208 2847
-2269 2983
-807 463
-195 3126
-2139 2274
546 2457
598 -2586
1440 1698
-2442 -2907
656 -2994
2703 1214
2495 1803
612 -3195
-1330 -129
1692 2200
-875 2173
-1824 1351
2600 -3224
1653 907
-2365 -3185
693 2999
-69 2209
3265 2748
-366 1191
-3264 -3002
363 -353
1305 -2901
-1390 941
-1472 2233
-1874 -1640
1945 2122
2578 -2811
1168 2442
1306 -1018
-152 840
144 825
962 -2697
180 -1844
1908 -1744
138 1356
2150 -1965
-1094 -663
1359 1960
-562 -3038
2374 1791
-958 -1610
-1013 910
-744 2467
1654 513
3192 122
-1726 -1076
415 -207
2106 2448
3098 -1857
1920 2664
2174 1652
291 -73
-2609 -2769
-747 -2423
-2189 -1608
2123 -3138
45 738
1669 -364
1464 1623
-485 -103
2230 -673
150 1870
-2867 -2553
1397 -2455
-2912 -993
-2337 -766
-609 -167
2202 -448
457 2726
386 -131
1271 429
-3080 -865
