0 0
0 1000
500 1500
1000 1000
1000 0
500 -500
50 50
100 100
150 150
200 200
250 250
300 300
350 350
400 400
450 450
550 550
600 600
650 650
700 700
750 750
800 800
850 850
900 900
950 950
50 950
100 900
150 850
200 800
250 750
300 700
350 650
400 600
450 550
550 450
600 400
650 350
700 300
750 250
800 200
850 150
900 100
-320 629
820 -1079
-1032 145
-178 1087
960 -539
-173 384
-948 494
-340 802
-843 -628
122 785
117 814
-748 171
523 -602
1049 1096
85 343
52 508
-710 -873
83 160
-453 -1052
738 -81
517 44
-592 1017
900 100
950 50
25 25
75 75
125 125
175 175
225 225
275 275
325 325
375 375
425 425
475 475
525 525
575 575
625 625
675 675
725 725
775 775
825 825
875 875
925 925
975 975
25 975
75 925
125 875
175 825
225 775
275 725
325 675
375 625
425 575
475 525
525 475
575 425
625 375
675 325
725 275
775 225
825 175
875 125
925 75
975 25
10 500
990 500
500 990
500 10
150 150
850 850
150 850
850 150
200 100
800 900
100 200
900 800
50 400
950 600
400 50
600 950
25 750
975 250
75 250
925 750
125 350
875 650
175 650
825 350
225 450
775 550
275 550
725 450
325 350
675 650
375 650
625 350
425 250
575 750
475 750
525 250
500 10
150 150
850 850
150 850
850 150
200 100
800 900
100 200
900 800
50 400
950 600
400 50
600 950
25 750
975 250
75 250
925 750
125 350
875 650
175 650
825 350
225 450
775 550
275 550
725 450
325 350
675 650
375 650
500 10
150 150
850 850
150 850
850 150
200 100
800 900
100 200
900 800
50 400
950 600
400 50
600 950
25 750
975 250
75 250
925 750
125 350
875 650
175 650
825 350
225 450
775 550
275 550
725 450
325 350
675 650
375 650
80 93
6 -44
60 85
-78 66
98 -8
-20 -57
44 -50
63 42
28 41
13 43
-1 -92
53 -61
-22 -19
-320 629
820 -1079
-1032 145
-178 1087
960 -539
-173 384
-948 494
-340 802
-843 -628
122 785
117 814
-748 171
523 -602
1049 1096
85 343
52 508
-710 -873
83 160
-453 -1052
738 -81
517 44
-592 1017
900 100
950 50
25 25
75 75
125 125
175 175
225 225
275 275
325 325
375 375
425 425
475 475
525 525
575 575
625 625
675 675
725 725
775 775
825 825
875 875
925 925
975 975
25 975
75 925
125 875
175 825
225 775
275 725
325 675
375 625
425 575
475 525
525 475
575 425
625 375
675 325
725 275
775 225
825 175
875 125
925 75
975 25
10 500
990 500
500 990
500 10
150 150
850 850
150 850
850 150
200 100
800 900
100 200
900 800
50 400
950 600
400 50
600 950
25 750
975 250
75 250
925 750
125 350
875 650
175 650
825 350
225 450
775 550
275 550
725 450
325 350
675 650
375 650
625 350
425 250
575 750
475 750
525 250
500 10
150 150
850 850
150 850
850 150
200 100
800 900
100 200
900 800
50 400
950 600
400 50
600 950
25 750
975 250
75 250
925 750
125 350
875 650
175 650
825 350
225 450
775 550
275 550
725 450
325 350
675 650
375 650
500 10
150 150
850 850
150 850
850 150
200 100
800 900
100 200
900 800
50 400
950 600
400 50
600 950
25 750
975 250
75 250
925 750
125 350
875 650
175 650
825 350
225 450
775 550
275 550
725 450
325 350
675 650
375 650
80 93
6 -44
60 85
-78 66
98 -8
-20 -57
44 -50
63 42
28 41
13 43
-1 -92
53 -61
-22 -19
-320 629
820 -1079
-1032 145
-178 1087
960 -539
-173 384
-948 494
-340 802
-843 -628
122 785
117 814
-748 171
523 -602
1049 1096
85 343
52 508
-710 -873
83 160
-453 -1052
738 -81
517 44
-592 1017
900 100
950 50
25 25
75 75
125 125
175 175
225 225
275 275
325 325
375 375
425 425
475 475
525 525
575 575
625 625
675 675
725 725
775 775
825 825
875 875
925 925
975 975
25 975
75 925
125 875
175 825
225 775
275 725
325 675
375 625
425 575
475 525
525 475
575 425
625 375
675 325
725 275
775 225
825 175
875 125
925 75
975 25
10 500
990 500
500 990
500 10
150 150
850 850
150 850
850 150
200 100
800 900
100 200
900 800
50 400
950 600
400 50
600 950
25 750
975 250
75 250
925 750
125 350
875 650
175 650
825 350
225 450
775 550
275 550
725 450
325 350
675 650
375 650
625 350
425 250
575 750
475 750
525 250
500 10
150 150
850 850
150 850
850 150
200 100
800 900
100 200
900 800
50 400
950 600
400 50
600 950
25 750
975 250
75 250
925 750
125 350
875 650
175 650
825 350
225 450
775 550
275 550
725 450
325 350
675 650
375 650
500 10
150 150
850 850
150 850
850 150
200 100
800 900
100 200
900 800
50 400
950 600
400 50
600 950
25 750
975 250
75 250
925 750
125 350
875 650
175 650
825 350
225 450
775 550
275 550
725 450
325 350
675 650
375 650
80 93
6 -44
60 85
-78 66
98 -8
-20 -57
44 -50
63 42
28 41
13 43
-1 -92
53 -61
-22 -19
-320 629
820 -1079
-1032 145
-178 1087
960 -539
-173 384
-948 494
-340 802
-843 -628
122 785
117 814
-748 171
523 -602
1049 1096
85 343
52 508
-710 -873
83 160
-453 -1052
738 -81
517 44
-592 1017
900 100
950 50
25 25
75 75
125 125
175 175
225 225
275 275
325 325
375 375
425 425
475 475
525 525
575 575
625 625
675 675
725 725
775 775
825 825
875 875
925 925
975 975
25 975
75 925
125 875
175 825
225 775
275 725
325 675
375 625
425 575
475 525
525 475
575 425
625 375
675 325
725 275
775 225
825 175
875 125
925 75
975 25
10 500
990 500
500 990
500 10
150 150
850 850
150 850
850 150
200 100
800 900
100 200
900 800
50 400
950 600
400 50
600 950
25 750
975 250
75 250
925 750
125 350
875 650
175 650
825 350
225 450
775 550
275 550
725 450
325 350
675 650
375 650
625 350
425 250
575 750
475 750
525 250
500 10
150 150
850 850
150 850
850 150
200 100
800 900
100 200
900 800
50 400
950 600
400 50
600 950
25 750
975 250
75 250
925 750
125 350
875 650
175 650
825 350
225 450
775 550
275 550
725 450
325 350
675 650
375 650
500 10
150 150
850 850
150 850
850 150
200 100
800 900
100 200
900 800
50 400
950 600
400 50
600 950
25 750
975 250
75 250
925 750
125 350
875 650
175 650
825 350
225 450
775 550
275 550
725 450
325 350
675 650
375 650
80 93
6 -44
60 85
-78 66
98 -8
-20 -57
44 -50
63 42
28 41
13 43
-1 -92
53 -61
-22 -19
-320 629
820 -1079
-1032 145
-178 1087
960 -539
-173 384
-948 494
-340 802
-843 -628
122 785
117 814
-748 171
523 -602
1049 1096
85 343
52 508
-710 -873
83 160
-453 -1052
738 -81
517 44
-592 1017
900 100
950 50
25 25
75 75
125 125
175 175
225 225
275 275
325 325
375 375
425 425
475 475
525 525
575 575
625 625
675 675
725 725
775 775
825 825
875 875
925 925
975 975
25 975
75 925
125 875
175 825
225 775
275 725
325 675
375 625
425 575
475 525
525 475
575 425
625 375
675 325
725 275
775 225
825 175
875 125
925 75
975 25
10 500
990 500
500 990
500 10
150 150
850 850
150 850
850 150
200 100
800 900
100 200
900 800
50 400
950 600
400 50
600 950
25 750
975 250
75 250
925 750
125 350
875 650
175 650
825 350
225 450
775 550
275 550
725 450
325 350
675 650
375 650
625 350
425 250
575 750
475 750
525 250
500 10
150 150
850 850
150 850
850 150
200 100
800 900
100 200
900 800
50 400
950 600
400 50
600 950
25 750
975 250
75 250
925 750
125 350
875 650
175 650
825 350
225 450
775 550
275 550
725 450
325 350
675 650
375 650
500 10
150 150
850 850
150 850
850 150
200 100
800 900
100 200
900 800
50 400
950 600
400 50
600 950
25 750
975 250
75 250
925 750
125 350
875 650
175 650
825 350
225 450
775 550
275 550
725 450
325 350
675 650
375 650
80 93
6 -44
60 85
-78 66
98 -8
-20 -57
44 -50
63 42
28 41
13 43
-1 -92
53 -61
-22 -19
-320 629
820 -1079
-1032 145
-178 1087
960 -539
-173 384
-948 494
-340 802
-843 -628
122 785
117 814
-748 171
523 -602
1049 1096
85 343
52 508
-710 -873
83 160
-453 -1052
738 -81
517 44
-592 1017
900 100
950 50
25 25
75 75
125 125
175 175
225 225
275 275
325 325
375 375
425 425
475 475
525 525
575 575
625 625
675 675
725 725
775 775
825 825
875 875
925 925
975 975
25 975
75 925
125 875
175 825
225 775
275 725
325 675
375 625
425 575
475 525
525 475
575 425
625 375
675 325
725 275
775 225
825 175
875 125
925 75
975 25
10 500
990 500
500 990
500 10
150 150
850 850
150 850
850 150
200 100
800 900
100 200
900 800
50 400
950 600
400 50
600 950
25 750
975 250
75 250
925 750
125 350
875 650
175 650
825 350
225 450
775 550
275 550
725 450
325 350
675 650
375 650
625 350
425 250
575 750
475 750
525 250
500 10
150 150
850 850
150 850
850 150
200 100
800 900
100 200
900 800
50 400
950 600
400 50
600 950
25 750
975 250
75 250
925 750
125 350
875 650
175 650
825 350
225 450
775 550
275 550
725 450
325 350
675 650
375 650
500 10
150 150
850 850
150 850
850 150
200 100
800 900
100 200
900 800
50 400
950 600
400 50
600 950
25 750
975 250
75 250
925 750
125 350
875 650
175 650
825 350
225 450
775 550
275 550
725 450
325 350
675 650
375 650
80 93
6 -44
60 85
-78 66
98 -8
-20 -57
44 -50
63 42
28 41
13 43
-1 -92
53 -61
-22 -19
-320 629
820 -1079
-1032 145
-178 1087
960 -539
-173 384
-948 494
-340 802
-843 -628
122 785
117 814
-748 171
523 -602
1049 1096
85 343
52 508
-710 -873
83 160
-453 -1052
738 -81
517 44
-592 1017
900 100
950 50
25 25
75 75
125 125
175 175
225 225
275 275
325 325
375 375
425 425
475 475
525 525
575 575
625 625
675 675
725 725
775 775
825 825
875 875
925 925
975 975
25 975
75 925
125 875
175 825
225 775
275 725
325 675
375 625
425 575
475 525
525 475
575 425
625 375
675 325
725 275
775 225
825 175
875 125
925 75
975 25
10 500
990 500
500 990
500 10
150 150
850 850
150 850
850 150
200 100
800 900
100 200
900 800
50 400
950 600
400 50
600 950
25 750
975 250
75 250
925 750
125 350
875 650
175 650
825 350
225 450
775 550
275 550
725 450
325 350
675 650
375 650
625 350
425 250
575 750
475 750
525 250
500 10
150 150
850 850
150 850
850 150
200 100
800 900
100 200
900 800
50 400
950 600
400 50
600 950
25 750
975 250
75 250
925 750
125 350
875 650
175 650
825 350
225 450
775 550
275 550
725 450
325 350
675 650
375 650
500 10
150 150
850 850
150 850
850 150
200 100
800 900
100 200
900 800
50 400
950 600
400 50
600 950
25 750
975 250
75 250
925 750
125 350
875 650
175 650
825 350
225 450
775 550
275 550
725 450
325 350
675 650
375 650
80 93
6 -44
60 85
-78 66
98 -8
-20 -57
44 -50
63 42
28 41
13 43
-1 -92
53 -61
-22 -19
-320 629
820 -1079
-1032 145
-178 1087
960 -539
-173 384
-948 494
-340 802
-843 -628
122 785
117 814
-748 171
523 -602
1049 1096
85 343
52 508
-710 -873
83 160
-453 -1052
738 -81
517 44
-592 1017
900 100
950 50
25 25
75 75
125 125
175 175
225 225
275 275
325 325
375 375
425 425
475 475
525 525
575 575
625 625
675 675
725 725
775 775
825 825
875 875
925 925
975 975
25 975
75 925
125 875
175 825
225 775
275 725
325 675
375 625
425 575
475 525
525 475
575 425
625 375
675 325
725 275
775 225
825 175
875 125
925 75
975 25
10 500
990 500
500 990
500 10
150 150
850 850
150 850
850 150
200 100
800 900
100 200
900 800
50 400
950 600
400 50
600 950
25 750
975 250
75 250
925 750
125 350
875 650
175 650
825 350
225 450
775 550
275 550
725 450
325 350
675 650
375 650
625 350
425 250
575 750
475 750
525 250
500 10
150 150
850 850
150 850
850 150
200 100
800 900
100 200
900 800
50 400
950 600
400 50
600 950
25 750
975 250
75 250
925 750
125 350
875 650
175 650
825 350
225 450
775 550
275 550
725 450
325 350
675 650
375 650
500 10
150 150
850 850
150 850
850 150
200 100
800 900
100 200
900 800
50 400
950 600
400 50
600 950
25 750
975 250
75 250
925 750
125 350
875 650
175 650
825 350
225 450
775 550
275 550
725 450
325 350
675 650
375 650
80 93
6 -44
60 85
-78 66
98 -8
-20 -57
44 -50
63 42
28 41
13 43
-1 -92
53 -61
-22 -19
-320 629
820 -1079
-1032 145
-178 1087
960 -539
-173 384
-948 494
-340 802
-843 -628
122 785
117 814
-748 171
523 -602
1049 1096
85 343
52 508
-710 -873
83 160
-453 -1052
738 -81
517 44
-592 1017
900 100
950 50
25 25
75 75
125 125
175 175
225 225
275 275
325 325
375 375
425 425
475 475
525 525
575 575
625 625
675 675
725 725
775 775
825 825
875 875
925 925
975 975
25 975
75 925
125 875
175 825
225 775
275 725
325 675
375 625
425 575
475 525
525 475
575 425
625 375
675 325
725 275
775 225
825 175
875 125
925 75
975 25
10 500
990 500
500 990
500 10
150 150
850 850
150 850
850 150
200 100
800 900
100 200
900 800
50 400
950 600
400 50
600 950
25 750
975 250
75 250
925 750
125 350
875 650
175 650
825 350
225 450
775 550
275 550
725 450
325 350
675 650
375 650
625 350
425 250
575 750
475 750
525 250
500 10
150 150
850 850
150 850
850 150
200 100
800 900
100 200
900 800
50 400
950 600
400 50
600 950
25 750
975 250
75 250
925 750
125 350
875 650
175 650
825 350
225 450
775 550
275 550
725 450
325 350
675 650
375 650
500 10
150 150
850 850
150 850
850 150
200 100
800 900
100 200
900 800
50 400
950 600
400 50
600 950
25 750
975 250
75 250
925 750
125 350
875 650
175 650
825 350
225 450
775 550
275 550
725 450
325 350
675 650
375 650
80 93
6 -44
60 85
-78 66
98 -8
-20 -57
44 -50
63 42
28 41
13 43
-1 -92
53 -61
-22 -19
-320 629
820 -1079
-1032 145
-178 1087
960 -539
-173 384
-948 494
-340 802
-843 -628
122 785
117 814
-748 171
523 -602
1049 1096
85 343
52 508
-710 -873
83 160
-453 -1052
738 -81
517 44
-592 1017
900 100
950 50
25 25
75 75
125 125
175 175
225 225
275 275
325 325
375 375
425 425
475 475
525 525
575 575
625 625
675 675
725 725
775 775
825 825
875 875
925 925
975 975
25 975
75 925
125 875
175 825
225 775
275 725
325 675
375 625
425 575
475 525
525 475
575 425
625 375
675 325
725 275
775 225
825 175
875 125
925 75
975 25
10 500
990 500
500 990
500 10
150 150
850 850
150 850
850 150
200 100
800 900
100 200
900 800
50 400
950 600
400 50
600 950
25 750
975 250
75 250
925 750
125 350
875 650
175 650
825 350
225 450
775 550
275 550
725 450
325 350
675 650
375 650
625 350
425 250
575 750
475 750
525 250
500 10
150 150
850 850
150 850
850 150
200 100
800 900
100 200
900 800
50 400
950 600
400 50
600 950
25 750
975 250
75 250
925 750
125 350
875 650
175 650
825 350
225 450
775 550
275 550
725 450
325 350
675 650
375 650
500 10
150 150
850 850
150 850
850 150
200 100
800 900
100 200
900 800
50 400
950 600
400 50
600 950
25 750
975 250
75 250
925 750
125 350
875 650
175 650
825 350
225 450
775 550
275 550
725 450
325 350
675 650
375 650
80 93
6 -44
60 85
-78 66
98 -8
-20 -57
44 -50
63 42
28 41
13 43
-1 -92
53 -61
-22 -19
-320 629
820 -1079
-1032 145
-178 1087
960 -539
-173 384
-948 494
-340 802
-843 -628
122 785
117 814
-748 171
523 -602
1049 1096
85 343
52 508
-710 -873
83 160
-453 -1052
738 -81
517 44
-592 1017
900 100
950 50
25 25
75 75
125 125
175 175
225 225
275 275
325 325
375 375
425 425
475 475
525 525
575 575
625 625
675 675
725 725
775 775
825 825
875 875
925 925
975 975
25 975
75 925
125 875
175 825
225 775
275 725
325 675
375 625
425 575
475 525
525 475
575 425
625 375
675 325
725 275
775 225
825 175
875 125
925 75
975 25
10 500
990 500
500 990
500 10
150 150
850 850
150 850
850 150
200 100
800 900
100 200
900 800
50 400
950 600
400 50
600 950
25 750
975 250
75 250
925 750
125 350
875 650
175 650
825 350
225 450
775 550
275 550
725 450
325 350
675 650
375 650
625 350
425 250
575 750
475 750
525 250
500 10
150 150
850 850
150 850
850 150
200 100
800 900
100 200
900 800
50 400
950 600
400 50
600 950
25 750
975 250
75 250
925 750
125 350
875 650
175 650
825 350
225 450
775 550
275 550
725 450
325 350
675 650
375 650
500 10
150 150
850 850
150 850
850 150
200 100
800 900
100 200
900 800
50 400
950 600
400 50
600 950
25 750
975 250
75 250
925 750
125 350
875 650
175 650
825 350
225 450
775 550
275 550
725 450
325 350
675 650
375 650
80 93
6 -44
60 85
-78 66
98 -8
-20 -57
44 -50
63 42
28 41
13 43
-1 -92
53 -61
-22 -19


