2888 -2558
713 1195
-220 3197
2915 4406
-157 -1951
4604 3278
3229 -439
3937 3373
623 1784
-1622 -3475
2651 -881
-190 396
4530 -4430
-4299 -3648
902 2491
-4219 2539
3961 -3742
3327 -2328
4503 1564
-2316 3633
-2680 2607
1511 1438
-3797 2206
4531 -4688
489 1504
-3540 617
3811 -120
-419 -3773
-934 224
-1742 1414
1849 3375
1275 -2118
2039 2572
-3716 -1864
-4104 -2572
2867 397
2821 -603
-2938 996
2681 503
-1569 3738
3611 -615
3860 2362
-1468 464
3960 822
-1714 -3225
-1699 4241
-4319 4269
3378 2533
-677 558
-4043 -2799
4167 -1477
-3963 -4623
-774 -1665
-3467 -565
-3449 -4061
-4368 -1919
3676 2867
-698 3857
4431 -2580
2033 384
3371 2822
3068 3045
-1261 2536
-1960 2029
-1736 -1359
-3137 1003
-2351 -3220
-2762 -3721
2288 -3306
-3083 -1725
2410 -3302
2328 -1513
-3423 -2983
-169 -4326
2845 1377
-1248 -3042
-1075 2840
-3213 -1529
-4126 1879
-1917 -2909
-3342 -2074
-1385 -4214
365 -4203
-2444 3159
-75 -182
-4342 -4262
-2451 3437
-2943 643
-4531 -1273
4355 1803
1176 -92
1056 4328
-3173 -1741
-2403 -3179
3390 -717
1128 -4594
3880 582
-2361 3416
-4221 3063
2814 -3901
-2771 -2814
1757 564
4260 -2608
3185 -3069
1192 478
-4067 -4635
3610 -2086
-3033 -727
-2168 3512
4023 -3138
2741 2494
-2544 -3628
3075 1780
30 -1722
2059 -3662
4430 415
-1946 -2761
2222 1177
-3485 -3368
3959 -69
3232 1044
2803 4656
2965 3988
2800 -2650
2522 -2562
201 -2246
-1228 2867
-979 -3027
293 2760
-830 -4317
-671 -4231
-378 3848
-1661 -1259
-3340 2996
-3017 1886
889 2487
1829 944
1973 -4043
3109 307
-39 -549
-3586 -790
1048 -57
-4285 -2456
-4375 15
785 -1928
2676 1663
235 -2627
4556 -1732
583 2101
-3372 2305
-2202 1096
-704 -3481
4248 252
3757 3079
-3293 -516
-3739 -2902
3197 -3762
-3612 -995
3737 4593
-1969 -3484
-2965 2751
-4072 2694
691 2858
4063 -4446
2475 4244
-868 69
-3516 4533
-3802 3569
4592 -1247
-2342 -3922
1735 364
-4394 -1115
-651 -3388
819 632
837 -4099
-1172 -2570
-3251 -2741
1911 -4633
-1246 -4599
-2318 -1184
-2734 -4176
74 -704
-3379 -2344
-1238 4328
3560 -1555
4002 -3308
-3061 2583
-1779 2880
276 -705
2549 378
483 1603
1452 1938
-3197 -3051
2444 -376
-2946 2364
1066 4166
4695 -1606
655 -4648
1467 -274
-1914 2080
2370 -998
-3667 -1241
634 4657
3232 -430
-1574 4263
-843 3342
-584 679
4552 -3714
-2881 1710
2724 -867
-1814 583
2747 -4559
872 528
-2684 -3169
529 2569
1745 3918
-985 -4426
-4663 3760
1474 4439
4194 -4047
-2276 -3195
-1882 -784
2984 1881
-1894 1954
-1885 4346
4251 -3185
2434 2580
-1573 -2334
900 -309
2237 1767
-3918 -3709
2887 4305
-3722 -2254
-4063 2327
4350 1917
-3626 4393
3389 -41
883 -3934
-3545 -4571
-515 4011
485 1300
-1121 -2474
-1538 4143
-562 1287
2847 -555
393 4402
3833 -2668
-1333 -821
2701 3842
121 -4304
3449 4363
-4227 -3787
4677 -2287
-1301 82
3240 1040
-2123 3981
-2054 -3658
2827 2478
3334 52
-3451 1539
-118 -367
2944 4296
-444 3685
1642 2410
-1703 -3615
-4262 701
4666 -3768
4111 -1363
-2414 1540
-1023 -2331
4509 -3874
4448 -112
518 -2804
-948 -3373
1514 2153
1317 2566
4141 -1708
-413 -1000
-354 -538
-2880 -1178
-3392 -3702
3419 743
3358 -3986
4361 -3305
500 -2894
-2379 -3725
2119 -3282
1463 -3166
3771 -4276
4140 4186
-1019 3379
-4206 -4307
-2236 -4085
-2149 -2136
3049 -608
-3162 2931
-3675 -2737
3679 2479
2052 2631
-3783 -2738
-2997 -3307
702 1793
-678 -233
-2847 1137
-1988 -2545
-3413 -3879
4521 531
-2623 -3554
-939 2080
-1048 607
1333 1698
1017 -2122
1051 -3574
-2059 882
2303 594
-3668 1460
3217 10
1477 -1700
2599 2970
-1677 -1981
-1384 -2933
-2208 -2638
3962 598
3818 -672
-555 -2585
4182 -2965
498 -293
349 -1131
3815 -744
-3274 3040
-1096 -4307
3295 -1793
-3483 4331
-2633 -4058
-2331 -1234
4132 -2573
3526 3218
-4369 -1006
2550 1236
-3022 739
-3291 1307
-4530 -2703
-1842 -4201
-861 -3207
2131 -1455
787 -2086
4637 -3350
2561 -2299
-3033 -1815
-127 -3421
3017 -1133
2204 -2370
88 -71
1958 4376
3885 1787
-4074 -3952
2446 988
2862 -1289
650 -1062
3192 -1819
-3379 2770
3400 3632
2189 -876
1929 1481
734 4402
-144 -625
3605 -4654
4694 -1852
2436 4307
-322 2427
601 -2139
-403 -2189
-4566 -4258
-4211 1920
-4482 -3679
667 1714
1368 997
4394 4356
1805 252
3575 3018
435 3311
959 -663
-293 -720
2107 -3763
-2763 4439
-4459 -354
-4395 -2948
-2400 -54
-447 -3529
2247 1218
1516 2597
1658 -4118
240 -4063
-1661 2269
-2104 -3238
-2772 60
-1562 -725
-1020 -2394
1706 -2868
4061 4522
4571 3011
115 -1908
-2549 -578
2166 655
4267 -576
-4634 -3994
-1204 -1372
-4460 -3407
-451 1748
2677 -3259
3194 4203
2696 -68
3709 -4409
1191 4696
-954 3486
-2187 -4213
182 -2503
698 3916
-720 -879
-2140 -501
253 -142
-1517 4609
2410 4196
4660 2530
-1539 -2799
3621 3422
666 3366
1958 -1023
2825 -69
1018 -909
-2685 3343
3113 494
-143 284
2369 636
-2304 -2239
-2976 -3193
-1428 -1341
4612 -4151
-2802 2677
-615 -131
-632 3374
-1626 504
1166 1819
-4219 1959
-885 3937
2059 973
1299 152
-2165 -111
-4231 -4637
-3794 -34
4606 1342
3593 -4538
-4206 1910
1634 1548
-2806 -361
3480 -2475
1798 3918
2125 -484
47 3814
-3096 -3188
-2237 2763
-2538 -2072
377 395
-3668 16
-1435 742
-4356 989
-4401 730
-1953 -4383
-2119 4010
-158 -3592
4003 -785
4469 -1028
-1322 -741
985 -3718
1914 1334
-2632 -2475
2662 -1828
-1359 4569
3262 533
-1439 -4684
-2795 1650
-15 -1305
1672 1476
-91 1164
-590 1343
-3958 -3589
-4279 1611
-2089 4597
3147 -2650
1267 -580
735 -4307
3996 -4603
-3183 3969
557 2344
-101 4483
-2053 350
-3649 -1148
-2135 4245
-3472 -405
1006 361
2747 -1106
-3596 -203
2801 2970
-3554 -2387
2525 -2614
-3473 -4600
-101 2684
1021 -2763
288 -2587
-3662 3864
905 -3535
996 -706
-294 2928
1254 1817
2391 -2713
4473 -4199
1978 419
4055 -3827
-1719 -2418
3593 -1890
-778 4052
2742 543
-2984 3688
-332 100
-1094 4541
3650 -2601
4174 779
2274 1161
-4297 2722
-2770 1765
805 2216
304 -871
-2616 968
-363 -3219
-2858 1247
-711 -2725
-2399 -2864
1861 2575
-711 2511
-3923 -3403
-2495 -123
-573 -2886
1415 2956
-690 3396
1940 1903
-3926 2161
-3847 935
-340 -77
2860 544
-613 1311
-1759 1790
2973 -2656
2595 -2524
473 -1469
3607 -9
-2610 1324
341 -3536
-2066 1664
-3554 -4568
468 -4594
-819 1508
-2855 -335
-3052 456
-3680 2710
-692 1332
2806 4668
3771 -3478
-1956 -2488
1875 3675
-3145 -2597
-2185 -853
3176 4481
3235 -2736
-402 2136
-2357 -2611
-2428 2039
-724 3620
4082 2755
-538 -3020
-3710 539
3141 -2139
-955 -3310
3491 3845
-365 994
-2646 -3045
-2649 -3048
1909 3276
-1383 2998
-2525 -4097
-1419 1732
3332 1748
-2742 -2169
2664 -1402
-4628 310
1910 3365
2751 -2098
-3816 -2279
3853 1805
-1114 2030
2569 -3763
1454 -4643
-2489 451
-1193 -2389
-2976 -3555
4264 -1441
2099 216
-1057 -298
-1695 2173
-4188 1655
650 -1671
2185 3760
3374 -1596
-1122 -2362
-4515 -1142
1491 1915
-2554 -3130
-1871 -2497
3177 -1802
-957 -891
131 4070
-1266 1206
-4298 -499
3486 -1799
-506 -1735
-2005 -2199
772 2613
-2066 4575
-2436 4189
-4530 -511
3335 3066
-4034 -228
-1518 -578
212 3902
-2481 -1641
4435 -4191
-1680 -394
-3920 -2582
-4514 2188
-3780 2193
424 -4620
-2360 1908
-583 3798
-1604 3201
-2135 -1088
2536 470
1550 -56
-492 -1678
-1495 -223
-3652 3005
4414 3775
2291 1328
1391 -1194
-924 -2106
-722 3066
-3973 -788
4689 -486
3815 -1045
3049 2324
982 -3303
-3875 -1148
-1141 4417
2368 3755
1426 1892
1496 2584
3639 -2790
3795 522
-436 -1083
-3490 -1053
4314 -4031
-3446 1739
2172 2709
-2817 -4239
-3328 -603
3233 -1830
-1586 2198
-2210 2992
-1352 -2127
1419 -3855
-937 4535
1082 -4579
476 3016
-276 -4199
2954 650
2467 -4125
1421 1247
-490 -1174
3190 3749
-1029 -1149
2423 2907
-1107 1724
-2406 4509
2160 1842
-4476 3700
574 -1309
-1542 -715
-1025 490
2688 -2862
-3167 1797
1380 -3815
4126 3401
2794 401
1291 3895
-2464 240
2310 2634
1494 2050
2114 23
3251 14
3799 -1995
2839 -3935
-4456 -2572
-1424 -830
-2434 -2904
1063 -3451
-2090 3087
-2221 -2146
1990 -148
509 -4487
2361 -1238
-2228 324
2013 -2284
-1195 -2281
-678 519
3917 -4039
-3714 896
2359 -3661
3423 1305
-3330 4178
4266 -3161
4612 -99
3835 1586
-3743 3520
-1664 -843
775 -2237
1623 -2880
-475 -86
964 834
2407 -1894
-627 2015
-2141 2676
-2884 -4372
-1315 2176
-1404 -385
-3992 -1228
601 -1017
1581 -2930
-2934 -1948
1010 -622
4492 2105
4331 4684
-699 3138
-231 179
-811 2003
4482 1248
-569 -3862
2561 -47
-240 -1184
829 3534
1376 -3060
-2863 -1259
-1748 4559
-1984 -133
2668 4135
-1224 2694
3473 -3060
-1403 -1452
2150 603
-1320 -811
4068 -1406
2270 -1303
167 -632
764 -236
3267 3959
-3252 1033
-188 3483
906 -2979
3442 4635
2273 -107
1314 393
36 3516
-445 -103
-822 3506
2845 800
3823 4687
-4089 3561
2563 353
4529 2817
1637 -1457
-2779 4362
-3992 -1514
-3970 -470
4438 -3542
2488 -890
2490 3945
4403 28
-2013 2721
4400 4112
-285 4095
-707 -1237
-891 2246
-740 -356
343 -4148
46 -439
920 -2393
-3960 -396
-377 -2244
-1465 -3742
-553 -2084
-3313 -917
2794 -3425
-42 2200
-4370 -3988
-2651 -3335
-716 -2334
-2491 -2341
671 940
-3227 -719
-2626 2882
-107 -4493
-199 -2269
435 4359
421 -4018
-1940 -4491
1106 141
1953 3361
-3934 -1011
4254 4076
-2354 -2134
835 -3230
3952 2184
-1961 -2068
2331 -3210
-4172 3509
4332 -4316
1693 3830
-2053 -3924
-1183 3171
4581 3945
2160 -1098
4077 1975
3823 -3881
-4543 -1292
3013 -3564
4589 2042
-1621 2328
2473 578
3536 -1809
-1420 4346
3498 791
-1691 -4335
-4304 4152
-1705 4258
-759 1576
-902 990
-3033 496
-2731 -2484
-614 3300
2448 3776
-1669 -781
56 826
-4094 4627
743 223
483 -1547
524 -3367
3864 -3599
-4565 4588
3466 -1939
-4624 2980
-2077 4369
-3184 -4311
-4122 613
-236 1827
3978 992
-3927 -4087
1564 -3966
-3413 -2772
830 -4021
2199 792
-338 -3670
-2208 -2176
3482 -2844
3678 -3492
-3234 1195
3599 2400
-2913 -3770
-796 4259
-3385 3193
-4311 3810
3831 -4680
-331 -1183
373 2608
-679 734
3486 -1479
-26 2045
3777 4373
-2037 -307
4002 -1494
-3220 -3363
-2653 73
3290 1460
-3030 -106
-918 3142
-2985 -3280
3031 -3394
-4343 1310
-398 -1569
3299 -3407
210 -2788
-1492 1366
-409 4577
-3763 3961
2573 2592
-4066 2161
3342 2791
521 -4133
1868 -3441
-419 -4327
4493 -3292
3781 3276
3813 959
389 -4091
-2077 -2862
2103 112
2773 -3651
-850 3496
-2976 3505
-1934 -4458
4262 2391
1762 -1514
873 3164
4475 3528
3378 1976
-4000 3126
-858 2732
-3417 -1630
-1190 -3061
4084 -4476
1586 4523
2255 -4528
2206 -3137
-2418 2605
-3306 3317
-4416 4217
-4341 -1431
-780 -1781
165 -3540
4318 -3123
-822 -2546
3034 -4112
-848 2615
-2101 2288
-1183 -1010
4551 4350
4614 2279
-635 3003
-3965 1044
2702 -4296
3617 -2534
2031 3095
-568 4641
-2704 769
443 -4429
-2093 -2985
-1434 310
-1173 -2570
-589 -2654
4218 4624
-523 1750
3954 2622
806 -3939
-4432 1479
-2873 3462
-4267 858
-882 -2692
-661 -1232
-2714 4559
1810 2447
3250 -3984
3392 3314
-4033 -1076
1802 586
-2566 21
4193 3936
-3958 3417
3748 3018
-1194 3889
-534 1252
2046 811
933 -3306
3462 -2399
4447 -3040
2304 -3958
2126 -2354
483 3111
3944 1941
-3136 1352
1582 2233
797 2521
-871 2760
499 3249
1971 -3369
1912 -84
206 -2428
-632 4107
-1105 -4165
-122 744
-3009 -1286
2046 -1342
-2179 1177
2388 -4286
-1798 -4464
-918 1712
-4370 2697
-686 918
-2363 -4417
4642 1440
2291 4663
-348 1516
323 1423
-877 -3154
1957 -1493
1891 -3620
-290 -1062
-2008 -1527
-502 -2241
2093 -4309
-3311 -2363
4616 -4099
59 -1861
-4047 4450
3233 -3248
1884 1323
-2807 901
-721 -1039
3923 -2456
-1182 -1107
398 -4518
839 -276
1430 -3314
331 -1569
3756 -2760
-1099 -1243
1772 1261
-3777 -331
-3008 3462
2525 -159
4285 -4458
2034 4535
519 -3687
3251 204
-2186 -1233
-1212 1143
-4443 1572
312 -1730
4586 -1593
-3079 -4108
-1286 -1803
-4274 1654
-621 -3163
941 3250
-2944 2401
105 2564
3910 -1829
1414 -867
-2228 3808
-1560 2857
796 -674
1101 -3486
-2285 -2518
-3438 4228
-109 -4669
-231 119
58 858
-1117 3484
44 1868
-3815 3534
842 3329
-4191 -2334
-4175 -3032
2331 -2953
2139 -4041
4088 -3316
2503 -3687
1423 3895
-1873 -3802
-1153 -3476
-238 -388
-117 -4279
-4516 3593
1428 -12
-2263 -1018
-3229 989
315 3434
-2684 -4269
-1059 -1717
-2703 -1295
104 -3358
-64 -3342
-1425 4073
2018 455
-201 -1057
-4260 -3269
-1106 -1786
-330 2430
4242 1746
-2952 -1026
-3191 -1515
3301 -1058
1357 2245
-850 -2798
313 -3644
2593 -2416
2773 -3540
-2326 3169
3 -4233
-1088 -2718
3617 465
-1025 -3024
2979 3157
673 -3751
-1931 -1781
-3708 504
3712 -90
-99 -4206
1678 -1302
-492 -3352
3844 -3467
201 -3472
-3824 2096
1961 2185
-2184 -2336
-407 4588
-3166 -3306
-4349 2976
3388 704
3075 2127
3045 -2398
-1830 -1774
2258 2881
1290 -1594
-727 -44
628 -1217
-3274 3229
4266 -1789
-2700 3427
1991 -4050
-4090 -2198
-3922 -737
282 4124
-3219 4235
1184 -3096
-1861 1014
-2979 2666
1685 1843
-2973 1550
-1170 217
3218 4387
2125 -765
2837 848
-1685 -2054
-307 -624
3002 -1557
-762 -2012
-3286 -1837
-4225 -3022
3596 2985
-4097 -323
598 -969
-2628 3794
927 -3836
2727 169
2894 -679
-164 -3712
-3340 -4135
-2501 2840
-2968 -2353
-3405 -2075
3742 -4415
4345 2351
3936 2172
-3184 -2913
4395 -1518
-4531 3259
-1185 -4387
726 -1040
1309 -3537
-1686 2819
3007 89
-3611 -658
-3833 2432
3163 -273
-2427 3347
-2961 -325
4484 1795
1656 -1152
3779 -1002
-506 -3053
1947 1844
279 3195
1263 1001
230 -2733
552 2826
-3762 -3908
-3872 -1650
1341 854
4035 -1182
-529 3456
-956 -3145
-2716 2554
-1412 -3303
-1092 -492
-4668 -3482
1500 -2084
-3760 -3144
-984 4274
779 -322
-4242 -3366
233 3829
1265 -90
-1525 -2893
-2434 520
-967 -3611
-4556 129
-3889 3766
1614 -519
4013 -4229
-66 -1554
3742 2082
-4680 3753
-2214 -2902
4425 2619
-2443 746
-2914 1423
864 1362
-162 -1486
3318 -3580
2485 -4256
-3223 2319
631 -943
3177 4034
-1522 -2838
3190 1165
4606 -1992
1583 4166
1350 -2274
-3731 2053
-2559 -1665
-3712 -3318
1207 -4564
-658 218
-1222 -4014
-2491 4426
-1006 -2490
768 -4341
-1381 -420
-3695 4672
-4621 -336
-1976 1849
1718 -320
1751 3364
-12 -2753
-2649 2543
-4146 1087
-3735 -395
198 1829
-1877 20
554 -1074
-845 3718
297 1609
2765 -251
-1939 -2169
-1525 2021
-279 3717
1462 4321
1815 -2666
2331 -1256
-2345 -1924
-3984 -2076
3138 455
2619 -4672
836 4417
-2023 -1096
-309 1480
3664 4663
4327 -190
4308 -2805
1493 -4147
-1982 2761
1995 -3626
3213 -139
-2809 1037
-402 -4656
1177 -3935
-720 -3173
-2774 4413
2322 3140
-433 2895
2464 -453
328 925
-2077 -2316
-2507 2772
2997 -2420
4673 3663
978 274
-1069 2019
3606 -60
-590 -2595
3376 4624
3919 1855
4234 1456
-3176 -4424
-1075 -3054
-2582 4628
-3417 -1248
-1465 -3212
-4375 1877
-1621 -468
-80 4140
-1719 -3330
1240 355
175 129
2801 -1225
4006 -3106
-1646 268
2458 1527
-2744 3632
-1504 2584
2653 -2055
-1527 -18
2951 -1824
4563 1722
-242 3198
410 3907
22 1577
164 -2364
-11 2274
-252 -4217
1759 4033
4511 -1132
1727 -1471
-3183 4191
2546 1981
678 4651
4061 480
1281 -3590
-647 -1385
1671 -1649
-4364 -1624
1453 -112
-3954 2628
-4057 1193
-663 991
-3179 -1483
-3843 4095
-558 -3405
1022 -70
2438 -2064
1447 2682
1856 -1749
-2983 3619
2028 -1514
-1583 -3371
1269 1824
2681 3588
-1835 2140
1789 2987
4151 4115
-1705 1114
72 3536
839 3449
1633 3397
-2357 -885
-1277 2127
4480 3759
1090 350
4048 -1908
53 -312
-1935 2327
-2958 2564
-3042 -302
1503 -3309
3149 4370
2738 321
487 -4382
-3230 3477
1451 4058
2933 -3438
-3620 -2950
2099 -144
3555 524
882 -2382
646 2576
-3685 -4665
98 3101
-3397 -4067
-4150 2010
-1820 -3259
-3913 2334
-1081 -2947
-3971 3296
-584 2512
2384 -1541
-2374 4583
-2726 -3230
462 4328
1718 2774
3004 1344
1700 -1056
3606 -2131
2933 -4500
-893 -4536
4102 814
-935 -2558
-1241 4648
-2034 -4222
2134 -4212
738 4609
1902 2820
-1173 -621
-784 1481
2746 -3978
-1744 -2070
-2730 1345
-100 1433
2727 -1913
-3305 662
3412 1438
-203 -1753
-4061 -1184
190 -4389
2561 3669
2701 -3877
-3163 4143
-2200 -1647
813 -2370
-3489 -3789
-3143 3170
4339 1131
-342 -2599
475 -3399
4397 3929
-1749 -2495
-209 18
-2115 521
-4197 2827
-4092 -3285
-4299 408
3021 1050
3266 -2344
-4584 -2744
115 4690
-3419 -2397
3950 -3376
4639 4283
-1215 -4560
1897 -1599
721 -2985
4002 -755
1586 2315
3273 3103
1125 3404
-2293 -1926
1130 1359
2252 -308
-1710 -2042
-800 -1765
146 -1558
2425 2670
3463 3233
-3536 2646
-1270 -3316
-2281 2221
3613 4317
1426 682
4027 1226
3857 -2967
1856 -2387
-1216 -4417
-4248 876
-3558 3951
59 3597
-2774 747
-608 91
-2571 -3698
1491 -3994
3064 -4419
-1594 -1459
-429 -2320
954 3008
1759 3039
1789 -3590
3499 -3600
-2028 -828
-2388 2240
2970 2577
2690 -3312
-4232 -1134
4452 2817
740 -3072
-1685 -1302
-1879 2796
4692 -957
1483 -2160
-3292 2550
-282 -3162
-160 3527
-497 2810
963 2371
-3816 -2066
-4033 -3981
392 -4447
1079 4417
-4667 3153
-4455 1183
4378 -976
-2341 2380
4104 1155
3592 4021
466 -3575
2502 -4341
-3770 865
2091 -3309
-3586 -4259
-601 -2236
-405 -3099
-697 1678
-927 -1265
1136 3181
2844 463
-173 3212
3018 4287
2742 -3856
3493 3529
-2640 3142
711 -304
-108 2514
-4210 349
472 -3119
1597 -692
-627 366
-298 4595
678 -3660
2913 4210
-2144 -4043
-244 2867
1204 3549
-1712 3467
1562 745
3217 3802
1635 801
-198 -1304
1971 -4699
-2961 -3419
-4246 -2710
4515 -1411
3649 -3576
-1052 1586
4635 -4000
-1388 -1908
-4130 -1582
-3778 3517
227 727
660 -3094
-3011 3564
412 1392
-34 -2535
-2526 1553
2140 2012
-2527 -1338
4363 -2870
4330 4564
-3871 -1351
-1967 3358
-2978 3402
4359 2522
-1632 -1150
195 -2195
3299 -2677
3551 4238
-3732 -1003
-897 -494
-602 4507
-1513 1474
1797 1741
1309 -1153
1774 2965
3964 -808
-1677 3206
4358 3332
1769 -4143
-1309 -2147
-1631 -4389
-1731 -2534
-4552 2458
-2658 1251
2886 3007
1024 -3677
3831 -4388
-951 3479
2784 915
1511 -2776
-155 4196
-2892 -4367
-3406 -3963
-4154 2840
-976 2
2078 -2451
537 -655
4661 45
30 -934
4572 79
1377 4228
-1185 -2647
-877 1508
3786 -2902
2183 -917
1745 545
4302 -2116
4583 -2563
3331 -873
-123 -3557
-3985 -266
1086 3260
-1640 -59
-231 -1694
-192 -1917
4678 163
872 2009
-269 1929
-3066 270
-1927 -2796
-1140 4053
3104 4619
2789 -2865
257 -2337
-1708 -3062
-3994 -2796
-3114 -3136
-2936 -163
654 1649
2646 1381
1349 1018
2068 -2048
-3583 -182
-4663 1453
-3666 -2043
-2103 2609
2359 2383
2572 -2162
2245 4233
-902 -841
3870 -3218
-386 -1488
3070 -1057
793 -311
4053 4143
-4538 1892
-1597 2453
2571 -1049
-1576 988
-669 -1206
4152 -1197
-1314 4007
-2848 -1985
3241 4663
2852 -4478
-2817 -407
2948 -2458
-2489 4051
-2780 31
1294 -4491
-3983 -4672
674 1803
3402 4296
1611 3932
-1320 -2577
3124 1830
1279 -3429
1684 3655
3227 -3141
-1320 -135
2518 2628
-1330 -2372
62 -1651
-1309 3725
4674 1415
2766 -66
-2201 2905
789 3029
-3259 4193
2951 -2515
4506 -1761
-429 554
-4083 -3563
-4327 -176
-1959 3135
-2752 3694
3718 -1346
-1901 1448
342 207
2838 -1075
-2503 -2926
-1913 2960
-3023 -2110
1440 400
573 -4320
2174 -4689
66 4371
-352 2913
3976 1637
-2560 1776
604 -735
1765 832
3883 2896
2653 2045
197 571
-619 1951
-1757 -901
1063 -2486
4513 -2138
2836 -4235
4591 -1110
720 -110
4020 4322
4483 -2192
3641 2465
609 124
-1859 3296
929 2664
-2459 -61
378 -4164
-858 -333
-2908 189
-1910 -336
-3571 -2045
1384 3388
1755 -4348
-2471 -391
3473 -3927
-2066 458
-1462 -4363
-4345 -4194
2011 -4097
-2733 -2896
680 -884
-402 2073
-3469 242
4582 -236
-350 -2170
-486 1144
-4408 4556
340 2581
-4121 1881
1029 3484
-103 -3960
-1963 65
1531 -4003
180 -2362
2206 3819
2348 -2083
1518 -2561
-4213 1288
-4101 -3571
1350 -2592
2338 3534
-4485 1583
730 -1489
-2766 -3187
-108 4520
2459 -1421
3915 2002
-2268 -659
527 -4672
-400 1472
-1043 1444
-3808 609
-3028 -2457
-1149 -1203
-3143 -3433
-1217 -3208
504 1670
-1806 1310
-551 -4302
-116 570
-1880 -4005
2873 -4525
2157 -545
-2952 -2049
-2845 -3092
-3537 -4448
1850 2947
-1714 -2458
2613 -2115
3683 -683
-2819 671
-4445 -2722
359 1066
3878 2511
-635 -599
2900 -3320
2924 -3054
1526 3932
-1464 -224
-3146 -2874
796 4402
-1405 1185
2279 3592
3203 742
2826 3694
1217 -1697
2204 2778
3263 2077
3934 1547
-1800 1746
-731 2372
2453 -2742
2641 -156
1537 2496
-4616 586
-4591 110
-4089 -1037
-2859 650
2152 1772
-3458 647
3324 -30
4061 -272
-2265 -532
-2838 1071
-3611 399
1118 3619
212 647
3992 3630
-3522 -459
-895 4452
-4254 -4551
-3323 -3832
-3684 3264
3369 -969
-2021 4604
1417 2386
1414 1997
-706 -1385
508 745
836 2987
1456 1191
1503 -806
165 309
4114 -3206
3546 -2014
3267 3929
-1394 -4679
2180 3323
-1582 -2485
3229 3813
-4515 -1729
-4284 -1375
-3782 -4549
-2404 3514
-1794 -3727
4046 4124
-1740 -3249
-2548 3163
405 -1590
2988 -3976
-933 1881
1623 -440
-3522 -4042
-4192 666
2590 -2410
-1159 -2568
-1610 -4095
880 1141
1233 1014
143 -4458
4609 -861
-4297 -2971
255 1481
1373 -626
-4524 3825
322 -2358
3298 3891
3588 1682
3541 4065
-3226 4003
-696 3938
-4044 -3245
-469 3234
3864 -423
2857 372
-3951 2550
4314 -2008
-801 313
-4453 1437
412 1482
3071 4082
3084 726
3639 3803
1414 4301
1525 6
2123 2852
4603 -173
3154 2136
2530 -4026
3620 -2287
-3548 -3857
-257 -2930
3194 -3881
-2703 -3160
2331 742
3822 3186
2300 316
-2026 -2425
1267 3835
-650 -3009
745 -3151
-2605 3197
3943 -1069
-4201 -4192
-1172 2957
3545 -4286
-3445 -1042
-3279 3381
-3396 -3530
357 -3560
4511 4565
-1301 -3414
-3525 -2410
1437 4112
3727 -3104
-1846 -2050
89 -1632
-2181 -2614
1760 1287
4532 -982
3442 3641
-3117 2912
2453 -1896
4423 154
-3655 -1562
4127 -2411
2443 4436
2047 2303
3055 -2444
-754 -1336
1077 4192
763 -4590
-3647 -2993
-2115 2178
-1792 -1407
-665 -70
-893 -2866
1457 -3453
3700 300
3884 4023
3577 -3012
-3135 -1567
245 3524
2417 -1447
-1037 2875
1206 4053
780 2393
1504 4190
-4078 2369
-1555 -4249
-3568 643
1516 -3336
-4466 -1611
2779 -4353
-2620 -4360
-4085 -4280
2878 2930
-2972 761
-4549 -2743
-2124 2957
-191 -4216
4242 2877
-855 3531
-3543 2406
614 -3116
-1430 -1961
2803 -1663
677 -4311
-2958 -852
2884 -3723
-1677 1064
3238 -1047
-3747 -245
-697 -2463
-788 3286
-1272 -3079
509 3600
-4597 -3888
2116 -3730
-3836 2122
-4134 -2806
-841 3044
1297 4215
-3793 3169
726 -2971
-3668 3113
4676 2807
-211 1843
1892 -3195
-1808 360
2456 -178
4405 2740
2824 -2597
4237 -1727
1423 2306
3104 157
-2344 -4278
-502 -1918
-3980 1369
3529 -142
-3011 -1230
-4454 -2405
3420 4571
2141 2902
-1106 203
4540 3508
792 -2109
1481 3283
-1740 -166
-2277 -2665
64 3535
900 -2953
-1594 -1434
-3835 4176
-309 -1926
-3086 2936
599 -2387
2113 2394
-2967 2869
3506 2961
-3491 -4461
-1377 -2703
2957 3168
1655 -4401
311 -2127
3119 1587
2551 3154
2283 -460
-194 -43
3088 -3381
-3730 193
-4382 -1387
-468 50
-769 -2128
4309 2300
4063 -545
2362 -1318
-1624 2611
4029 -1054
-2528 -114
3870 -1052
-1796 4251
-1894 4525
-3993 -2736
1004 -3345
-1243 -2940
-59 -4675
1994 -737
128 -1486
2893 648
-2270 -4410
-3343 1851
2414 -3826
-1623 4381
-1422 -2750
-4397 -4382
3363 -4597
1230 -2562
2591 1784
-489 -1876
-1452 -4690
-2027 -1237
3635 -4305
-1657 -478
-572 2813
2648 3553
2971 2373
1825 2433
-337 747
-4218 205
-3830 -1681
-3928 1008
3857 -2887
3459 -2137
-581 997
1135 262
-1945 3359
3762 -2396
-4280 -1192
2502 533
-2565 -1270
-1317 2505
3381 -2471
1802 -3568
-1189 -3590
-196 4324
1622 -578
2029 4428
-3097 646
-1982 -291
-4424 -3324
-1313 3967
64 3484
-763 -2780
-2186 -2558
3617 -1059
2346 2951
3670 -2445
-2810 1658
-955 4501
2676 -1336
-3451 -2454
-2391 -3370
3682 1574
4535 -1613
1726 -4363
-4573 -2373
2747 -2278
-2385 -3790
-1809 -2291
1580 1391
3626 -2976
524 -1830
-27 -3736
678 -4668
1926 3556
1552 4294
793 1721
-4586 -1659
2166 -2609
3423 -607
4069 148
-4350 -1231
-4658 3013
4379 -2142
4069 -3918
1852 -4226
-4681 -3594
4018 2114
2574 651
-2701 -4541
3376 950
2516 -110
-2674 -3229
3434 3546
-1825 933
1766 -3784
3110 100
1333 2291
3752 -705
555 3252
-529 -1539
3908 -4336
-863 3482
-2961 -2050
2185 -3523
1934 2429
-529 -1794
4694 922
-2581 -146
-1960 1259
1735 3793
-3660 -135
-3234 1564
-2584 3559
-1920 1680
3298 -2227
3802 -2973
-4494 -300
-1076 -370
-2422 -1390
4685 1276
-4076 -3397
963 4096
-4333 -823
3669 -3499
170 478
-2665 -1539
-2300 1920
4623 3839
-2324 -1821
-2043 9
-1493 -48
1695 -3676
-3542 2425
2227 -1666
-811 689
-2286 1952
-3975 2929
183 3080
-2768 -2875
-4020 -3720
3895 -3283
-4004 -955
1323 -4593
-1884 4014
2076 795
3017 3652
-2841 3034
-4045 4304
-2234 -410
-446 1294
-297 -2909
4222 -1888
3529 -1854
-3329 1275
720 -2340
4485 -3170
1319 -2732
-4296 -1455
-1283 -2004
2234 3882
3459 467
903 4061
-3 3479
-2928 -2465
-2902 -4211
1163 3863
4105 1403
-2635 746
2735 -1094
-3037 -403
-1351 -3834
-3154 -2771
429 1832
583 3665
253 2384
2205 400
-3418 2963
-3565 -3917
2166 3606
-3722 1537
-983 -4332
1025 2842
1561 -545
-3657 -4317
-639 1859
-2063 -2567
-65 3154
2869 4320
-1692 4286
-4574 -3211
3977 4200
2908 -2696
-1090 229
-3882 1605
199 -2190
-2644 4296
-1240 -2535
-479 -2778
1183 -2806
-4596 3353
-4493 1296
696 -1320
457 3434
-2899 3792
3681 -3195
-2239 3688
4352 4074
-3355 265
-1434 -1408
4413 1576
1348 -1301
3795 3706
-3429 -1693
287 675
4359 -4266
-1417 -48
4583 -275
-1386 1320
2966 2247
-46 -604
-3970 4529
-510 3800
3358 2653
-944 -4388
-1388 2319
3550 1948
-2324 -188
-1096 971
-4423 1860
30 7
-1777 -3054
398 702
2770 2001
-4086 -1243
1744 -1460
2588 -1876
-165 396
-4545 2643
-4260 -2037
2799 -2818
-2102 -464
1484 -1407
-1113 -2936
3455 -3646
2017 123
-534 541
-1523 1991
-2897 4512
-4365 2425
414 2289
-2182 -1806
-2449 -2266
1390 904
-4427 3184
3602 3925
-633 1543
2451 -2529
-2379 948
1717 3146
4110 -3323
-372 4574
-2175 -1331
569 2821
266 -2649
2500 2366
-181 151
-2285 1403
2351 -4574
-447 4436
1704 -1640
565 -3970
3249 1950
1620 3676
-2131 1634
-730 -1509
-3036 -3030
1563 4469
-893 3736
-983 4211
-3666 -4415
-3836 2047
-3249 3485
-4219 1805
798 -1137
2448 -2267
-3714 3539
-1942 336
3263 4660
2965 184
3862 -4597
2094 -2641
-4143 2073
1283 2686
1878 -3504
-330 1153
2510 -2325
-4643 4083
-855 677
-3566 -2645
-519 1947
-1674 2309
-897 -2648
2363 -3147
820 592
3699 4614
4521 442
-4168 3501
-3965 3587
978 -2473
826 2691
-3254 -3802
2815 4004
-228 563
3582 -1361
1179 3550
1998 550
3961 1035
4215 -3552
2225 3844
3542 -4258
2081 2031
-1833 -2556
4591 -3634
-3448 -3231
-4649 4453
55 -190
-800 339
-729 1470
2621 84
-212 632
-2028 3221
4352 1179
2614 -1350
3840 1020
-3611 4697
2437 -3058
1759 1360
-1821 2591
-3102 4239
-3168 -218
-4660 -4400
545 -4631
3042 -1337
-353 -2580
-3838 735
-3742 -4139
-81 2045
2067 3805
-2869 34
-4230 -926
-4699 -657
-1585 -25
-339 140
3421 1933
761 1161
-4425 100
-2190 1403
-651 4162
3620 2930
-1838 -461
-1647 3033
1258 -1609
1748 1830
-318 -3558
-404 235
2551 1241
-3038 1609
2959 -1161
4434 -1366
-803 879
-4471 3567
1413 -2743
4571 -1587
541 -343
835 3124
-3877 -1912
-2720 -2996
-3240 3837
4418 4344
3774 -936
4540 -4361
-983 2754
2717 1351
3550 -2647
845 -2510
-1837 858
3458 100
-1076 937
-3233 -3172
326 -672
-2682 -3465
-3278 -2513
1320 -1381
-676 -4602
4475 -1308
-445 -2915
2099 -2515
1954 4160
-2185 4107
-2768 4326
1110 -2251
-1001 -2874
-4336 -3440
1576 3241
-3806 -1200
2684 1961
-1049 399
2182 3260
-2341 3978
1146 -776
4567 -1959
-4412 -615
2907 744
2336 -3206
92 -2084
-1672 2866
4598 3205
3814 -2281
-2208 -2600
3653 270
-2608 -3323
-224 2493
-1055 1100
3853 1916
-2246 2248
-1954 1163
-1897 3500
-4318 4678
-438 2342
3297 -2410
-1765 -2318
1521 -2756
-2535 -3083
318 -2237
663 -1006
297 -2714
-3935 1799
1688 -196
1855 -304
2853 -412
558 340
999 -2565
3261 -1447
1317 -1552
-3778 2925
4058 1657
-4232 -2107
3668 -3700
1649 4657
2729 3126
-4539 4025
523 -2594
1064 451
2745 -2540
2964 3417
-4531 -2780
-4315 2948
3032 659
-4042 2225
-2365 -791
2962 1585
-4396 2995
1005 2882
-230 -783
4015 934
1042 28
1855 648
-4421 2052
1721 -3248
-2849 -2591
-1801 708
-1507 -3695
-2881 4330
-4538 1242
-4453 2423
-1838 3741
4286 2328
-3692 -1235
554 3050
89 2420
640 -4055
-2760 2196
4504 389
-4558 4358
3319 1500
-3007 -3974
-3598 4409
1729 -2427
4090 1246
-4122 -3094
2491 4406
-2103 465
-4230 4103
-4090 -4099
954 419
2628 -546
-3538 2680
-3143 -3034
4677 3196
1890 3710
-871 4584
-3804 1301
-3640 3309
-1968 2026
1892 -1159
3288 -3633
4167 -2986
3944 3960
4270 2565
-4154 1285
-2518 -1040
-3859 1977
-2135 -3005
2894 -2857
-954 2445
2703 3850
1184 -3288
2620 -4009
3773 624
-3102 -4469
2640 74
2605 -2829
1825 -3554
2698 -2154
-2315 3602
-4483 -4531
1693 -2752
3106 -2658
-1771 2206
2685 1207
-1581 1693
-3581 3928
-1782 2915
-2681 -2897
3585 -1552
2818 1546
3796 -2487
-316 3471
2304 -1609
4569 2199
3846 1606
-279 2729
-3869 2287
2851 2490
3414 -2540
4105 2869
1828 -3820
641 1298
530 -3797
-471 -4454
446 3331
-4028 4619
-3965 -4342
2311 -837
2690 -1698
-2929 2339
-3213 -2305
227 3704
4162 -1330
-1984 -1966
3210 -2367
-1060 2976
1166 3678
-3097 -3329
2632 1542
2432 1519
-4256 -3364
-133 -1578
1653 -1968
3549 -1442
-3874 4627
3651 2143
1533 1478
-2694 745
2386 4692
-1224 -3750
1522 4001
3793 -4432
-2431 3705
65 1610
4613 -4578
-4147 -1738
4570 1212
937 -1469
2550 -3387
-4385 -3976
-1227 -2014
3879 4527
3871 -2409
-4604 1045
4575 -776
10 -1348
1915 4242
-40 3279
1351 1264
-1516 1388
-1724 -4265
707 1539
-144 49
2091 1173
2134 1216
-4474 2556
3922 -3904
-3028 3666
3443 -847
1140 2107
-2421 1317
-1569 2901
-4493 2996
-2172 2305
-3304 -1042
-92 -4619
2614 3635
2409 -707
-171 -1741
3404 713
-4409 -3966
-2111 121
4257 -1148
1877 -1626
3404 197
-4437 -1642
1765 1778
2636 2669
-1791 -1626
255 97
2684 -369
4545 2215
-1752 4129
-581 -2972
-1951 2817
3961 81
-1097 1913
-4162 1723
-2341 1555
3311 -1579
2426 -3757
2584 -482
2226 481
-1453 -750
-3684 -1580
-3526 2624
-4308 1984
-733 1479
-4209 -2774
-2258 -238
-823 4661
-3343 -4628
-4383 -4
4318 1046
-4628 1091
3539 -4383
-1545 -2191
110 4323
4521 -969
1767 -3282
-2145 2314
-4044 2780
3310 -1481
1160 -39
3191 3227
-1613 -3684
695 719
2935 372
-1241 -1304
1135 -368
4311 4454
1304 3031
4208 -704
2650 -4606
-1221 -4222
-491 -553
1668 2743
-1168 -665
3243 4043
48 -3147
-4590 4582
-3440 2357
-4210 -491
-2909 -1744
2302 -359
1933 -1194
2328 2029
1315 2569
-757 -2800
-4102 2243
1340 1990
-1743 2567
-2935 -4
-3150 -557
3140 1926
-2666 -1698
-759 2881
2020 2398
-2640 873
2109 -984
785 3549
-3457 3366
417 -381
-2124 -1704
-2857 1287
-4145 -2538
-4636 3963
-1404 3583
3401 -368
-4511 -4697
580 -3903
214 -3290
1902 2998
-4016 -2468
-1396 -3123
-135 -4145
1874 -325
459 -588
3874 -3583
-1532 -3091
2286 1119
-2492 2023
-4033 2685
575 -2469
-763 3085
827 -443
1807 -401
-557 -620
2958 -405
3167 -871
1736 3236
3461 -880
3686 4574
-4105 318
4013 2944
2684 -32
-2853 717
1056 -4442
-4472 -544
2032 2690
4211 630
-647 -1548
-4180 -2702
-3576 3120
2801 3559
-3004 -3316
2063 -876
335 -2607
2652 -139
-2643 1079
424 -4477
2314 -1533
-2257 -810
2888 -1828
-4065 2646
-739 4051
3501 4283
-3471 1342
-3400 -4474
4484 -607
2882 -4388
4549 3205
2602 893
1093 -3876
3736 3872
-2611 778
-2615 4698
2572 -2042
-1350 1899
-1694 4212
-3819 -776
-572 2524
-3200 -1535
1304 -1448
3108 -1107
-3926 610
-1111 4442
-2328 -436
2860 -2815
-3289 2221
-4600 -4684
-735 -776
2616 -771
-1319 -970
-4450 -3609
-3998 2991
1115 3805
-2247 700
2664 -3588
3583 -3230
-788 -1167
2721 2988
4470 -786
2612 3377
-646 -846
2674 1590
2120 -956
-4379 -4070
202 -1996
1803 -1072
736 -3543
-2715 1849
4340 -2715
4017 367
-588 -4470
1034 414
2972 2111
1148 -1251
2130 606
-4165 -737
-2118 -933
2083 -4583
-1740 -4403
-3550 845
1045 -3674
1531 -4468
4572 3962
-3539 4576
1660 -612
-3755 2368
-47 911
56 -4659
-3917 -4124
-880 60
-157 -3186
-434 3024
-49 -2958
3887 1203
2878 2279
3034 440
1675 -2061
-3490 3078
-4309 1217
2351 1579
-2522 2594
-1087 -582
-2610 4186
293 687
-3346 -340
1458 -451
-3965 2889
1093 -3396
947 1936
84 -235
-1695 -3197
3043 1331
1813 2403
-776 4441
2347 2094
-3620 1
4142 2404
3726 -540
-2445 2337
293 893
2746 -2465
-2803 -1061
3322 245
-3372 -3036
63 -3006
468 -2645
1450 3058
-3836 1063
-3915 4228
-3867 -249
4534 2105
-3614 -207
-3346 1747
-3859 4382
-2494 55
-3870 2246
4059 4214
-3912 2457
-616 698
-110 -4260
3164 1824
3919 -3836
-3521 664
3291 -1155
-3728 3746
4148 966
-1175 -3380
612 320
1301 -1048
3024 484
3965 -4350
1159 -2207
-4032 1907
1662 3184
2387 62
-3327 4631
-183 -4247
254 -4654
1419 -3362
2873 -776
-466 1541
-2128 611
-219 1436
-172 -49
-1328 -3139
1687 -1723
-2285 -2492
2338 389
-4097 1718
-3963 -49
-1619 -96
-4262 -255
-940 3306
2617 3814
-3860 -3962
1192 -679
-3437 4627
-1029 -762
-3289 508
1200 -2044
-1811 -4503
446 -543
3732 -4095
3487 2918
-3708 4003
2266 -2212
2607 3427
-2531 -112
1728 3457
-2373 -1023
3054 3145
1607 -2788
892 -2621
-1279 -2344
-2630 -589
-1871 -1213
2217 -3524
-654 3811
3892 2962
-4298 -2766
4444 -1328
-1337 1326
996 4335
2470 -3189
3329 1008
1269 615
1003 -3201
4343 2657
-4034 -597
-4321 907
-1185 -3435
-1185 -106
708 376
227 -315
2397 956
-4080 -4530
186 -3961
4639 1151
-2612 -3189
3724 602
-740 -3061
4350 -3261
1256 2078
-769 3183
-2662 3571
-1879 -3607
-1786 3806
789 690
-3598 -2949
353 3788
-418 -3621
3232 -2698
-755 3627
-271 98
-2688 -2725
-115 2835
1783 -1308
-4520 3354
3689 4538
-1611 -1685
4440 1000
622 143
-3407 3513
-4003 4478
4165 -4109
-2227 -35
-3759 1143
4551 -2852
-3215 -4074
-4664 4299
3517 2678
1533 -1545
2953 4615
-4176 4414
2297 -1606
-3928 -1449
1695 -1025
594 2045
-4454 2073
-2992 3910
-3695 2049
-957 2496
333 -2650
1420 3125
-2103 -715
-3955 -2209
4457 -1850
2182 623
-3714 152
2199 -2499
2463 -547
-3346 -1497
-429 3622
-1637 -1980
-3713 1103
-192 -2991
602 4396
1099 -424
-1578 -1614
1578 1957
3429 572
879 4056
2710 4590
-1381 1519
781 3382
-1681 4263
2972 4001
-2032 -629
2792 -4444
-401 -3658
1055 -771
-4083 -3860
3321 3442
3678 2505
4656 -405
3475 1430
-1822 -819
-2490 -468
-1234 -2975
4214 1273
2701 112
-3418 -1393
-819 -2960
-4203 -3822
-293 1831
1307 -1884
-1927 -3805
-3731 1724
-4449 3998
-4116 3273
-671 -2922
1934 -2
-2182 -4427
-3591 -1350
-4051 3893
-1227 1667
3086 3512
-2375 -2976
-2067 461
108 -4452
990 1094
-1040 -1094
-4158 -651
1035 -2884
3104 794
1506 255
1354 -544
-3831 -3664
4190 988
1559 245
-1695 1901
2927 2176
1836 3312
-784 890
-2772 1392
-2750 -1762
-3888 246
-4033 2104
3404 4252
5 2207
-3429 4045
4499 -1916
2119 4380
140 1253
541 2499
2315 2100
1424 1213
4502 -1640
2927 1940
-1905 -2501
-3562 -4326
-920 2819
-3262 676
-3276 -2941
3548 -3538
3507 -2187
1107 1562
-1005 454
-4327 -3809
-1121 -4454
-3894 -3793
-4194 -951
4429 1404
4 1407
3187 -3388
3575 1040
-527 -3906
462 2311
-2098 4439
1983 -4052
3555 2643
491 2772
1793 -1575
4070 -4104
1863 2320
1142 2997
-2161 4000
2294 2218
-3908 -3249
877 3634
2221 1366
-2913 1954
1497 -4025
-4494 1957
-2093 3981
-2803 -2195
3712 3046
3548 3032
1726 2587
-3722 2271
-2159 1663
434 -3456
3307 -1343
-1715 4241
-277 2681
4507 2720
-4120 -3729
-2535 3202
-3199 905
-3852 1759
1792 2423
-411 1891
-3638 -3272
2292 -4141
-2129 3454
4303 854
2287 4477
4163 4172
-4074 492
2382 3194
-1801 -28
-4232 106
286 1143
-2994 2514
-1588 -2971
-3304 156
-1057 -1416
4192 4628
-4492 3318
3684 -1196
-3149 -212
-800 4330
2219 3044
-639 983
-1063 -2228
3697 703
2339 3493
-2074 1739
3012 1256
3254 -4226
3664 -3130
-2880 58
-555 2554
-1964 -1139
2969 1353
-489 4627
-4490 1777
3142 -4438
4320 -118
-4059 993
151 1052
-3995 2394
-560 1706
3690 2361
1191 -2429
-1447 1551
-280 2924
484 -1573
-2396 -2762
-4531 3690
-4313 531
2003 4367
1398 -2146
3160 301
4040 697
-2882 889
1234 -3504
-4547 1887
-1851 1909
2615 356
4404 2928
-4066 3398
-374 1794
3344 -2996
3601 -3784
650 2648
-26 3550
-2773 3354
-773 -945
-1197 2456
4033 304
369 1338
3536 -4486
4218 -4645
498 2636
1452 -3856
2291 2992
3365 -2120
-3860 -1733
-2120 -3405
2307 581
579 -2982
-1074 -1533
4191 1981
4263 1139
-4243 2697
-2646 -923
750 2442
-3714 2174
-4683 -1588
4481 -3398
-152 2320
335 4136
-250 -2037
2493 -4646
4581 3097
-961 -4281
-1925 -4287
1967 423
-4656 -2377
-4116 -3941
1822 4222
-10 2957
-3447 1542
3517 1756
3155 -426
-413 4195
-3402 -242
1578 -912
-2137 1153
1513 -4529
3900 -1712
1872 -2575
112 -1901
3967 1724
-2019 -1696
3863 4562
-2972 868
1165 -2378
-2673 2778
1764 -1350
247 651
2270 -3464
-1753 -562
94 713
-3148 -2413
480 3977
1825 -2454
-3095 -3007
-894 -2029
3081 -552
634 1116
-365 -1628
101 -4225
578 181
-3362 792
-109 207
1865 3106
-207 -542
1843 3254
-4381 2965
2883 -742
3753 -2544
3827 -2863
1063 2640
3536 -723
2166 -2775
2792 1191
-3323 3290
-3704 3592
990 448
3585 4383
-924 2952
3848 -3258
-206 2467
-1161 -4644
1115 566
-4265 -3584
-2867 -2252
550 -951
4466 -1317
-4257 -3408
3129 -41
1179 3015
2868 -2127
-850 -1348
3171 -1458
1463 -3281
2153 -72
-2037 -2240
-2376 1633
133 1632
-3697 1656
1139 898
380 -2060
2843 563
-265 1064
-4555 -4456
3632 1496
-2819 -3502
3387 2437
1814 -2929
3188 -2154
2778 1282
-2901 -201
-993 4558
2422 -2162
-2310 1167
-3672 -4224
-3714 -2181
-116 3491
3955 -4402
4251 2438
3432 -2010
-3848 2850
-2783 1189
2355 1234
-3476 215
1454 321
3205 -210
-744 1308
-932 2882
-251 -2634
3673 -174
586 -589
-3745 3003
-3526 529
473 -2824
173 4187
3995 -1063
-2426 4571
-3325 56
1036 -1441
-3590 -3080
-4688 4164
3713 2835
1932 -1721
-666 1522
1160 -3939
-2041 2798
298 482
1822 580
-807 1673
-3191 -3532
-1007 3810
-2091 4618
-3442 1466
3779 -2208
-2813 2017
3277 -3759
2180 3815
-2583 705
4532 -3634
-2751 4563
2143 3416
179 -1101
-2167 -811
-3395 -4286
2609 222
2636 -635
-4355 3444
160 -3475
-2762 -1522
25 -3113
-3846 -1254
-3476 -3229
446 1717
-3600 1132
-3959 3956
4218 -4611
-1208 3223
3130 3602
175 4188
2944 3893
4089 1891
4486 -388
171 1944
2439 1166
-526 694
-3054 4249
-3878 -234
-395 -4093
4306 3626
4471 3595
-2742 -2767
-129 -1777
-2566 1168
2520 1043
-4041 2952
-833 -4427
4607 2491
-3918 1291
-3468 -1287
3764 2411
260 -3664
1245 2574
3911 2113
-1541 1455
-42 -2530
1689 4186
1990 360
1461 1039
-1581 -422
868 1155
630 244
-1032 2953
2519 -3832
1624 -3347
-2238 -125
-3531 -2851
-2519 -1539
1076 -738
-3271 294
3277 -1400
-3058 355
-2986 2805
-4218 -1145
4035 3005
1038 2716
4361 -4231
577 2566
1561 3526
-924 -4618
-1961 2690
84 -1393
1531 -3078
-3992 4448
1658 2480
-937 103
-177 3806
-2764 4531
-1274 3326
-4198 -3724
-1873 -1517
1412 -3767
3252 1649
3002 -4452
576 3353
-3111 -3154
-645 -3320
-4225 -4584
2861 3698
-2637 -4580
-2536 -407
2131 -2810
-2902 -1104
4291 895
-3407 -2705
-921 -1916
-774 975
2114 4157
1610 2496
3542 -1114
4697 512
750 -3192
2453 4454
-2238 1966
-3271 -2601
1118 3801
3136 3720
-1513 -4430
2168 -954
-3167 -4547
2779 -3008
-1111 -2158
4378 3637
-4046 -2151
2424 -3314
3244 1434
4263 -2124
2001 -716
951 3039
799 259
-3452 967
-749 4656
2173 -736
152 298
-2666 961
-1004 -72
1115 -4369
3487 3368
-1850 -1488
-899 4688
4455 356
-309 2049
-3388 -544
2843 -1557
1440 4231
1371 -1842
2408 -2601
1047 -2651
1347 2567
2733 3077
4243 -817
2416 -3480
2101 -4275
800 -558
-1471 -1862
1972 2931
1434 -3533
-734 -3626
4372 -312
-3989 943
4477 -468
1152 2666
1162 -487
3960 -4429
2886 2746
-1144 -1574
-29 -4652
3478 -986
-3116 2181
656 -2548
1784 3096
-2341 -2501
2415 -1023
3587 3579
2116 3264
3184 3614
-2677 1421
3420 -4440
-2946 -120
4411 910
-2201 -1155
3366 2192
4629 405
-4096 3442
-1840 -1032
4172 2801
-4519 116
3299 4127
-1920 -2804
-1726 1460
-4254 331
2959 1691
-3974 2401
2414 -4039
-2302 -1705
1545 -2423
-853 1760
-3712 -2774
2147 1579
3290 -2509
-1157 3309
3689 3462
2021 115
-779 -1735
4580 -3521
469 -4531
841 418
2163 -600
-4129 2165
3251 3064
2419 3401
3333 -3532
2478 913
-294 3580
4385 -2523
1211 457
-1117 53
3860 -1522
2371 3407
2005 -2083
-3047 -4535
-4081 -3890
4562 2926
-3277 4088
-639 -464
-2820 -2378
2334 -931
-2568 -3004
-4399 -937
-2772 694
-4593 -2048
1450 2163
-3178 566
-1914 610
3104 -4551
-1068 -1558
4655 3272
587 -1322
-4319 -1831
677 3915
-443 -3858
-4406 2164
1579 -2284
-418 -1745
-1095 2474
-3226 2294
296 -1877
-2401 -1788
2510 598
3693 3754
2417 1335
-2456 3702
2682 2648
2438 2950
-3012 -1047
2353 4281
3367 2452
594 2582
3298 1981
967 3147
4643 4043
1727 2068
-3465 1724
-2408 -602
-4223 -3116
-3915 -319
-3917 1660
2390 3159
2405 50
-446 -2372
-3368 -675
-1927 814
788 -841
-3299 3652
-2030 -3041
2518 -3347
3161 -3042
3236 -3125
-3088 -167
2206 -3536
230 -3300
-4388 -2860
4557 1107
3497 -1685
3779 2902
3004 3520
4014 1450
26 1701
2291 4299
1307 2317
1095 1161
4565 1647
2064 119
3055 2912
3205 -1085
-4698 2415
-361 1571
-2986 -3677
-956 -3998
-4600 3313
-3103 -821
4480 -3105
4640 -2143
-512 -4021
3359 1749
4699 912
-771 -2349
-1157 -3917
749 1315
1149 -963
-207 4250
2208 3173
-2373 2727
4609 3253
-906 610
-1479 890
3479 -4246
2658 4357
1906 3014
-1819 -643
-1617 3644
-2991 3941
1758 -886
444 1698
-4515 -3270
4439 4019
-3374 -3710
72 4588
4553 -2291
4026 -449
3367 594
-1697 4063
-1457 2692
3728 2702
-4550 2680
4397 -986
-3110 2366
-2471 -1588
1044 2482
-2469 -3497
-3772 4617
300 -3630
-648 3367
-252 -2802
-1480 -81
2087 -875
-2058 2805
-516 -2019
3586 1094
-3936 -303
-557 -416
3263 4123
4541 70
1772 2300
692 2314
-2623 -1214
-1192 -3277
-1788 -3703
579 -1836
-1562 -1466
1529 3535
3249 3832
4563 2834
-1870 -3079
3549 -2111
2446 4419
-2564 -4342
4557 -4658
-2931 2971
-3313 2596
-802 -2885
-416 3097
-2948 1245
-1446 -372
1703 3316
486 3783
-1789 -2233
-2214 -916
-334 1916
3014 235
-2285 -1623
3042 -41
2958 -4562
-1124 -1159
-40 -831
-2992 -933
4115 -1993
-171 3167
-2741 1360
1354 -1332
-530 1987
2920 4601
-2125 2252
-676 -1212
-4484 -2024
2945 -2351
-3445 -77
1720 3045
256 2386
749 2893
1301 4632
-626 3387
1604 2166
-4029 -1625
-2572 -4114
-1407 -3976
3099 1167
2144 862
-4470 1423
132 -1340
1530 -2170
2247 -4298
2137 -2595
727 3849
194 -1208
112 -992
-1433 -1266
4590 3028
3502 -3211
-3494 2571
-2968 -3497
-2960 1960
-2639 3345
2977 -4025
1046 3408
3952 -2325
-2671 3532
2187 -449
274 398
-3488 2114
4495 3195
719 -2793
753 3119
4635 2671
2762 3015
3169 -1143
-252 -877
-3535 -3476
1981 -682
1848 3940
-4527 -2112
-4610 3068
2141 1083
3560 -2886
2026 -3670
-3303 -1347
538 -1411
4510 -3328
4672 3154
221 2193
-2968 12
-4104 91
-269 4606
-1624 -2597
1826 949
537 2361
2494 899
-3758 91
-3831 -1531
2212 1966
2948 563
1802 -1419
-3897 3939
-1671 -3684
1788 3292
1907 -4207
-4209 1787
-4684 -1023
-1562 4232
-1675 -1457
1615 1088
3469 599
2452 -1402
1992 -689
4086 265
-3675 4590
1096 -3953
-1277 -1882
64 -2309
-611 -1673
-3191 212
-4041 1669
1627 -4626
-3984 -4326
-4388 -4283
-649 -4284
-1607 1629
-1447 -2512
-897 -3243
-4157 1665
2306 3390
-3960 1167
-1421 -2496
3542 1916
-3959 3388
-308 4645
419 -4101
-2842 51
3276 3548
-3860 -428
1398 1578
-421 -4367
3344 -3080
-3227 -2216
4134 -2572
2697 3464
-2216 4601
-2156 -3472
-3948 -4219
3315 -4238
2983 -922
-2606 -2995
-3822 3670
564 -4228
-799 -489
1148 -4184
3832 -4137
973 -790
176 -2870
-1065 2788
-4168 -3254
4500 3747
-3632 945
-1106 47
-1022 -1463
3588 -3195
-2872 -1770
2322 3908
3747 166
1430 -1404
-4680 2504
1717 -1226
4453 2403
1628 -3418
-174 -2441
2355 3296
2287 3883
-1077 4579
1721 1955
4299 -4307
-1976 -1912
3067 2757
-3916 1437
-3155 770
3491 1870
-1346 -3497
-4301 -2806
995 4460
-109 -1950
-177 2073
3535 -2698
505 3109
-1032 -3442
3993 4308
-2231 -2790
-849 -982
-1188 -1996
-1149 -167
4281 -2549
2479 395
4406 2998
593 -2887
-4426 -3611
-2791 1708
3386 -3176
412 -2493
-3523 1459
3797 -2105
-3376 1089
-708 2567
-693 1418
-1902 3713
-2378 4445
3393 1231
-1628 4161
-1527 -4585
1617 324
-4369 -3740
-4458 2718
-3187 4488
2871 -4548
-4614 72
110 -2499
-3064 3393
-39 -3796
1078 -1771
1562 -1514
3279 -3698
-2956 1065
-1963 3386
-436 -856
2506 -2931
2009 1566
275 -4073
-711 858
1802 1983
-3408 -3577
3153 944
-4680 -226
1999 1381
-3155 -2210
-1218 -897
-2097 701
2206 1380
-4226 1446
1676 952
-2076 2937
3370 1145
-4176 -1489
-3164 -3682
4273 -896
-640 -4389
2886 -4189
-2595 241
-1733 2371
2891 775
-3128 -4394
-2765 -3605
-113 -2503
-3813 -2373
-425 496
791 4144
1220 -4509
-623 3259
-3611 -1098
-4382 -310
4161 -1907
863 787
-2886 1643
-1900 -2651
-2375 143
3728 -2302
-2919 -4263
-4539 -2093
3278 536
2905 -4066
-3031 3392
4013 2031
1520 4142
1530 -2310
-2382 4263
-3907 -2271
3002 -517
-1359 4062
1324 -1777
-4379 2376
-2460 2654
-4421 3679
-2984 -404
-3992 -2208
3401 -2822
-4440 -2281
3092 475
-4351 3371
531 -3437
1440 -2640
-358 -508
-2592 -1122
3570 -1824
271 -2220
-2307 -2613
-531 2981
-2846 3499
760 1022
-2658 4087
-2163 -4348
3448 261
4128 2559
2501 891
4355 4608
-301 1638
-2007 -224
-802 1172
1844 1614
-1958 -4305
-552 -1697
4087 -1863
-4686 -671
676 -1033
-2719 3908
805 4106
952 -802
-3061 -3130
2811 -602
-2287 2784
-4435 -2190
2048 -2288
-1836 2311
1173 -4525
1832 -1718
-1372 -2898
-3831 785
1605 -4400
-1608 3808
1603 -351
-3972 -341
-3246 -2602
3997 1046
-479 2819
-2796 -2318
3716 3443
1253 -246
-2412 565
1387 1037
4289 572
-2493 59
-4640 882
506 2097
-3958 1748
-3546 -3899
-2514 -2595
-1888 -4259
4392 1162
4178 -4521
-1461 -2684
1024 4467
-2179 2394
-1729 -1224
-1956 3363
-4325 1309
-1457 -168
-2180 -1498
817 562
1101 -2110
-2883 2672
-1540 2791
-2349 473
1558 3331
-3793 -4186
-441 -2464
-1066 950
-3599 3860
3454 -2556
-4195 -2045
-1239 3535
3077 2500
2592 -462
-4198 4604
3216 -1914
1820 822
54 2791
1034 738
-4327 -4265
951 4423
2316 2680
3090 -1320
-3698 -3747
-107 4614
-2280 1869
3011 4253
-651 3813
-4092 3887
101 4378
2575 -3756
-2960 740
4363 -4669
-2289 -3769
4261 1384
592 -2078
-1176 -3516
997 4266
2602 -10
-693 986
-725 -3920
-109 -1831
-1012 1213
-1527 -3176
3303 3481
624 4675
-889 -457
-2784 1631
2612 -1847
4443 -3067
1628 -3574
4689 -2214
596 1865
-456 -1543
-1664 719
-1971 2803
-3935 497
2468 -2450
-908 -811
401 -981
3945 -783
-554 3563
3137 3410
-742 107
-1857 -1004
-2254 -4069
532 -176
596 -2797
2477 4363
4675 -1332
-4173 -1400
480 -357
3405 -3953
-1419 -1625
1416 3341
-4295 2366
-273 1878
-3832 -477
-2590 -1389
-1859 -3667
-730 -2441
3217 -3835
-1878 -1824
776 -356
497 929
-4687 -1237
1145 1886
-3739 -4523
-707 2041
2332 3354
1417 2780
692 3591
-2235 3394
-3149 -541
1311 395
138 -2386
3660 -4091
3294 2651
-2902 -2576
2936 2980
1904 -675
1081 -3299
-317 -3228
-2238 -1585
4350 -2720
-3692 1490
-520 -349
-4187 -1846
4172 3864
-296 -3464
3820 -1718
-596 -1124
2084 2596
-1277 -3798
-4339 -3272
-4594 4048
1307 -668
4580 1742
3080 1728
-870 2351
2169 535
3622 -630
1443 2975
-2000 -4606
1376 3344
1920 -2646
2218 2178
3899 3084
3320 1532
-2814 3489
-1388 2272
2444 -3835
-3237 4513
-3604 -2986
4523 2020
3367 -831
2977 3008
2522 -1591
2680 -3353
3764 -1582
2978 -4016
-531 4485
-3849 -3136
-2114 -2978
-4394 -1594
4281 270
2597 -3559
325 -2817
-1177 -1273
4261 -1598
2172 -649
-4601 2680
-3123 -2878
3138 2645
2712 3763
442 -4267
-1824 4104
-1369 1351
2838 2216
747 4610
4447 3656
-1950 -4447
2508 3321
-4453 -4689
4323 171
2378 3017
-3251 -1934
2067 -261
3416 -1736
4386 683
3388 2925
-1411 2235
1929 1842
1688 -4146
-563 4188
-3417 1592
2373 -1000
-156 -4091
230 -3216
2004 668
729 -4389
1675 -3598
870 3106
4104 -2323
1327 3090
216 -3013
3 -2729
920 -849
4078 924
4369 558
-649 939
-2271 1747
-364 293
-2838 352
-3060 -1117
1712 -4193
1022 -880
1420 -322
3740 1517
827 -1083
1599 -2830
-2381 -1479
2975 1266
1814 -1483
-3990 -2193
-4373 -3576
-709 4308
-2151 4471
-3732 561
421 -2447
-2848 2033
1873 1360
-3655 406
-411 -3141
3981 2691
2004 -3288
710 2576
-629 3748
-3930 1651
-1445 -2777
-328 -1643
-2614 2281
3883 -3354
2565 1102
2287 -30
-1313 3001
-3678 -3079
297 3070
-4405 59
-3824 -3895
-2181 -3620
3255 1450
2005 -3758
-1461 3372
366 -4075
-4480 -802
-4457 -2109
3226 -3727
-3761 2788
-3359 2392
3852 537
2341 4535
-1012 2766
171 3338
1561 164
-1140 -671
-2181 -2361
1417 3506
1830 -151
3533 2230
-409 -4414
1336 2346
3350 1153
4027 -579
-4547 4590
-1892 2534
-2436 3222
3521 4202
1676 -3453
-1015 -55
-1174 -2738
2814 2351
-2426 138
2843 4234
-3195 2878
-292 -3465
-622 3524
170 -2761
-4065 -2343
-2845 1770
3673 -1201
1957 1935
-1081 -2070
4683 -3320
-3055 4353
-1411 -4695
393 -3547
1079 -2590
4539 -2388
-3531 2325
2856 807
-2093 470
4305 3166
570 -3658
3468 -4242
-2006 3662
2507 883
1369 4143
-3281 2892
2539 -2956
-1419 -2287
-1170 -1312
2692 -336
-2734 -3191
18 -1741
4411 1302
1400 -1945
774 -64
-2738 -3044
2066 -187
3820 2701
-2553 2970
-1212 4213
1892 -3680
3824 2990
2525 -4311
3351 -949
2909 2572
-685 -3749
1821 2530
-4504 3897
3335 572
664 3876
-400 2636
-3632 201
1713 1234
3276 -2402
-3032 3474
-2525 -2014
378 -2134
-2546 3219
-1965 193
2102 1504
-3092 -1032
-2893 2960
2452 -3008
-2674 872
-1447 -1775
-4025 2415
1720 -3469
1453 -334
2986 -4297
-2595 758
-1049 -2598
-4273 -3100
3866 -1402
2844 -83
-1012 4344
2604 3896
-2544 -1935
-2990 2842
2678 1945
1969 301
-2913 -3817
-1820 296
3874 4621
-720 -898
-1175 -337
70 4380
-531 -2701
-1898 -2007
3814 2669
653 1330
-3036 -2903
-1648 1037
-1648 2258
-3942 -698
-3049 -1259
2976 -3918
1874 -1699
-1367 1372
-3900 1099
-688 1350
4029 -2104
-392 -416
2166 4465
-3475 -3788
-318 -351
-3488 3542
-1525 2099
-3890 4604
4132 1303
1111 -2686
4511 1328
325 440
-1070 1415
2320 2620
-3810 -961
-3357 2176
-3994 -3739
1931 -3611
-3106 -1457
-402 2341
-3340 3743
-1068 -3060
4191 -2638
-1183 546
197 -1968
-2041 -3619
2216 14
2703 -2758
3244 -1850
-2456 1792
1887 -563
3064 -4143
-1140 1574
807 -945
-2903 4629
-1543 -2513
-3642 1374
-440 3234
-77 -2930
227 2856
472 -1191
-2051 4641
690 1568
3948 1036
3652 852
3144 -1994
1844 -987
-4104 1926
643 3856
-2529 2566
4357 2978
784 2694
-765 4498
2777 2039
-3064 4159
715 -3116
3433 -3048
2388 -1067
643 -3520
-568 -3735
4034 2109
-4113 4094
-1681 345
751 264
4549 -1488
3786 862
3483 817
1373 537
-19 2889
1265 783
-560 2829
-2782 -2202
-2524 -3913
-2513 -6
-1462 3759
-4609 1010
1071 3385
-12 -4493
4023 -3826
-1935 138
-2143 1467
773 -2576
-2456 3133
2033 36
4048 3354
896 3592
2606 415
3734 -1391
-3165 -1734
-1361 -373
3998 -4094
1822 1504
1961 -971
393 2545
3735 3032
1166 -1209
-1574 863
2869 -594
-1740 4605
-3746 545
-458 -3883
999 1300
2350 -3596
-1021 -4272
4655 3826
3075 3012
3176 -4602
-487 1776
-2531 214
-586 -1827
2837 3253
-4298 -1219
140 -4311
2345 -4677
-58 2684
3211 -4428
-2759 -1265
-4244 1429
-1945 803
-1426 -1914
-2786 4203
1251 -1840
-333 4362
3423 458
3135 -4545
493 4350
3029 2102
3605 -523
-4091 -834
675 882
2782 3619
738 -2242
-2212 -1018
-3239 4106
-2357 -1536
-2001 996
4484 -4105
-11 2920
1367 2372
-3170 -1863
-560 -1961
3752 3338
-829 2678
-971 292
3003 -2507
4652 3771
892 2648
1625 409
-1179 3464
1523 -860
-3187 340
2491 -24
-4337 -3232
967 1547
298 3009
-596 -2344
-3499 1836
3856 1745
-2713 1950
-4192 -3117
-3239 -4475
-3345 -4613
889 4121
685 -2225
4456 4005
1926 3033
-1794 3118
2892 -2499
2033 -1073
369 -3594
1759 -35
-3347 -2629
-2263 -4148
-350 2919
-2680 -1440
-3713 -1520
-2978 -981
1263 -4477
-4164 -3015
-634 -1732
-480 2760
4421 4366
-4660 -1821
846 2729
-2205 -875
269 -3774
-550 94
3302 -3848
3476 -85
-3263 497
-2970 2954
-1103 585
-2871 -788
3833 4201
-2069 -1590
4504 2449
1329 2099
-3805 -3890
-3521 1713
-1252 -4031
-578 3322
3576 -2681
-72 2431
-2565 733
-1887 -663
3005 2502
