-20 37
25 -38
28 -9
-29 40
7 -36
-42 -42
-18 -11
-12 -17
-38 38
-37 -10
-24 -30
15 45
-40 36
0 34
-23 39
-7 -12
30 7
-7 -12
-38 -35
19 -10
12 -21
6 6
3 -43
-31 9
-1 -39
20 -36
-21 -21
-12 5
4 -39
7 13
6 5
-14 9
26 -13
6 21
-27 17
33 49
-5 0
-35 6
7 19
21 40
-37 -41
-45 4
-7 8
-48 18
-26 42
14 -48
31 29
-39 -40
-4 -33
-38 31
24 2
0 26
21 7
-23 -38
8 -2
23 32
-27 19
-44 -15
-45 2
44 -2
-49 5
-14 5
-49 5
-18 -29
27 -41
-18 -3
0 -22
-1 11
-19 11
-6 38
14 -49
-2 -38
-20 43
-20 -9
-21 0
34 -30
19 31
-10 2
25 -4
-39 22
41 -43
14 6
43 -30
0 15
-28 -1
-3 -44
0 21
44 -45
-4 -30
-2 -7
-44 -41
-12 -26
33 -22
-18 -24
15 36
-44 22
-18 31
-48 -17
22 -49
12 39
41 2
42 -18
-5 -6
11 27
-46 26
-23 28
-24 -7
-40 -8
-2 8
13 36
28 -40
0 13
42 44
-38 30
13 45
25 -40
37 6
39 -31
8 -14
-20 -40
-6 20
-14 13
-20 47
22 0
-8 -46
-27 -32
7 43
-48 10
11 -8
-31 9
14 -31
0 44
-19 -40
41 6
-33 -43
-23 -10
-29 26
20 -22
32 -8
4 44
4 -5
38 35
29 -8
-33 -45
42 -34
32 35
-17 -27
-26 -7
-30 29
-22 3
-17 -48
16 32
-12 28
-35 28
25 34
-37 43
2 -23
-27 41
44 28
8 -1
-45 48
-23 4
-3 37
-2 0
11 -29
-7 -9
-45 -42
-36 32
-43 -35
-37 35
-4 -22
-24 14
22 39
25 -18
24 28
-34 16
48 31
21 38
44 -27
-15 45
-27 23
26 -46
-23 -1
21 24
-18 8
28 44
-16 -28
-33 28
-20 -19
-26 41
48 -35
7 34
-41 -49
-46 -36
34 49
1 8
-43 37
8 -14
-11 41
45 39
-33 -23
-28 8
0 23
44 -16
14 37
-18 18
9 -14
-39 -10
18 -44
21 3
31 -39
-29 8
6 18
-16 -29
40 39
-19 18
-46 -48
-43 -44
29 5
-21 9
-43 0
-15 -43
39 14
8 12
-35 0
47 10
21 -2
4 -33
34 -2
-43 -17
-10 -7
30 -39
-23 37
-24 -28
-42 7
-9 -5
12 41
2 22
-28 -24
16 40
-48 -40
-27 7
-2 -37
-36 0
-28 32
-30 24
14 37
40 -5
48 39
-42 12
13 0
-26 35
-15 -13
-27 -9
18 42
-10 42
4 -30
21 -33
-26 -4
37 30
48 29
-3 -23
-37 -43
12 -25
-28 -33
-1 41
-48 30
41 17
6 -15
12 -33
-22 19
39 -13
-16 -5
-3 6
17 32
-46 30
-1 -9
-30 -23
15 20
46 -1
-32 -39
10 -12
48 45
-6 12
15 28
3 25
-34 33
-6 13
-12 17
-8 15
19 -12
9 -17
-17 -19
23 30
-15 48
2 -42
40 48
6 35
26 29
13 11
36 -13
5 -17
-32 -32
15 -44
-28 -43
39 2
-26 -39
29 -30
43 35
-27 37
28 -2
-12 2
-43 25
1 35
4 -20
-10 -27
1 -38
-14 -13
26 5
-38 -39
-6 4
-28 -32
-7 -31
48 -5
-14 -27
6 47
-1 -25
-25 45
-39 -48
43 41
-26 -4
-46 -3
-14 -23
-15 33
42 12
-47 -44
-11 -1
14 6
45 0
18 11
-25 48
13 39
1 -25
34 -25
0 -15
-31 -32
-3 1
-39 36
-23 -13
2 11
5 29
-21 27
-38 6
6 27
17 -1
42 -3
-33 22
30 29
1 43
5 4
-5 34
-24 -18
29 -11
-23 14
-35 8
5 -28
-45 4
22 35
11 48
38 6
0 -28
30 36
-36 -39
12 -2
31 -32
-20 43
10 40
39 9
-23 -14
0 -17
-45 -14
-35 12
-47 39
12 38
-20 33
20 -41
3 17
-18 41
-15 -44
36 45
37 -15
15 -7
-22 -27
29 -22
-39 -48
7 -5
8 -28
13 8
0 -31
-1 -42
15 27
-25 33
-11 -12
-7 -15
-23 -27
16 -23
-46 22
-20 -37
17 -34
-25 -30
25 -1
27 9
13 37
38 42
-40 -46
-45 -43
-20 43
-47 46
35 -37
-7 -31
37 24
-38 -2
-14 -37
7 25
7 -34
33 17
-43 29
26 21
-33 10
-14 -19
12 17
0 -45
-39 -41
-24 21
27 -37
-3 13
-31 -33
39 -44
38 28
-5 -22
-38 15
5 8
38 14
37 5
-6 30
-2 -38
43 -14
-41 -45
23 -43
0 -30
-35 -20
-10 -28
-45 20
-19 -13
-47 -5
8 43
38 -44
-42 22
20 -19
0 0
-11 39
-27 15
44 -30
28 4
-17 -10
17 -17
-2 31
33 -32
-34 22
1 -1
-23 31
28 -8
-19 49
-22 -3
22 32
34 8
-20 -15
-46 3
45 -37
-14 -20
-4 -25
-41 -38
-4 44
3 -37
-15 -6
47 -22
-39 -37
10 -20
-31 44
-43 7
-42 -3
32 21
18 -41
36 -7
-31 -34
10 -11
-13 4
47 -35
29 -36
40 44
-37 37
-26 13
-27 -44
-26 28
5 41
-11 -13
-17 -10
-21 -23
-3 -42
5 38
12 40
40 14
-6 -7
-39 -22
-15 -23
33 40
-8 -36
33 -37
42 32
12 17
30 7
6 -46
-29 13
-3 27
-13 -32
-5 14
-41 -18
40 -38
36 39
21 18
-3 -20
33 -41
11 34
12 20
33 11
43 3
47 -2
30 -21
13 -23
18 -48
1 -29
-26 42
-2 18
13 49
18 19
18 -42
19 -48
-22 -47
38 39
-31 32
29 -33
-41 -33
-13 10
-49 -31
44 33
-18 -24
-4 -15
-41 -29
-10 43
17 14
44 0
43 -31
4 -34
-45 8
13 -13
8 19
-38 17
21 -17
-12 -30
29 -20
-10 -42
42 25
-30 17
45 -41
42 -43
23 46
-32 -13
-35 -2
20 19
-18 -37
-16 31
-15 36
41 42
-22 19
11 22
34 -46
41 33
30 6
16 -42
-25 1
20 47
-12 43
-38 -21
9 -29
-16 -8
11 39
4 23
18 -48
41 14
-3 -45
-28 -25
-11 -22
-41 -21
9 3
-13 -18
11 -33
-28 -10
-44 0
19 -30
-8 9
24 23
-27 17
-32 -27
-49 -48
-21 -34
29 24
-8 36
-48 -29
-10 -14
-19 9
-24 -14
-36 -34
-12 -28
-15 10
-29 -39
44 -15
-24 24
16 15
-47 -45
11 -30
36 -22
5 -8
-4 7
23 0
26 -9
-4 -24
41 -48
9 46
-17 43
0 7
31 0
-6 -10
-20 7
6 9
6 26
19 45
10 -11
39 44
9 -22
-21 7
-25 -29
5 -11
45 28
-35 7
-2 -5
-29 15
-25 -46
44 36
29 42
24 -24
44 -20
7 0
-26 36
-25 16
1 -42
10 -16
-45 -39
31 -24
15 39
-37 44
36 -48
2 35
25 -13
4 -16
31 39
2 46
-19 8
-33 45
-29 20
42 29
36 27
21 42
27 -4
-44 25
38 25
-28 16
15 6
-24 -44
-13 -8
19 -17
-11 -45
-18 8
-22 9
19 10
36 -10
-43 -30
-36 23
19 39
45 -13
45 48
-27 -6
23 38
48 -33
-10 -19
-20 21
43 -47
16 23
-10 11
26 0
25 0
41 -47
22 -22
23 33
-47 7
21 7
-4 46
-7 11
-21 0
-45 29
39 -4
23 -41
30 -20
-19 15
-43 12
48 -25
-6 -26
-43 18
-23 -27
-17 30
-39 17
35 17
2 19
-49 12
9 4
-19 -16
22 40
21 5
-49 38
-45 16
40 34
25 -34
36 48
-49 -39
-46 0
-8 25
-46 -38
-44 7
-48 -9
-33 31
14 43
-31 31
-45 30
-6 0
32 45
12 36
-11 -36
48 47
45 34
3 3
-31 -4
-27 44
19 -28
-13 -34
44 -42
49 -35
48 -18
27 46
31 -24
15 -43
28 29
35 41
18 -45
-1 -38
-17 -16
-43 34
38 -10
23 34
-47 48
48 -26
43 -28
28 -44
-10 -19
44 41
0 -47
-8 35
12 30
-44 7
24 -20
48 -44
9 -24
-25 42
16 21
-44 -10
4 27
-27 22
34 37
25 2
17 37
11 -27
-42 -23
-46 30
-12 25
12 6
13 -14
-8 -38
30 18
43 -17
-45 -13
-49 4
-31 -34
29 -35
32 44
44 -3
32 -45
-13 -36
-13 16
-19 -15
34 -23
41 9
-40 -12
-7 -5
-28 -17
-13 -37
-3 11
48 -41
-20 47
-24 -24
-7 12
-17 -21
-17 33
-28 -40
-5 27
47 33
-22 3
-10 19
-12 -17
-31 -32
-28 -47
8 -45
-11 42
49 10
49 28
29 49
-41 -25
-25 24
30 -11
15 -2
0 6
-5 -28
-23 -12
48 29
-21 -11
-10 47
13 9
-34 36
18 -26
-43 35
12 -6
-28 21
36 -25
-42 -42
38 -7
-47 9
27 -23
21 39
39 -13
18 1
8 8
4 22
-36 35
-45 -47
-20 -14
27 -26
14 41
-31 9
-17 -3
-41 -19
-24 44
-48 49
37 -1
16 45
-28 -7
-5 -22
-3 22
0 0
-47 44
37 0
-38 23
-37 8
9 -2
24 -14
28 19
13 37
-45 -38
0 39
-25 -2
-2 3
35 2
-18 5
-3 -1
-28 31
-30 35
-19 49
-39 -12
14 -24
-5 -46
-48 -34
23 -12
7 -3
-4 -3
8 48
46 28
-18 0
49 14
27 1
0 34
30 -44
-16 -24
21 -30
20 -45
18 -16
-40 23
-24 33
8 17
34 -38
7 -19
44 -4
26 -44
-11 -18
-2 -43
-12 28
-35 23
32 -26
-1 2
-30 3
-2 27
-44 -24
-29 33
-46 -15
4 25
-4 7
3 -8
-14 -33
-27 -40
-44 -22
-22 30
13 4
-16 40
24 46
17 -42
16 49
44 1
33 0
-27 33
32 -8
39 -23
9 35
30 45
0 -26
-11 -25
-9 39
-36 -7
-39 32
-44 -40
30 18
48 36
-16 -25
30 -38
0 25
17 30
14 1
-12 -38
-48 -33
35 15
-44 25
-7 42
35 0
0 43
31 -42
-1 -7
48 -41
23 -25
-7 -43
-24 4
-30 -46
21 -46
-36 -43
45 4
25 42
46 -25
47 31
22 0
-28 -24
18 -39
32 -47
-17 -46
-19 42
45 48
-47 39
15 -16
-9 -13
42 40
26 32
20 -18
47 -34
-11 -38
-42 23
-40 -13
34 -27
-20 42
-37 18
-13 46
-13 40
-33 7
-15 30
-8 -21
25 -1
-16 43
-15 14
-45 -20
-37 -42
12 -25
29 7
-17 -28
-36 32
38 -16
28 21
-23 -15
-40 44
-17 30
-37 5
-36 -6
-41 42
26 -28
26 -11
-29 -30
-11 43
-35 -9
-16 40
41 20
-27 1
38 -26
-21 44
20 24
30 18
-44 2
-19 -47
46 -23
32 -24
-19 -47
-48 -41
37 12
-23 -34
-39 5
38 30
-39 -23
49 14
26 19
-35 -23
17 33
-3 -38
-37 20
49 30
-19 -36
8 17
-34 13
-11 -5
-29 -18
5 9
8 3
-24 -39
-35 -35
-27 16
-3 -1
32 9
-47 -19
-30 16
-27 29
12 -39
11 -46
45 23
15 -3
-48 0
49 17
-4 -24
36 48
10 41
25 29
-40 0
-45 28
32 -19
-18 47
-37 -17
39 -32
-10 34
10 0
14 -8
9 -4
10 3
-40 2
46 -47
-46 1
9 -14
48 -10
42 -23
14 -31
-44 20
42 -30
-18 -30
25 -45
46 -39
12 35
29 -8
20 15
-7 -14
-31 -31
8 37
40 -33
12 7
-37 25
-42 -38
8 40
-5 38
-19 3
-36 -33
-44 -5
-13 17
-24 14
6 14
3 -39
6 12
17 17
-34 -39
-44 -45
-8 49
-45 -15
-27 -5
34 -16
37 29
10 11
23 39
-19 3
-26 48
-25 -14
-48 -41
-8 42
-7 15
41 -24
-44 -44
-29 -22
34 33
14 14
32 -21
21 19
-28 6
0 -21
31 -44
-15 -31
-32 -26
13 -14
-36 23
30 22
-2 -22
13 -27
10 34
36 -34
45 34
18 24
25 46
20 -38
26 -45
-28 -45
20 28
4 25
1 22
-37 -36
-26 47
30 -31
-25 -43
16 41
20 5
-38 11
-19 -16
23 -36
-10 -47
20 28
33 15
41 11
9 -6
-25 -35
-30 7
22 24
2 -43
48 41
4 28
39 46
21 3
27 36
1 -10
-2 34
23 -11
-4 1
13 -8
-26 42
-40 0
7 -39
46 0
16 0
42 42
-11 8
-48 -42
-6 33
17 -48
22 -16
-41 -5
-29 21
41 25
-35 -6
-8 -19
-35 -30
49 38
-16 29
31 -49
0 44
-30 -29
34 -20
33 -11
-41 10
14 43
4 35
-6 42
7 -46
39 -23
-11 -49
27 30
46 -16
-21 -12
-18 6
17 27
0 -45
-22 2
2 -33
22 -33
-45 46
-11 -42
-16 -45
-27 -11
15 -14
-2 -7
-15 -25
-12 21
24 13
-2 -17
22 -48
-15 -23
-18 19
33 -43
22 -27
-29 -16
36 -1
-25 -10
34 -42
42 15
-36 4
-7 -24
-30 -28
23 -27
33 10
-43 16
42 -20
15 8
34 -13
-34 -22
38 2
-40 44
12 -33
-15 9
31 0
10 -6
38 -32
-44 20
25 26
-12 -26
16 -34
-12 -38
-4 19
43 15
-14 -41
-29 -48
44 -4
-27 -35
-9 -31
46 -48
10 -3
-48 44
21 -43
33 -18
-6 3
-28 43
38 48
4 16
-28 -12
17 5
41 16
48 24
31 -5
-1 -16
47 42
-33 22
-47 -29
37 -45
-16 -39
-8 -39
-12 -33
-33 7
13 -27
31 -23
44 -3
-2 -29
-49 -36
-39 -39
-26 24
-45 17
25 -27
24 33
-3 8
-5 -9
19 -11
35 30
39 31
-48 10
-35 -17
-43 36
49 -13
-29 -33
-12 -3
13 21
26 9
33 20
-49 44
-14 -36
-26 -34
-15 -45
-7 0
-47 -33
-36 38
5 42
6 -28
8 6
-19 -20
-1 33
-24 0
-27 -32
-39 6
-17 -16
-23 19
43 44
-33 -24
8 -41
16 -37
-11 20
-49 -48
41 -1
-48 20
-40 -36
8 -43
-18 31
17 -28
-11 -12
16 -34
1 -47
-41 35
-16 -33
-1 -6
40 23
-47 34
41 6
-17 -18
-23 -38
46 -41
-43 22
34 -33
-45 1
-36 -39
-38 -47
-19 20
-35 -28
45 38
-27 17
42 -29
-18 9
35 -20
-13 22
-23 35
8 5
23 -40
-33 34
-37 -43
6 -43
0 46
25 -7
-10 -2
-22 -46
1 32
-23 41
-43 37
41 -40
29 -10
17 -14
-49 -8
37 30
-13 -49
-37 7
-6 23
19 -9
-38 30
-46 5
-35 49
41 -25
49 -47
0 23
42 28
45 -19
0 -47
20 0
14 -4
-2 17
20 -46
21 -44
-47 -1
43 22
-31 -45
-2 -21
-38 23
-36 -9
40 -25
48 -1
35 21
-37 40
18 31
-25 -48
-10 -11
21 9
19 -48
-45 -31
37 49
-17 -47
-3 -47
39 45
49 40
-25 -14
-47 35
25 -12
12 6
-33 -3
-18 -29
-32 20
46 -46
25 21
47 -25
-43 13
-12 10
21 -44
-41 16
-15 -31
21 10
-19 37
6 -10
40 -42
27 -22
10 43
-27 34
43 21
-21 -13
26 -29
19 19
-10 -46
-13 40
-38 -9
23 -3
-36 34
13 -29
39 13
13 -17
-44 5
-27 -48
36 -10
31 -38
-20 -25
-15 1
-28 29
10 -15
-19 -4
-16 0
-6 40
-49 14
-31 -10
-28 40
-42 -8
44 -44
44 -31
-35 10
7 -42
-44 47
-24 -10
-6 -49
6 13
-15 34
48 -34
39 -41
-10 -25
-40 19
14 -9
17 16
15 0
22 -27
-11 -42
-45 -33
-40 9
28 -40
-20 -11
5 -27
-37 -16
-42 -5
-35 3
4 21
22 35
11 -49
20 -15
-33 -25
20 -10
49 -28
-11 20
-35 -38
-11 0
-29 -40
34 42
-47 -30
-36 -19
-25 -41
21 -16
11 -8
8 -44
29 36
19 8
45 15
-22 29
42 38
7 23
46 -24
49 45
16 -28
47 42
-2 2
-30 -20
20 33
41 -33
3 42
-23 -9
32 16
-6 25
-43 19
-10 23
12 17
33 -36
-30 -22
-9 31
11 -39
-11 -17
48 19
35 -26
-47 3
2 -30
-21 27
-39 -15
3 -17
30 -29
47 35
-16 -46
-48 29
-29 2
28 -12
11 35
45 41
11 -14
-1 -1
-2 -21
-45 15
-10 -38
-35 7
17 -40
-27 -43
10 35
24 -6
-39 -46
-42 27
-42 24
-16 -26
40 -24
-2 14
0 35
-4 27
-11 -33
25 0
-22 -8
15 10
-24 24
36 -21
14 -33
-23 37
-31 -1
-21 -25
2 24
16 -34
43 -11
13 18
39 -49
33 0
-26 22
-19 2
26 26
39 6
-6 19
-4 35
-42 -1
30 -8
3 28
-17 46
-47 15
19 0
49 27
12 19
14 -30
-30 41
9 25
-13 -42
16 35
38 14
-36 -29
14 0
48 4
32 41
33 -13
-47 -45
-16 -33
2 -10
15 -6
5 17
30 -30
-37 -48
37 -45
22 -29
-2 -24
-8 36
24 -16
15 3
-25 -23
48 -49
49 -4
3 2
12 -41
33 9
0 -23
-47 -23
-42 9
46 -10
-8 21
-45 35
-34 22
44 4
6 -41
-11 36
7 30
0 -6
37 47
33 -38
40 -29
-5 23
-29 39
33 -10
4 -8
14 -38
36 28
-48 -24
-31 14
37 -29
-1 19
33 -37
43 28
11 17
-19 23
-11 -28
19 -6
-30 18
37 15
-42 -46
15 -43
42 -47
30 46
12 4
33 24
-48 2
45 -12
19 -33
-45 41
-7 29
-16 37
-40 -31
39 -42
-44 -20
8 31
-19 -14
-8 -4
28 -28
11 25
24 20
16 -41
-17 22
-38 -38
-20 28
-19 21
45 9
22 9
3 37
43 -1
-1 -22
-34 -38
-39 49
35 -3
-41 25
10 26
-49 15
-14 -22
40 -45
-23 32
17 15
32 5
-10 43
17 -47
-13 -8
-27 41
49 -13
-22 1
35 21
25 5
0 20
-11 -24
27 19
18 45
-31 11
3 26
-46 2
27 48
18 -13
35 0
-45 -32
25 6
-41 31
26 -30
21 -34
9 22
17 -16
-2 44
7 -37
33 0
-5 -4
34 -39
-17 21
-47 -29
-20 -49
12 45
26 -40
-47 48
-23 -48
-32 30
40 46
30 11
15 11
-29 -35
9 -36
41 -47
6 29
-44 35
-34 30
42 42
-25 12
2 9
20 -32
-29 14
-3 -7
4 47
-27 -37
-31 47
4 48
31 48
8 47
25 6
42 13
-9 44
43 6
-9 -15
-2 -46
-41 40
-10 -24
1 29
14 27
0 -42
28 4
16 -21
-5 -21
30 -43
33 -14
38 11
24 4
-26 19
-23 -26
-14 -4
-22 20
22 27
1 -45
40 5
10 -1
5 -27
-44 35
-27 19
9 -45
10 -29
8 -47
37 26
-4 19
38 -17
3 38
-31 9
-30 9
-40 48
25 -12
41 -22
-37 -18
16 1
-38 3
-33 -33
33 45
-6 6
5 26
31 25
3 -30
36 43
38 -29
17 -29
-49 -19
-1 39
-43 21
39 -37
-15 -16
-46 6
-35 -28
0 37
-30 12
-9 42
30 -3
-36 15
-10 8
-15 8
-24 -6
-44 39
-47 -6
17 -14
-38 47
-15 43
-20 -44
-30 -27
-26 -21
27 42
41 2
38 -23
25 3
8 -16
19 23
29 18
35 6
-14 19
16 -33
31 44
44 -1
10 -17
34 40
-19 11
-13 20
41 -30
3 -22
-32 9
7 6
5 -26
26 27
43 12
23 29
48 12
-28 -34
26 -14
47 -18
24 -49
23 35
17 -12
14 -40
2 2
-15 -38
-19 -48
22 -29
9 -23
-13 1
41 17
24 -23
12 -2
39 16
5 -35
-36 24
21 -7
48 -11
14 -33
38 -42
-16 -37
-42 13
-27 49
25 -17
-33 -39
15 40
23 -44
8 45
-27 30
-35 37
-36 15
-9 -43
27 8
-4 14
9 -9
-17 35
40 -22
25 28
-35 -47
-6 -11
20 11
-7 38
47 -9
-24 48
-8 -21
-33 3
-13 -32
-6 9
-40 -33
24 38
-24 -19
14 -47
8 -33
45 -41
-36 -14
-43 -37
38 11
9 -7
19 -17
20 49
-39 -30
20 33
-22 -6
2 42
21 34
-23 -38
-20 -38
-26 19
25 -40
-36 -34
-44 -41
-48 -10
-36 30
42 34
10 -18
14 36
-23 -28
-36 0
4 -24
34 -1
17 42
13 -43
-40 11
20 29
-22 40
-13 -8
12 0
8 -13
-7 -47
-48 -19
2 38
26 22
-44 0
21 -36
-20 3
34 -22
-9 -36
-27 -15
34 38
16 17
-29 8
-26 -41
30 13
-42 39
-16 21
1 19
-40 43
-41 -40
-33 38
-37 39
-49 -12
49 41
-11 31
-41 34
33 -20
18 40
26 -24
-49 -5
-3 -42
-40 -34
-25 15
11 12
13 -11
8 -12
-8 0
-19 -18
35 10
21 37
-42 -33
-49 -4
-49 27
13 -10
4 -25
-47 -19
-32 -49
-32 8
44 39
29 23
-9 -45
-38 7
6 3
-3 -9
-35 -11
5 -44
-46 41
37 48
25 -18
-35 22
-48 8
-6 24
-8 10
2 45
-12 -45
28 -23
48 27
2 -28
-8 -26
-11 -44
-43 -24
20 0
-15 -36
-18 -20
-45 22
-13 19
-33 8
-46 -39
36 1
-31 33
17 18
28 34
-49 31
-46 10
-33 -24
44 12
23 -29
11 -5
-24 -12
1 30
14 12
-49 -30
4 34
0 -27
-40 22
-18 -28
-8 -38
49 6
-45 -2
41 -25
-48 -37
45 31
-12 -27
-47 8
-43 44
-17 -41
23 20
9 -22
-7 -18
28 45
-10 13
24 -13
-29 -14
-21 -27
32 47
-18 4
44 -40
-32 28
38 44
-39 8
-15 9
14 32
20 -26
46 -4
-19 27
27 35
41 -17
36 -45
-12 -17
-28 46
16 8
-4 30
36 -36
10 0
0 5
44 37
-24 -21
-47 -46
-30 32
-44 -13
10 -3
-27 -30
-47 -31
11 34
-40 -17
-21 49
-36 49
48 -9
44 -25
-46 -12
38 -43
-28 14
-25 -13
0 -9
-4 -7
39 1
11 -48
41 -25
46 17
40 38
10 30
-15 18
-49 45
12 -21
-31 46
35 -38
-18 18
-34 -36
46 34
19 -44
33 6
35 -9
25 9
-41 17
16 -6
-38 13
22 -23
-9 35
-5 -33
-45 9
-22 -32
-42 32
-32 6
25 -38
-10 -44
-26 -8
15 38
-28 37
-48 -19
-41 -12
42 9
45 -35
18 4
6 -16
-7 -10
-44 23
18 -35
10 -10
25 18
-27 21
-23 -5
-23 -9
-26 36
37 15
17 38
-19 -9
25 -19
2 -13
-37 -23
-23 27
-5 35
40 0
47 30
37 -38
-31 -39
14 -7
18 22
-11 38
-29 36
-12 -26
-25 8
-13 -28
49 12
15 36
-13 4
28 14
-9 33
49 6
-5 -23
1 1
24 -15
46 -18
-43 -31
21 -19
-42 -17
-31 39
23 -15
-1 -29
-29 0
-3 14
46 49
42 11
37 9
22 -31
41 13
1 0
-20 -34
-28 14
-21 -19
-23 16
-45 -16
-31 -39
-42 -29
-32 -11
25 -33
-27 -13
-5 43
-46 -45
-6 -4
16 -34
35 -44
-7 20
-41 -11
38 4
-43 11
2 14
-46 -15
-5 -44
35 45
-30 -10
-24 16
-13 17
-9 36
-26 30
-4 -25
40 -47
21 44
44 -39
21 -29
20 -38
15 26
-15 -41
-45 -33
-24 0
-21 -44
14 28
-38 16
37 40
19 -31
37 -14
43 35
20 5
0 10
22 39
-12 6
3 13
17 40
-46 10
17 -23
-16 36
-11 30
-2 -6
-5 4
30 44
-47 -31
-19 49
28 -32
-9 -10
14 42
-10 10
-11 36
11 -37
-14 -24
21 9
44 -25
-9 4
0 22
-44 -16
-31 21
-33 -13
22 -26
31 -4
-34 -29
3 -40
-42 -1
34 -7
39 38
47 -42
36 46
40 -16
-12 7
42 3
48 -23
-30 5
-3 -34
44 35
23 -20
38 19
-26 -8
-27 -22
4 31
28 37
40 -46
-35 3
-48 -26
-8 -4
-24 14
-42 -29
-33 16
-28 2
-28 -23
-2 35
44 12
18 43
-41 -9
31 -40
-22 41
5 14
2 21
-37 -21
-37 12
-5 9
-25 48
-41 -8
6 -34
-4 -4
-42 41
45 -8
16 25
26 46
39 27
26 46
22 -41
-35 18
-6 -42
5 -4
-28 19
41 -15
-35 29
19 36
-11 -16
38 -36
-2 25
-15 -9
-5 20
-42 21
-14 -25
28 -2
23 41
-3 10
16 43
-28 -25
-13 30
-39 -9
48 16
43 12
-30 37
-46 40
-45 31
-12 34
-42 -2
-32 -47
-8 -44
-25 17
34 10
47 -21
7 46
14 42
-9 -24
-2 -44
-16 13
-36 -47
39 -12
-31 39
-31 -23
42 10
39 25
22 24
-35 7
25 -6
39 -3
-13 21
-38 -36
-32 -33
28 12
30 24
34 -13
-30 20
47 6
24 -1
-48 6
5 -22
-22 40
-28 46
48 -32
-38 -25
35 25
21 -37
-18 -6
-42 0
27 -15
5 -36
-43 24
-40 46
42 22
47 -39
-9 18
-12 -20
-4 -34
43 14
-39 -9
-8 -39
44 16
17 -14
-48 25
-46 -35
31 10
-8 -34
0 6
13 -17
47 -20
36 -34
-7 26
-43 -11
1 -36
-25 -13
-33 -18
-4 26
40 12
-39 -3
39 -36
34 48
-28 -13
-25 4
44 5
0 -12
-40 33
-18 -19
42 36
-24 -34
19 3
48 -12
-28 -36
-15 -31
19 36
30 9
20 -29
-15 35
-48 30
-40 -7
47 13
-4 37
-36 -32
5 45
-8 -43
-43 -44
40 -38
-20 44
37 -39
-10 -25
-27 -34
10 -43
25 31
14 -44
-32 32
14 -18
35 -7
41 -45
-13 28
31 46
-29 27
45 -6
0 41
2 35
26 15
-19 16
1 37
12 29
17 -43
5 -37
47 48
24 -26
0 49
18 -32
-34 2
-26 15
25 -20
26 -46
-20 25
-1 -25
-28 25
0 -24
-47 -21
31 33
-10 -6
-19 38
12 1
-19 -30
39 37
46 -3
42 -5
-43 -42
-21 14
-42 6
41 41
45 15
-31 3
27 -12
-27 -43
29 -18
-6 -24
-3 16
-28 24
-11 33
2 -20
12 -41
-8 -44
-47 -7
19 13
27 11
-27 -36
-10 -20
-5 -28
-31 10
-5 -39
35 -2
-15 -13
-32 36
37 15
7 -16
-21 19
22 4
-42 14
-46 37
13 -34
35 31
-32 34
40 13
-49 -32
-28 23
47 4
-23 -38
-2 -38
8 19
-38 21
7 15
0 1
-26 -28
37 49
-39 -3
42 28
3 -28
29 11
0 -28
33 -13
-36 47
-8 -45
29 -36
49 0
4 -28
6 -45
-42 39
-27 -37
-38 -27
-33 -20
0 -6
-36 5
5 46
0 40
7 12
25 43
11 -11
-27 -16
7 -4
-40 14
7 9
30 18
33 -48
34 -32
1 1
49 -22
-31 16
-2 -40
25 -36
8 -48
9 41
12 -39
18 10
10 -49
-45 -41
4 -4
-46 14
4 -25
-44 24
34 -49
-16 -32
-1 11
-5 -9
41 34
39 45
-45 -17
-34 -45
31 -17
29 30
6 0
-16 3
-11 10
12 7
-44 24
-49 26
38 -3
45 -49
11 13
34 -21
8 24
25 -35
5 26
-36 26
36 8
-25 40
-22 0
25 -12
43 19
-47 -47
26 19
33 -38
-39 40
-23 -11
-33 -29
-8 5
-17 42
-7 6
29 2
-25 9
-8 -35
33 -48
17 -17
12 -35
-43 21
38 -16
-28 -1
20 40
18 -8
40 -14
40 35
-49 7
13 38
42 -35
45 -44
21 -31
-10 -19
21 -34
-24 34
-23 -5
18 21
-47 -45
-31 42
-33 -28
18 -15
33 40
-40 -24
-49 4
27 23
47 -49
0 -22
-21 36
-3 13
4 -28
-29 -6
-13 -17
-3 27
36 19
-40 -37
21 -20
-47 -46
-48 10
-29 33
-24 -1
-41 30
-38 35
-26 -47
-6 -10
18 -20
36 -35
25 -19
-4 36
35 -33
-37 33
19 13
19 44
40 36
-1 -7
34 19
-29 0
18 -5
-49 14
4 33
38 -44
-1 16
26 -6
22 -49
24 -45
-15 31
31 -22
40 18
-12 -23
-24 -2
9 29
-49 29
-16 -25
-19 -41
-48 -4
45 35
-19 46
29 -22
24 31
-11 -27
-32 38
43 -48
-11 15
-48 41
-17 1
12 -23
3 47
2 -17
33 20
-9 7
-44 14
37 -37
-19 8
2 35
36 -29
6 35
14 30
39 -18
-31 -33
-40 -38
-49 -18
-28 -31
-41 10
29 -7
0 -38
5 23
12 -26
17 -49
16 6
-27 28
-36 44
45 -27
15 -29
25 25
-29 7
10 -10
14 -40
-33 20
11 7
22 -48
44 -24
-43 -32
-34 8
39 40
33 27
-45 21
-38 -28
26 17
-48 -13
5 -20
48 2
-15 -1
-19 22
-34 -41
-11 -44
48 -46
46 43
33 -12
7 -25
35 -21
11 8
39 -9
36 27
-3 -17
43 3
-13 -1
30 -45
6 -13
-19 0
-31 38
-46 37
-6 30
-27 21
1 48
-32 -34
-12 36
-30 -3
37 37
-44 42
47 -38
-20 -16
48 -3
-31 -18
-8 -40
26 -24
14 20
-16 -39
34 22
-27 38
34 -10
11 48
32 -41
-14 25
47 30
-16 18
44 -38
-29 -19
48 -38
4 15
3 45
-1 34
11 -29
-26 34
40 -37
-10 24
-24 7
-18 30
-12 34
44 21
-47 -34
47 -20
-13 49
30 36
42 -3
-32 37
-45 20
-44 27
-6 -16
-42 -14
-12 1
6 -43
32 -41
46 49
8 -1
14 36
34 -47
30 35
-8 40
-22 -18
37 -1
-9 21
11 -20
-27 -32
3 38
-33 -12
9 39
12 31
-20 -1
-7 -11
-38 47
40 -4
19 29
-23 -12
1 -7
-32 -20
-36 43
-38 15
42 11
-2 42
-5 -30
-3 19
-29 1
-7 -31
3 30
24 11
30 -7
-29 -12
46 2
37 40
24 39
44 -13
-23 8
-13 44
-22 15
38 -37
-36 -31
18 -49
-43 21
44 30
-41 -6
0 31
41 30
3 -39
-38 5
33 -48
-16 46
24 33
-20 18
-11 32
2 35
-21 25
7 9
-1 44
2 -39
25 -27
-40 -35
-13 2
18 38
-39 -39
32 -8
39 3
9 -17
-5 43
-25 13
27 -38
-27 13
4 10
4 0
-48 0
36 49
14 18
-8 -6
47 25
-41 0
-14 -22
-2 40
2 -2
45 30
45 -34
38 41
44 43
-46 -15
-28 -5
17 -43
15 1
49 -45
2 -42
45 -42
46 -1
36 48
-32 34
29 5
-19 -25
-17 11
28 35
18 -20
32 22
-12 -21
-12 -6
29 4
-42 7
-3 -34
16 -32
-16 44
-23 -28
33 44
-12 -11
32 -33
3 -38
16 40
27 -37
-37 -22
30 7
-19 -43
26 36
-4 3
-6 -43
12 16
-46 -31
24 -39
26 45
-13 -31
-7 -41
-42 25
-37 41
35 4
-27 41
-36 29
41 14
20 -24
-41 -49
23 0
43 1
-34 23
-46 -9
-45 -42
-43 -23
-31 47
-4 -15
48 16
27 -48
27 -35
-40 -10
36 -38
-15 -45
18 -33
17 -17
-16 1
10 -32
21 -47
-11 -24
-31 -5
5 26
-7 -4
-5 7
9 42
-20 1
13 -11
14 6
20 -40
-44 26
-31 49
-19 41
36 -28
-26 35
44 7
-22 3
30 17
28 16
36 -4
23 -28
-3 41
-18 19
6 0
-36 -38
-1 7
30 -48
46 -35
-16 -34
-9 -32
22 48
20 -47
32 36
-43 -34
49 25
-2 -11
27 -42
39 -29
-38 23
-1 -40
44 4
-47 -42
-21 17
16 37
-49 16
-17 -22
4 49
0 46
25 -2
33 3
47 0
-28 0
-43 34
-17 22
29 18
-34 -33
33 4
33 25
14 -36
-20 -44
-36 -7
-17 7
0 34
-33 12
-26 -36
-46 -21
-38 -4
-47 -14
-10 43
-43 -36
13 14
5 -7
-1 6
-37 11
-40 -22
31 -14
39 -22
25 -27
28 39
45 29
-34 -3
-25 3
24 38
-38 6
-14 2
-35 -8
28 -24
-5 26
-19 23
-42 39
45 24
-42 5
45 4
-31 29
-30 47
12 45
-3 -12
11 -41
17 21
2 23
-46 31
11 31
-40 -12
-27 -38
-3 43
-18 32
29 -1
47 -35
32 48
-29 21
17 22
46 22
36 31
43 29
-40 9
36 18
-47 15
38 42
-23 -45
49 -6
-30 -32
15 1
38 0
34 -32
-1 45
-1 -41
-44 -34
1 0
25 26
-45 -41
7 -12
-14 45
15 -20
-6 -42
-23 21
46 -47
-16 -26
-36 -32
44 38
-37 -15
-29 36
-43 13
-41 1
0 -15
-13 -1
-5 32
-7 20
-39 3
-7 -7
29 47
44 19
44 -44
-39 -3
-31 6
-47 -43
-26 -10
19 29
46 -48
18 -16
-43 -28
-31 48
-30 -17
-23 43
14 26
30 3
14 9
43 34
-21 -17
-31 46
-27 15
26 -15
25 12
-9 -1
44 -20
-4 29
25 -19
13 27
46 21
35 -21
21 16
-32 -8
-16 -22
25 5
40 -15
48 42
-17 10
31 19
31 33
-30 0
7 17
-2 -19
-27 24
-48 37
0 -3
-34 -31
-24 -19
-43 47
2 -39
-25 43
15 9
-29 -27
-23 41
3 22
26 -15
-34 11
8 6
-25 -20
-34 0
10 -49
-35 -26
17 -49
22 12
13 -19
-39 8
-33 -21
38 -43
9 -18
23 41
45 47
-43 -8
19 2
-15 27
-49 -14
4 2
-35 -38
32 43
-47 37
12 -18
-7 44
-7 -1
-36 31
-15 -46
-47 -16
35 -7
49 -3
-8 26
45 29
27 -45
-24 4
-36 -30
-1 -38
-43 -46
24 35
-25 -38
-20 -1
18 47
19 6
-31 -36
31 -4
43 20
34 -7
-28 0
-14 47
-19 31
-3 45
-38 44
0 35
-7 -36
-8 -14
21 -25
19 -17
16 49
25 14
-10 10
-31 0
-6 15
24 -17
-32 -35
-1 -42
-24 -29
-36 7
-37 -28
-25 -12
-40 29
40 24
-19 -35
-35 25
10 40
-29 19
-18 33
-35 36
-25 -25
41 -32
-28 -46
-28 -27
-12 -21
-47 -14
-6 5
-8 -11
28 6
-46 -22
39 -3
43 -27
-5 -13
32 6
0 -33
-2 1
-32 -28
19 48
14 42
-47 12
12 6
19 5
-6 -41
47 -48
33 -14
-14 -30
32 -27
-35 44
-27 -7
-9 -19
36 40
-44 -4
19 -48
-40 11
7 27
12 15
-21 26
-24 -19
-16 -35
-41 28
8 46
-28 -31
36 -12
33 13
25 47
-38 -16
42 13
-11 -17
41 49
-9 21
1 40
31 -9
-27 31
-12 -3
-34 -31
-19 36
-48 41
-40 47
1 -4
7 10
11 -20
-30 46
-2 24
-9 -30
37 37
-28 -44
-16 -16
10 -26
-1 -39
6 16
40 45
46 7
8 1
-28 -26
4 8
-37 -44
-22 -47
27 -47
-12 -30
1 27
-48 -12
5 -47
-11 -13
2 30
-41 -49
14 20
-41 40
33 -43
-11 -34
-18 25
24 22
-2 12
3 -30
-41 39
16 6
37 20
42 -28
-11 -11
42 -6
-21 -29
-44 8
5 -42
-13 33
-38 -11
0 42
23 30
48 -41
-49 -30
-24 17
28 14
42 -13
45 -28
-16 -20
-21 -16
25 -27
10 -14
29 17
-13 32
10 31
0 16
13 -10
28 29
-3 39
-47 42
-24 30
13 4
32 2
-17 47
-12 -37
-9 22
-38 -48
-18 23
8 -42
-1 12
49 -14
18 11
46 18
-23 -32
-21 -14
0 8
0 -28
-13 27
46 -28
19 -31
-42 0
16 12
35 -25
22 -20
-7 -43
-25 -38
10 29
48 -20
-20 28
-18 5
-35 37
49 -41
2 -46
31 -15
-47 38
-26 48
-41 0
-29 -42
35 -9
-27 10
-40 -32
10 -2
-47 49
-22 -43
-10 -37
0 -34
-1 4
43 -22
-33 -29
-15 -18
-45 2
-43 -47
20 13
-42 -40
12 -39
-34 -19
-5 -32
-28 -20
-11 -27
-33 35
15 -10
-39 -10
14 36
-41 -49
-5 -35
-6 -23
-47 -28
-38 -11
-37 -21
-29 47
-24 -4
38 29
47 -13
14 7
4 -18
-12 12
42 12
23 31
-1 17
-22 -5
27 12
11 -48
29 41
-39 10
39 -6
9 29
5 13
-29 -37
10 -47
37 -33
7 -39
-3 -36
15 -3
-34 -29
-38 -5
-11 9
-11 39
5 5
-41 -2
38 -36
20 5
25 -31
-5 25
40 -29
31 -29
-36 -24
-5 -43
21 40
-23 27
-19 -47
44 21
8 -38
-46 -43
0 -24
37 48
45 39
-11 35
-6 -15
12 43
11 -27
35 22
33 -24
-48 -25
-18 -2
28 -5
21 -45
43 28
28 -12
40 22
36 -16
45 -26
-20 -33
-40 18
2 -18
-1 19
48 -20
-11 -5
39 39
-24 -10
24 39
18 -1
47 -27
-32 27
-9 25
31 34
-32 8
31 4
-16 19
40 -24
-17 0
-27 1
44 -5
-25 21
-31 0
18 -9
0 -5
-47 -21
15 36
9 25
-17 -31
12 39
-36 -19
20 28
-16 -45
-2 4
42 -3
-20 20
-10 22
2 -30
-12 13
-38 45
47 13
33 -28
-18 -49
-43 -20
-35 45
47 -28
-41 0
47 17
37 -25
-40 2
44 39
-47 0
49 18
35 32
36 38
9 -6
12 -3
21 -4
37 -42
11 -38
15 28
-33 14
8 -14
18 -18
15 11
40 10
-1 43
3 -10
-16 -47
-49 -41
-39 46
14 -40
-8 36
21 -45
-34 29
49 -36
5 -39
-13 -6
-17 47
-6 46
5 39
-10 -20
-19 14
40 24
-27 2
15 1
-42 -43
19 -2
-2 0
-2 -29
22 -20
-5 14
-6 9
-45 -14
-21 -23
-7 -41
41 14
-32 -35
-20 32
4 15
-13 -26
-1 -6
-43 -10
34 -48
49 17
5 41
46 2
21 29
-46 -49
14 -46
-42 -27
37 12
-39 28
44 49
-34 -49
36 -48
-35 38
-4 49
19 -42
29 -44
-6 17
-39 18
-10 41
-13 -17
19 -26
5 18
10 -17
1 5
-22 3
25 -13
-11 23
-31 39
29 8
-10 -10
-35 -33
-44 40
42 -33
22 20
-23 -25
-22 2
-37 7
-25 37
47 -20
2 14
-6 -3
0 -36
-8 -43
39 -38
21 21
29 -11
18 49
-5 -18
41 47
3 -41
-15 31
-8 -2
-17 -19
23 25
9 -49
3 2
22 40
18 4
-36 -11
33 -37
-41 -35
36 -42
-3 30
28 -39
-36 -40
13 -4
-47 33
39 0
36 -3
-24 -13
6 24
-45 45
48 4
-12 -15
3 -12
44 -42
25 11
35 36
-1 3
36 -40
23 38
14 29
16 -46
-24 42
-12 43
-29 -20
-13 11
44 -14
3 -19
-1 -25
20 -18
-28 -31
-20 -4
10 25
38 39
17 -23
20 7
14 -1
-39 10
44 48
-26 23
-17 8
16 -19
-7 10
-29 -7
-23 10
46 9
27 -19
-10 0
-15 33
-6 24
35 -35
4 -48
-24 11
4 -15
-36 -35
7 2
-38 29
3 46
-49 -43
14 34
-45 -9
-9 -1
-15 31
-6 -26
29 -48
-17 14
-10 0
-30 15
-49 5
10 -49
25 -2
1 0
6 -4
29 0
41 37
38 33
-27 -11
0 -33
36 20
-11 -23
-7 -42
-34 18
16 -24
-30 29
47 31
13 -49
25 -5
13 -15
-46 14
13 49
16 0
-41 34
3 4
-36 48
-7 39
39 47
-44 38
-29 8
3 7
-38 -44
18 -46
-18 -25
11 34
22 10
0 39
6 -10
40 -1
11 10
4 28
23 47
-12 38
11 -5
12 42
47 -47
43 -10
-29 -37
-34 -12
-4 -15
-33 -42
23 -29
38 -17
-1 -2
0 1
-14 1
-14 38
26 14
25 5
36 14
-20 -48
38 -28
1 49
-17 26
-14 -45
-40 45
9 4
-45 -23
38 48
-39 -39
37 19
-31 -25
16 19
-7 48
47 -20
-6 35
21 -13
-15 24
10 43
-37 -48
25 -38
32 -3
21 -5
39 -35
29 4
10 12
9 -41
35 10
46 4
6 22
14 -16
22 -17
12 30
-49 15
-1 -27
-7 23
-25 11
-17 35
1 20
-33 22
22 -39
-3 9
-26 0
46 13
-41 48
42 40
30 -14
-41 -25
14 -22
-26 28
29 21
44 -23
-24 33
-26 36
42 -27
-14 -47
-44 -10
15 27
-6 2
-19 -46
36 16
7 8
-20 -15
-5 36
-18 11
42 -17
-23 30
-34 1
-40 36
-26 -10
34 -17
26 41
-41 -40
-49 -23
-21 29
-15 18
-24 9
9 37
-11 16
-36 48
-5 1
0 18
20 -21
0 -40
10 -2
-19 -37
-9 2
-46 -25
-49 1
31 -46
35 6
-41 8
-4 5
-44 -23
22 -6
-47 5
12 34
-34 5
-29 3
31 40
-49 -37
-11 -5
5 -6
35 -40
-45 -6
30 9
-39 -2
-41 44
0 27
-31 -43
-3 -39
34 18
-40 -40
-13 -24
8 47
42 31
-44 -19
-36 4
25 -43
41 -13
43 -25
-31 45
40 8
23 3
43 39
35 -27
17 -16
34 25
26 -33
20 -20
-36 12
16 15
-10 -39
-45 38
-41 -27
-29 4
8 -14
-40 33
-5 16
31 -17
40 -34
-23 -13
49 -45
9 37
0 -13
27 -27
5 -36
47 -2
-34 -46
24 29
-2 -20
-6 29
-49 26
-29 -34
27 22
-21 -16
-22 34
36 47
2 30
-37 6
26 13
4 22
-28 33
-14 -45
36 -43
9 -14
-25 -29
28 -30
1 -47
13 17
17 30
-15 22
-25 47
10 -46
49 -6
-21 16
-15 -38
31 41
8 -26
1 4
5 49
-2 7
37 10
40 -11
-36 -20
-43 -48
20 -46
19 -27
-46 -26
-13 21
-33 31
-18 0
-6 35
49 45
42 13
-20 11
-36 45
40 30
-43 -10
-37 -21
-15 23
-36 33
12 37
-37 17
38 -31
12 -10
-3 -46
24 -14
48 30
-38 37
-17 -44
34 3
-48 -21
-13 -18
47 -8
42 -33
43 -31
-40 -19
39 18
-24 43
-16 20
-4 48
43 19
-2 -38
-28 -37
-40 14
37 -11
-43 27
45 7
32 -25
27 -5
21 -49
-25 48
15 29
6 0
13 -49
17 14
22 -10
-18 3
-35 -32
-7 15
-24 3
-38 30
-29 17
-26 46
11 24
-8 -10
27 44
7 -36
-32 35
-13 -45
49 -16
23 34
0 -14
2 -23
22 17
-41 14
-42 17
28 -4
35 -2
47 23
-1 -15
15 30
-2 -31
39 18
-49 -9
-45 -40
30 0
36 -24
29 -12
-25 17
-11 36
-36 31
-31 38
28 -17
-42 5
29 -37
44 13
-14 5
31 48
23 -17
-34 -30
44 41
-41 -46
-34 -9
-1 -43
36 -48
10 31
2 8
19 29
-13 -7
34 39
17 -9
29 -38
47 36
-40 45
-7 -18
-33 4
35 -38
-9 6
48 -39
2 14
13 0
1 -15
-45 6
12 -38
11 -30
17 32
-44 -34
-48 -10
-11 -1
43 14
-2 6
-24 -26
-39 13
-26 -36
24 -12
-8 18
-44 -23
2 -30
-12 -17
21 -20
-30 -31
9 -47
-23 38
28 5
37 -33
-2 -16
-19 -43
20 30
39 -41
-5 37
32 15
36 -33
1 -10
-35 -7
-11 -9
-5 -22
-24 43
-20 26
-42 30
33 27
-5 -7
39 -42
-35 -3
-2 41
39 -25
-36 30
35 -28
27 24
-25 -18
-35 -35
23 6
-24 15
19 -34
1 -11
12 43
-46 -21
-19 -2
-38 47
-23 48
-36 -37
-41 34
11 -49
-25 39
-8 -26
-9 -15
34 -11
12 -22
-39 43
8 -37
25 -46
0 -10
-31 -3
19 -2
29 31
-16 5
46 32
35 15
30 46
37 47
38 -7
6 8
28 -17
39 0
-28 -30
45 -11
-32 17
-35 46
-39 -23
39 49
4 26
-31 -32
-12 -4
-19 18
16 -34
-35 -4
33 -41
-23 -48
3 18
-15 15
-43 33
17 9
28 -22
-4 44
47 31
-1 24
-7 0
21 2
0 43
39 30
-43 45
-31 -6
-14 -29
-48 31
32 -8
-24 44
19 23
21 24
30 -11
17 -33
39 -11
38 2
18 0
-46 38
-37 -9
-24 -3
29 22
-13 32
-24 7
-12 47
41 11
-29 27
-33 3
12 4
-7 28
0 -14
20 -4
-33 0
22 1
48 -23
31 -32
-25 29
38 -31
-45 -21
-5 0
-11 -34
-35 21
-32 5
-13 -24
-28 -41
14 2
-5 17
-42 -34
-47 8
-18 1
23 24
-21 41
-12 33
-39 -47
6 -4
17 36
-25 27
36 40
29 21
-48 -39
4 23
-1 -34
0 4
33 43
-40 -21
-36 10
27 -37
-43 -36
-17 -41
32 26
0 -19
-2 -13
-34 -12
-1 32
44 41
42 5
-37 -15
-12 -29
42 22
2 -12
-2 8
-6 -10
-41 34
-14 38
29 -17
47 39
-34 44
-14 -46
3 -30
36 -4
5 10
-2 22
-10 11
35 44
0 10
-27 -6
0 -32
-44 5
4 -47
-30 21
14 10
-7 -29
-19 -3
-23 -44
-11 -47
38 -16
15 23
-4 39
-5 26
0 -15
27 30
15 24
22 48
17 7
16 44
33 36
-33 5
-3 -8
-31 -30
-22 24
45 -18
-15 43
19 27
48 -11
45 -1
-48 -15
24 47
-1 -13
-17 33
-27 37
-1 9
-12 26
24 43
13 -46
28 -38
2 30
15 2
-44 -8
-39 47
36 14
