-744 55
273 -2413
-1259 174
-2403 -1730
-1373 -2537
-2113 -1951
2284 782
852 763
391 1515
-1371 -436
2071 7
396 -585
1647 -1837
711 -2636
-81 -829
1249 -332
-76 1406
-1836 -2206
-542 749
2241 375
1038 -240
2379 2058
-2027 1099
323 -425
-725 1128
-803 -1827
-77 446
190 -2318
1935 677
-2380 1988
690 1169
2419 1843
-1076 -89
-1754 489
-1522 -893
-1362 -1275
693 1422
2413 -2478
1769 980
-1756 -643
-653 2269
843 1670
1202 -202
-908 1852
504 -514
670 2535
163 -1992
-454 -101
-390 1024
-51 -784
41 2171
-561 -1078
-963 -1062
-1757 362
-633 646
-1777 -2243
1716 -2040
-1751 -2483
2648 1908
-38 -2391
-619 -364
-2003 1167
-1722 1939
-1658 -1170
1823 38
1461 -1827
1156 -1204
2644 1399
-1605 1125
1223 -1732
-2042 1077
-413 -643
-1993 -723
1533 -1406
1380 -68
1034 -1466
-1624 2354
296 -1105
-37 -217
-375 1962
1090 -1641
1036 1591
1764 -845
1185 413
1517 -125
-2325 2494
-1040 -2140
1894 1507
2634 -1683
453 862
347 206
767 2585
700 -1940
-43 -534
-668 1436
-886 -2534
-23 -448
-336 -940
72 -86
-750 578
1669 1615
471 -1561
-937 -2024
9 -2293
39 -2686
130 1756
-1072 -1100
-1349 -1487
-1665 -1498
1728 -1601
-2392 -2042
-629 198
-809 1332
-326 794
17 -669
-2434 2366
1070 745
-600 140
-1955 156
2118 -1474
1264 1299
-1252 -1669
1073 -2221
-2639 619
1936 71
756 371
812 1974
1498 -2281
840 -295
-692 -1334
-1507 -2480
1637 -252
-1711 -2386
-747 -1851
2529 -1826
499 -102
-717 1320
-1018 -2435
-2187 -246
872 -1509
1915 2451
-250 157
2600 -2335
-1817 238
2234 -151
-572 -1229
919 -1943
-1075 783
-1423 1636
-112 531
-1299 1688
-2356 1342
1276 2203
-805 1005
-310 355
-2286 -149
1045 1619
508 -2689
847 69
486 129
1835 1364
778 1360
367 136
2171 968
-1430 -2012
-779 -361
1955 -956
1322 -1454
-2535 -2332
2169 1573
369 2173
-432 -812
-168 397
2204 1402
-622 2369
1193 -2421
1166 1058
2604 -1691
1232 -2513
2294 1124
-677 2014
-2421 -388
-79 2412
-592 -1105
1485 790
-1797 -2094
982 -1767
238 1717
-574 -1246
997 811
256 105
-1095 588
2659 2482
2609 -1060
1052 217
-1791 -356
-898 1621
-1997 2045
-593 2493
839 551
321 221
-1866 -743
-1980 -65
749 105
493 1659
1819 -2346
-2579 546
1883 -657
-1933 -173
-1728 -2196
684 -1362
1012 2279
-1673 -1804
2496 -1595
-876 156
2350 -109
-2621 -1248
-2458 -649
-417 1534
-1993 1129
-1969 1287
-904 876
-1334 1011
845 1300
1407 956
304 -2203
-374 -1389
1717 889
460 282
-1174 1575
1537 1639
-271 274
-2484 -781
1680 173
-218 -21
1799 -298
-871 -1636
2021 -910
380 941
2506 -2542
2274 -2196
-1128 2234
-1914 -1140
-265 2130
-1948 2414
2670 -2213
-921 -1108
440 584
-1175 2582
-2233 -669
-2317 -114
-835 -2566
-1108 -2128
1787 -447
1430 -880
-322 151
1489 -2494
1351 -2516
408 2032
299 -1899
-2075 -2311
-1472 2465
-492 -128
-199 1301
1955 1930
-1184 339
1401 -1718
1087 955
901 701
-443 -1686
2195 -2356
2104 1216
-496 894
1246 1724
-1752 104
2460 -2272
-875 2492
755 -1349
-1380 795
1687 1136
-800 -551
2431 2679
1157 -2319
-1241 -17
1233 2058
-2014 293
-448 1843
-1531 1685
2352 -1463
2447 1686
-1716 -1061
-792 119
-798 1582
2581 956
-2494 -2473
-2581 412
-2685 -2267
-452 -1406
-2336 -1077
2185 736
827 2006
-493 -2474
-591 -45
725 -349
1960 523
1648 -1285
-2698 992
551 1652
1857 2508
2046 2078
-435 -1672
-35 389
-1495 -2145
709 -1764
-519 750
-855 1306
-2403 1176
548 -2663
-1805 -1861
-1996 1063
994 -2588
-890 2194
1811 183
-1438 -989
-1062 -406
2310 1661
-1938 152
-1479 -1448
-1050 -1224
-1081 2168
111 750
1891 774
1499 -2183
-2087 -2110
-1912 -2544
-1754 -504
1266 -1890
-31 -2669
419 -314
-1457 -1012
2367 -1337
2499 -1293
-2561 -1306
825 1431
-518 -1887
-1385 2215
-353 -2369
-1984 -1123
2351 2394
1901 -2534
2006 -820
1004 438
-1112 -1080
702 663
2352 -1301
-2429 2620
1845 -87
708 1535
-1828 -220
1231 995
1416 -347
-2582 -141
765 257
-152 2427
-1602 -452
2189 -298
-858 676
-1414 -1636
2372 2527
-1454 -1848
1729 2150
2170 1488
-512 -1650
-1649 1298
-814 -283
-1277 970
-1667 613
1615 -1015
683 235
-1984 681
-779 -2209
-147 -1419
440 -1979
144 -1677
-1906 541
2248 -2010
2583 -643
-1248 2351
2615 1757
459 840
1610 -611
86 1323
1595 1866
-200 -11
646 -156
-2646 1452
-2385 -440
-2456 2561
-156 766
-2271 1108
-1917 582
993 -1618
2036 -1968
986 -851
1696 1427
1136 1709
-2306 -1897
-2571 297
2441 -2107
2657 619
580 -1881
157 -1614
2196 -377
1816 670
1668 -529
-1527 556
-2614 722
-545 -127
1817 241
1344 332
-1761 -1759
-2645 -2080
-1142 -418
1048 -2216
203 501
-2294 -1817
487 -113
1591 -1029
1173 1025
-200 136
745 -639
-1257 -1600
-2433 -2323
213 -2586
-459 1318
-424 -1830
1628 -2315
-1292 -1940
310 -2286
-1947 58
-508 -902
2581 -1516
-2203 -852
2646 -90
-2339 -2
2025 576
1702 1358
-2571 -1124
-837 1739
-1676 792
-2477 915
137 -1219
324 840
711 159
1007 1445
-1271 -1138
-2082 -2109
879 -866
2256 1610
-2555 1638
-2255 -798
206 1934
1798 648
-205 -718
884 -922
-1182 2402
2157 -784
179 -468
-803 2105
2653 297
-2039 1631
-2140 423
2181 461
-1860 1190
-1812 -26
-304 2590
-99 738
1956 -2434
2111 -2598
1064 -1919
173 1768
-2222 370
-2361 -110
477 178
-1181 -928
-206 2565
-1903 -1373
2199 1851
2290 1081
-1812 568
-123 -842
308 216
1962 494
2069 1071
-1528 -1956
-1626 -1045
501 1988
2543 1430
2032 -1792
1509 -840
-2290 -1652
-1483 -2024
-931 -1166
-110 1254
1147 -1030
2419 2375
322 -307
1943 -1247
-1368 51
-1655 -1106
745 1677
-1341 8
-1569 -2245
-722 -1856
498 -2507
894 2037
1324 1146
429 -1274
-1583 1796
1423 -1575
2271 -2287
-358 -1177
2338 -1350
920 2136
1950 -1668
-2040 1440
-528 -1345
905 532
-990 -1586
-2523 1478
-1335 -67
-2430 -1107
-6 1002
-1385 -1790
-1325 -548
974 2271
-1119 626
456 2464
2398 -2676
-2524 -2522
-1686 800
-1798 -1619
-1353 -2508
1340 -1702
133 -919
236 -870
1747 -1261
-2678 2465
2217 -945
2229 2580
-2365 -1680
-1539 1796
2121 2073
-2592 -195
-2570 -533
1969 -727
-1365 -2373
936 1676
1259 -851
-23 -980
-156 -369
-2534 1594
424 -1351
-1927 1252
-894 -931
-2343 -1140
1552 -148
1362 -2172
445 1724
2058 -1958
-1635 71
-757 -2226
-1932 2570
1438 -1825
1574 -357
-2294 156
-416 -1962
-1755 -2203
1257 -5
-1892 342
367 -1580
-2594 -4
1912 -1674
895 -1704
1339 -1421
2436 -2433
1839 2506
721 507
1865 1451
164 733
370 -575
145 -2326
-1998 1260
-255 -1540
-932 302
260 -1184
1456 2016
-1438 -515
2133 1692
-1871 -1330
-1199 2518
-2581 -1783
1038 -803
677 -458
-1399 -861
-319 -1877
-78 -2104
1234 -463
2304 -311
683 -167
-748 2654
1241 880
657 -221
1990 -2475
2427 -226
-948 1533
1571 -1365
71 1470
-2107 2258
-1367 -496
-468 -2293
-2463 -1954
333 81
570 -2621
-2237 2328
-51 -2638
-1739 -1602
-1477 1375
1329 -536
481 1525
2216 -1397
198 -283
-2087 -714
-860 -2201
425 -116
1515 -1653
-1681 -2460
2089 1338
2631 -2350
512 -1103
-438 -2255
1948 715
-2181 -199
-1432 -400
-701 1444
655 979
-1515 2125
2613 -1426
-2663 310
-2521 -1438
-145 471
170 1869
2286 -216
1084 -902
2388 -116
-780 2212
-1993 -2655
1735 1559
-1104 -1535
-585 -1682
-1402 1836
-2387 -2337
1695 644
168 1817
-1918 -2000
-2151 -940
-2364 2513
1213 1783
247 -657
1777 -1827
919 1203
1247 -1426
2278 -974
-1535 2078
2432 678
1607 -1307
1555 2375
-467 -596
-956 -1587
1640 -1302
-856 2004
852 2332
1461 -1776
835 -1669
1860 838
2208 -602
1606 -1365
2495 -1987
-866 759
-596 1653
610 -670
-1122 1985
241 44
-377 -1009
73 -617
120 1130
-2545 1001
-1180 1105
1006 126
-2233 2650
-2647 -1890
1630 -1219
2191 -169
-1907 2350
-640 -665
-1696 1081
1873 1161
2575 1794
1657 -352
-1974 -2364
2631 -297
-2209 1178
2608 -88
-1953 -1106
-971 -1212
2174 2697
-417 -1738
1485 839
-793 41
2451 1150
-820 1244
-1693 -2646
-2094 1381
2654 -751
272 743
-1936 -2616
-2018 -2242
-358 82
-1054 -938
-813 44
615 -2504
-2670 711
1056 -1527
2325 889
-838 -1759
456 1426
2405 2526
-1590 1377
2145 -2577
200 -2047
521 2117
-1561 278
-1136 170
-2261 843
774 1697
585 1142
-1620 -298
-196 -1966
2496 1942
2094 1077
-1323 -1613
2611 -705
738 2352
-2521 -2349
-2134 -1355
-1886 273
-2556 2210
-2409 -1931
-1299 2146
44 2146
956 1253
-2430 -43
2206 -2206
2232 -2528
-443 -2602
1148 771
-1630 1253
-1068 1583
-1369 1771
-389 2484
991 -399
-1458 -407
1872 896
-612 1072
2362 1567
1189 -952
1830 2362
-715 334
155 1039
-1577 1623
-2114 -659
-2165 -907
1890 -2406
588 183
1679 -1606
-750 -619
75 -2159
1660 890
2177 2608
-1414 -1811
-1125 -1759
-2212 1202
-1106 22
-1714 2260
1702 61
-995 1740
2547 -2145
1613 -1193
103 465
1905 1757
987 -1368
42 -48
218 2271
408 -507
-2442 -782
21 -741
276 -109
-294 -1557
-1770 -2088
871 -1354
1340 -2523
-159 346
-2015 1553
-1060 757
-172 -2101
-2298 -607
2064 -1105
2662 -1801
-1857 -335
-1836 -1037
278 -2543
1370 -2223
835 2508
-513 -2088
-2513 1050
-624 484
-2474 2077
385 -2595
-465 886
1481 -343
-84 -1280
1984 -393
1079 522
-636 1730
1812 -1885
780 -2055
1468 -898
-1159 -248
2400 -953
2516 -2258
607 -977
-198 -1453
2176 -2637
1787 -563
-1699 -2412
-1498 -2585
1093 -1281
-2203 2102
268 -922
2297 -457
-2589 1648
-830 -45
-2345 -1304
-370 -80
-2082 265
-857 -116
1507 -869
2214 2033
-2480 -2174
951 -2408
-841 -2321
2379 1631
940 2173
1809 2476
-2315 1985
-2423 1339
-1343 2383
1827 -2472
2457 -1170
-2082 2505
-512 -2473
-2454 2689
1503 1517
-1322 -2429
2285 -1415
2138 1061
733 423
-1712 -1566
1032 1518
666 1669
-99 -1077
-2115 2606
281 1033
-1478 904
233 -236
825 131
-2422 2543
-1445 242
1090 2629
-461 1360
-1138 1966
-2471 1647
-1691 -573
-2181 2258
-783 1566
2077 574
-1731 -1642
-755 -362
-2348 1772
921 -2121
-1739 1210
1711 2683
2578 2071
-1176 -764
-1524 29
1669 -720
2184 2240
-2272 -918
-1104 1287
2158 -1009
-545 1881
865 1391
517 637
-1474 505
2336 -2363
-1821 1387
-714 57
-1978 -2681
1315 360
741 -598
249 -1438
1255 1730
389 -1297
-1183 693
-154 2403
-985 -1550
1402 2093
356 -465
-1089 -564
1512 -410
-364 487
262 1255
2410 249
-308 1628
1310 -1857
2109 2296
1022 1669
2532 2636
-592 -694
-630 827
1224 -480
-1312 1827
2148 -2222
-2669 -1518
-853 729
-87 2046
-751 2118
1637 -1713
-61 2407
1096 -649
788 -13
-2044 -174
2196 -1344
872 -805
-1287 -1351
2601 -592
-2081 1632
1302 -2526
-703 -732
708 -1013
2014 -49
-1676 1036
898 1514
295 1908
2559 215
-2446 1629
-2158 1387
-91 1927
-299 1900
-373 2171
820 502
-1719 261
108 42
-2220 1229
801 -2168
-2398 429
2600 -1732
-654 -503
-894 1056
1943 2163
1097 -259
-2233 1627
935 -1183
-2489 803
61 -977
1307 -1045
534 -1499
-20 -17
1082 -846
-838 920
-1645 -2008
1704 -1873
1635 -1368
841 864
106 -1313
-1472 2452
-203 2313
-163 690
-2430 1112
1892 1293
42 -1800
132 -1049
2544 1368
2690 -249
402 27
2490 -612
1519 2592
438 -1820
2002 -2240
-46 1152
2330 -2391
2120 -374
2364 -445
1001 -1948
-109 -966
-1008 -1385
11 -775
-2490 -666
2573 106
1174 2299
1420 1488
1228 -525
-2386 -772
645 1285
1190 1079
-1535 -1428
-183 1153
-852 -2171
-633 2149
-2053 -1899
-152 947
1316 634
2477 -1669
2674 745
2273 1325
-1129 -565
-653 2569
2441 1168
-654 2003
37 -1310
1296 1214
-1289 -892
-2205 -1815
-2222 2093
158 -218
-753 -2609
1305 -317
-1523 -2497
1167 -253
2280 -2654
-1524 2529
1953 -1301
-2339 917
2118 79
2001 -2534
-2218 1894
-1216 1029
846 1840
2596 -1545
1044 2479
1387 -1998
1370 2
-496 118
838 -2566
-1549 1615
1536 605
788 1148
-1457 -2607
-1116 -2052
-353 -1914
1377 -133
1054 -1890
2575 214
1455 1822
2140 -884
-2461 -2629
28 2460
-1564 1853
-333 -462
-1842 -964
2523 -540
1892 -337
1939 -477
-1348 1142
2091 -58
-2557 -889
2264 -210
528 -1141
-478 -573
-1083 -298
1743 1177
2028 1914
2374 -913
-1300 -2039
-837 1714
538 -2610
-1064 1795
1680 -1381
-1918 433
-95 616
1781 -1098
1922 866
1286 516
1221 -1860
2192 380
112 1892
1900 318
251 -1584
1980 406
-782 1851
-1985 -30
-241 2282
-932 -1503
-1896 1184
-367 -1406
-2215 -1808
-1112 -2047
-1169 -1261
-1918 1750
687 2122
834 1887
1496 506
-996 638
-2356 1479
2151 1431
-358 1528
-39 -643
2135 -1615
-1837 707
1368 2085
274 469
2647 -1826
2348 294
112 1821
2438 886
964 810
-2319 2645
-1494 -2182
-1785 -2627
-782 303
1987 1675
1169 -2224
-1336 2414
-2050 -1420
-500 1112
1580 1406
1306 2275
-1327 -1634
-377 -494
343 1704
-417 1031
266 439
-607 -23
1720 -305
689 -1256
1595 -475
-26 1540
1446 621
-2332 1663
2409 1449
2129 347
1776 -1310
-465 1700
1372 -818
-1245 -1811
-697 2011
-2189 -1224
2225 -2158
76 719
382 -430
-2451 578
2597 2002
-1082 36
1616 155
-684 445
772 -1302
747 2362
-1683 -811
-1877 195
-2346 -2082
1591 981
-1102 684
1871 316
-506 -659
-1974 1067
-2546 1564
-2399 59
1363 -1625
1445 -736
-1478 -1918
402 -2672
-2583 136
-2274 342
418 -138
2592 1202
613 570
-51 -1896
1443 619
-1491 1123
1877 -2183
-2366 160
-2569 1762
2414 36
-158 1137
1442 -561
-147 -2563
-13 -1160
1455 612
289 1764
2448 -1674
1966 -1057
-2293 2601
126 -1138
-1518 57
-2662 -636
1040 -295
1841 -1180
908 -2163
-1059 -1516
219 -902
-1558 667
-2549 -952
-2246 1176
-2488 2287
-2552 817
759 -2249
-133 945
-2551 -1942
176 1696
-1235 515
-2511 -129
1343 -649
544 -358
493 19
2086 907
-1697 -440
2566 680
1356 -654
-880 242
-1167 471
-2329 767
1076 2313
-1634 -2063
1871 839
916 -2007
-1826 -121
-1216 -2132
-1960 -2077
-1854 -2363
-333 229
1436 1709
-149 1671
-2377 -699
-387 325
98 -2354
-837 -2200
-2282 -133
238 -2207
-622 -133
1929 2514
2100 -1177
-401 -2370
-1923 1834
19 2057
-741 -780
595 1943
1123 -712
454 -1883
-2663 -1120
411 -741
506 2645
1561 -1835
1420 224
1683 -1680
2011 -2302
1260 1691
-70 -1743
1761 1442
-2264 -1667
-97 2272
1160 -653
-1301 -2577
1656 1699
-825 -244
352 665
0 1353
2322 -2352
-27 1997
2006 1817
-111 2678
1265 2135
-1910 2332
2121 -2592
193 -2683
-719 -825
-512 1318
-1601 -2192
156 284
-714 1270
-2685 2221
567 2539
526 1369
-1397 2248
-55 -2505
-1821 -2142
-1445 552
-1123 -2686
885 2625
1125 -2559
361 2058
-1632 -1857
-1260 684
-458 663
-2423 -1570
-2469 -848
-1439 2457
-1174 -1914
2241 -1025
1534 -1764
-2501 1800
746 -1495
-2251 1724
-685 -1574
2170 1396
2691 -683
-261 -1672
-2680 -738
2339 -745
2083 1437
1008 110
-1548 -1174
-342 417
-243 -1379
2450 -738
1651 1729
2547 939
-2597 1930
-1409 1826
1733 -2689
2271 483
1779 -496
-1763 612
-2582 -2177
576 -1289
1098 1456
100 362
669 967
-1354 2102
-827 2573
1212 -1596
-1410 1679
-1132 -908
-146 -864
-1510 -1960
-1334 1183
2035 -2350
-2364 -2178
-822 -1623
-2067 547
191 -509
-756 -864
-2179 -2626
-1259 -344
-961 2354
-196 -1392
-2406 -2327
798 2313
2614 -971
496 1712
-1465 737
-2327 2521
2277 2453
-601 1246
817 -2260
1908 -1484
2575 -1909
1913 2221
2312 -593
79 1523
-843 1402
1391 2501
-1936 2594
-395 2129
-2003 87
648 760
1430 -2106
1138 -1104
-807 -536
672 2068
27 -286
1701 832
-492 1925
-2457 -1817
-1486 678
30 -2324
-990 1149
-2469 -1823
-751 1866
-1386 1244
-1508 -2493
2324 -2649
-14 1823
-1777 -2047
-2687 -766
-1359 582
-2684 1392
-1736 -551
2654 2326
-1340 1547
2115 1780
1487 1737
-2273 -2576
858 -1130
-969 1612
1279 -713
1414 -696
1368 1940
-645 87
1350 2154
2209 -1191
-1669 2150
-2196 -1513
174 133
-1188 -2495
-2107 -6
1478 -945
-1927 -2527
-2261 560
-600 1666
-1797 1601
-193 47
-2158 1304
-1870 -2662
-2581 -461
-2332 254
-1641 -2395
2033 -600
-2650 9
2428 797
-1697 646
919 -1012
-1906 2313
1853 1135
-487 -2043
651 -2625
-1939 -199
-2185 1271
74 1326
-1307 216
-1068 1521
-966 -2065
-1463 -1580
66 -1026
2429 1115
-1026 -1842
-1685 781
1374 -2423
-203 -78
2216 982
-2371 -1046
1430 -2050
-636 -1703
1947 2005
265 -1493
1254 -220
-1397 22
1567 1189
-2613 -999
693 1037
-2642 484
1988 1162
1601 575
302 -2075
-869 810
1692 727
-182 84
2263 476
2625 -252
-1369 492
579 -617
57 377
-2063 -2634
553 1055
1920 1166
1986 1726
-735 -2540
-2274 2562
-1276 1494
-39 6
1658 2260
-875 -445
-1262 269
1523 1093
-1026 -196
2384 -1180
1520 -1677
1460 667
1820 -335
1276 -2499
-1423 -328
-2554 2351
1019 1333
887 431
244 1103
-1030 -2356
1627 2219
1193 469
-892 1153
1727 -529
142 2459
-2516 -1885
2396 2504
-1823 1132
264 -2578
-1169 -2347
2626 -576
-838 -1651
1913 -1215
2371 -565
70 2528
-375 -2506
2181 2180
-2508 -1582
-2407 -2000
972 -763
-369 -1026
-234 486
-2261 -1149
-1156 2142
87 1476
2458 -816
933 1655
-2461 1981
1874 -1734
-654 2651
-447 -1744
342 1595
-875 603
1739 2133
1829 -1064
1930 -1044
-5 2125
990 1528
2075 -2098
-440 -2026
-1445 -697
1855 2045
-1342 2236
-2049 1596
2452 135
-309 -651
524 -1511
269 2051
-1568 -1511
2564 -2044
2214 2345
586 653
-1694 827
952 359
444 -1948
-44 -833
1569 -939
-388 -50
2511 2148
-632 -2177
-1660 551
779 2696
-302 1457
-168 -1327
-2685 904
2019 1379
-968 2607
-2065 -1901
-53 2487
-2259 221
-2529 -273
-970 2248
5 -607
1811 204
-30 -2306
1315 -2079
2646 2100
2017 2444
609 -2533
2641 1764
-965 -1741
1459 1970
-1465 2593
2211 -1175
1362 1121
944 -376
-2423 -684
-2278 -1408
1401 -1624
-818 1697
-774 -928
1392 691
-2070 -1210
2521 -62
-84 1307
2548 -1528
2066 -2480
-442 1419
-419 507
95 -1090
1163 812
-2380 1040
-2642 649
-2556 830
-1805 -1581
-1811 1226
294 1690
-460 -1075
1964 181
161 1290
2031 -390
-952 1459
1406 797
2483 -1046
-2189 -318
-556 2304
1774 -2678
593 -642
901 830
-40 427
2109 1710
-515 1184
-123 2039
-1746 -601
-125 -2521
-2662 1107
-2670 2146
-2171 1763
2041 1462
-2377 -308
1981 -1884
-2218 -1693
1634 -1146
926 -1334
-1347 -981
-2189 2184
-1102 1620
-693 2394
-2443 -1296
-1248 1038
1802 1164
-2677 -45
1084 2690
1879 -1428
1359 -2180
-1150 -2645
-2351 969
749 -209
-453 -435
-2677 -1990
1638 1151
-1502 709
1622 2448
-2376 -1709
-2033 131
-1508 1413
-660 -1015
1943 1575
1966 620
-1454 -2033
-86 -2664
1350 1523
-1403 2012
-1310 1784
383 -2373
-109 79
1430 -964
1408 1433
-2695 -2681
2231 -2547
-1910 1355
836 -811
-1101 1687
-184 671
-1716 2273
1926 2215
-2667 609
2597 1449
2421 -1193
-1411 794
532 -1565
-2550 -338
1673 -631
-2303 -229
-2500 1437
1806 -1110
-2481 -143
-930 -2067
2441 -1691
-871 -987
-2222 2054
-563 408
386 -2501
-2333 1406
1462 -1544
-2031 -714
1697 -2426
1793 430
2344 122
-1491 -564
-1555 282
-304 1072
-739 1984
-438 464
353 -792
2382 1315
2569 2687
2299 -1748
0 2393
-2486 -1992
485 -2302
-2071 705
-948 -2473
1499 699
1580 675
-236 -293
1941 1760
468 1517
1095 -1675
-2312 -844
-1929 -544
-1329 1659
853 -976
213 600
-1786 -961
-3 2057
-2087 2144
1334 465
-2264 -1264
-1913 2109
-1156 2489
2284 242
-202 -2101
-2185 -2278
-916 -184
-1708 -14
852 -2429
517 -1737
-2260 991
-1654 756
-1302 108
47 2364
803 -1722
1563 -136
-1690 -2583
326 -1918
-559 341
873 1846
-2586 -1898
1587 243
-2181 -384
-296 -657
-90 -594
1057 -1202
-1150 -1488
1688 -1896
-1383 134
1192 1095
-2009 2389
-409 -234
-246 917
-1693 1409
-1206 1904
1742 -2222
918 -1058
1407 -1464
439 1124
706 -24
-2322 1782
-2620 64
659 -2056
767 893
-1961 -28
1429 1886
-642 -2524
834 1027
-1581 1232
-1765 -2392
457 75
-1910 -1179
262 -1484
1803 -1666
-14 -1253
-1948 1294
2045 -918
-996 1414
-1603 492
1888 -2004
-96 230
2046 -696
872 1080
2545 878
-875 -1540
-798 2203
-2308 659
1030 297
2252 1340
-685 981
-900 -2188
1524 1826
330 1974
-82 -2083
682 -1831
-654 2177
531 1444
1595 2044
-428 -513
-1252 1443
612 -1381
-1708 587
-421 -2602
1676 -967
138 -2399
-1262 323
-1309 -1958
1760 -2386
-600 -1885
567 1879
2325 -1910
-2425 -2453
-2311 201
2013 -1897
-913 2057
-2667 -1979
-1451 2004
2441 2605
-908 2345
-637 866
-1444 -2250
-1681 2530
-1264 -32
-1185 -1831
2350 571
-1216 923
1670 -467
2253 1743
0 -2590
-101 2274
330 -264
695 1110
669 -1692
-1549 1308
1914 2006
-1174 2521
2007 -1741
-2089 -1312
440 1899
-327 574
-2664 418
-1725 -1596
-2315 -652
1960 -121
-89 2525
726 2416
-1071 478
-1470 393
83 867
-57 -2154
2615 1212
-2064 1818
-688 -2685
-2340 -1873
-1054 -1757
921 -2660
1735 1665
2254 1172
-788 -1295
-223 -1378
2001 1329
2030 -1144
198 1253
-231 255
-1473 1289
-1529 707
-41 -1848
-1629 -1562
-2022 1071
-1937 -1694
-1019 764
-237 1795
-314 -1847
-2365 -2086
-2243 404
-2364 641
-1349 646
-482 1944
-2317 -814
1074 2663
-1445 1004
2384 -668
-2622 -1452
1448 1434
553 -1154
1356 -749
-528 1815
979 -746
-245 379
-49 -1800
1038 2129
-1767 1997
1046 -1176
-56 -1426
1633 -1359
-117 2196
2501 979
1431 -1563
-601 -1204
-95 305
-1489 -932
-1928 -2269
1101 -1706
-1744 2103
2165 -1103
2456 -2679
-2320 1853
-2523 1678
1351 750
-2464 1026
-1359 -1922
-2011 -1380
1975 -1819
-2472 -273
-1398 -2563
-1979 2202
-118 1780
-1874 -1003
-986 762
36 -1730
-226 -761
2152 1855
-1150 -806
-109 1689
1015 1835
363 -10
-986 -164
1091 13
1111 -416
-944 1132
1746 2589
702 296
-1152 -510
-1528 -2538
-1530 723
-2650 -1793
1993 -1186
173 2588
263 -1882
-2428 -2304
2637 328
-1334 -88
-882 -322
-1911 250
-2030 -262
333 -2589
-2161 -2466
-1489 -2506
679 958
696 1935
-545 -1373
-2233 2258
670 -2462
-1878 -2618
-477 198
-912 -1991
-2220 197
-685 1710
-949 -714
1110 1018
-310 -2526
223 -1713
-2251 -562
2637 -903
-578 2362
-2430 -2592
-1161 843
1326 1757
2111 -977
1155 -800
-1388 -782
336 729
-668 -852
2247 -2368
76 -1499
514 -2593
1186 -2232
485 -648
-416 635
235 1425
135 -2414
-1263 -17
-723 1783
-606 -2324
1054 2312
820 2273
2339 -1276
-51 -765
-380 -397
-168 -142
-1991 -283
2228 2622
-2393 -1249
95 -2488
-1393 -2334
-2500 -2025
-718 666
-1630 -238
-2128 -238
1878 -971
-799 366
2435 -1772
1937 -1463
-163 -181
75 -580
-806 264
-460 -2577
1639 -1523
-1878 1674
1701 2375
-1497 43
-710 -2265
-1138 -596
-1836 2272
-2222 -1984
1005 1026
-1915 1503
-172 -1051
-2198 -1199
1704 -2519
-957 172
2684 1733
2125 1497
2035 603
-2114 617
-2168 411
2399 2595
915 1650
305 2099
-715 1062
-442 1673
1224 2377
-1297 -1820
17 1405
1984 -7
-501 1668
2546 569
509 2205
2213 2450
1995 847
-67 550
1657 1433
-159 2336
-2537 2042
-290 -737
1067 221
-707 -126
1880 2336
2488 1931
656 2420
-1153 -1122
212 -1436
-1397 2029
2494 1693
-570 -2585
332 -2621
626 -1055
-1895 52
-1702 505
-131 -434
624 2253
1061 471
-1166 -2168
-2572 -887
-2563 -1342
1207 -1408
-1156 2008
-2561 1124
-2319 -595
1011 -162
2104 1289
2385 -820
-1936 1137
-1092 -2130
2047 538
-1643 -73
1193 2285
1829 -2601
1213 1653
596 418
-418 2459
-718 -1638
1873 -2609
273 -2127
-1082 58
50 213
1759 -164
656 -532
1819 -759
1824 26
-2215 2004
-2587 1148
-1160 974
-2504 2635
1998 -886
2111 -2429
-1379 -2575
-877 -2359
-228 -2323
-1226 236
883 1083
2443 -205
-2462 1313
8 -926
856 1001
-203 2293
995 1284
-1889 -1613
1705 -962
-559 1596
-1796 1159
1956 343
2087 -433
-155 -24
1754 -1668
952 -562
-2510 281
-1565 1356
383 -2319
998 -1231
-2434 618
2255 1124
1074 -999
-2004 890
-1761 2539
-1448 -1042
-1462 -1609
-1212 -2426
-115 1305
1214 271
1813 1929
943 331
2257 -2317
-1197 236
776 -2669
775 -1661
-24 -501
-1614 -354
-403 -2003
-2288 1717
-1665 -1904
-981 695
2620 -128
2304 108
352 -1686
-14 2265
1459 616
2494 2598
-1675 -1576
-866 -555
2614 -210
717 2418
-903 1369
-2666 -1195
1331 2667
-1821 -2596
218 -381
-518 -2534
-2265 -2300
-1635 -1289
-2502 1491
-1612 -460
1417 -2289
628 -520
-2184 768
-553 -884
-957 -1244
-773 661
1625 -2056
-433 666
1220 -1956
-878 -1827
1888 -781
2529 -2061
132 -2278
1846 -1093
-1032 1713
-2245 1101
70 -1742
2444 -528
-52 1684
-1838 -1875
-1765 2693
2065 -2130
-807 -873
1985 2258
-312 414
-1050 1700
-2299 450
-1456 -1318
496 -2395
-2528 -2205
1377 708
-1083 -1100
-1345 938
669 762
-898 -1635
-1776 2442
1929 -2622
1652 2273
-1633 -219
-1018 1566
-2283 1316
1387 634
-2092 -1085
-497 -1405
2539 -1346
765 -9
-613 99
-1470 1492
2402 2124
2567 -577
-374 1902
-1622 2441
1509 1582
902 -1045
-1998 1834
1048 -518
-1336 -743
1847 2255
950 2004
-1478 -1510
-1830 -2624
1577 2537
1518 2588
-2434 -1123
1437 1280
786 -1055
-392 -1681
1986 158
2429 -72
613 224
337 -50
742 -2305
630 396
2166 888
-510 1407
953 2028
-2011 0
743 -2649
-1255 -1706
342 -1150
1620 2320
-433 -468
-2417 -2670
206 101
1406 1269
-984 153
1855 922
-610 -2057
983 -1019
-321 275
-1401 953
-2560 1803
-1642 546
-492 2021
-797 1036
-1290 -63
-2659 117
-906 -459
596 1474
-291 1404
-2654 1246
-1945 645
1671 1256
-2650 2605
2222 2318
-755 -516
-2498 2610
-2298 -828
-1604 -1957
1080 172
-522 -423
787 -1941
-337 749
-2598 -1734
1221 -1808
-2247 2143
-1779 167
238 1066
493 -1534
1822 450
-2400 -2285
-366 1771
-342 -759
889 -1561
2143 -1108
-2636 1959
422 2000
1648 -45
1017 -84
-975 83
-884 1838
1807 -412
2310 658
1427 20
916 -1658
-1788 2329
1288 1746
-2551 -2193
2604 1090
-315 2390
463 -1010
209 -2083
-2661 454
-1448 150
652 482
-1994 -1658
2339 -131
1925 2610
2381 1252
1171 -1520
-1722 1961
-1571 2625
-1094 -2502
-2190 -1176
-59 -1150
1940 -1620
-2497 -407
-1557 570
-1501 2037
2128 2482
-980 -1006
44 -1604
-2381 -2449
-1538 2248
2012 2133
-1791 -1144
-147 -550
-1240 1443
1975 -2662
-625 947
867 -1759
-315 -246
697 -2462
2619 979
1820 1630
321 -234
-1076 525
-2592 -1198
-2448 -749
-1248 -2388
882 1432
-1902 34
2210 -2507
-1528 1165
1156 -949
2327 -548
2478 1973
-1136 2245
1328 -1594
-646 2246
-101 -713
-737 -1982
2614 2491
-824 854
-2617 1848
-1071 1536
-2396 -1737
617 -852
2312 -404
-1828 -1064
1803 -2684
1499 -1026
1192 -1556
1840 1100
-369 -1356
-1227 364
2571 -2630
711 -1174
-565 1395
-1949 -2123
-2095 317
-501 -1001
-702 2518
-697 99
-840 -1500
-479 2116
1490 1938
2450 -1917
144 381
2046 -1235
-1153 1430
2340 -1179
1455 -965
2443 -728
-1991 939
-2091 -1738
-2670 43
662 -1329
129 -2581
-1463 1849
2198 2335
889 1875
1281 -1967
1100 2190
1724 -1552
1571 -2287
635 1494
-978 -2448
613 2670
-21 -1400
389 -121
-493 1258
697 -1898
-1009 -571
-1007 593
-407 -1166
-2131 -2654
-230 2140
2144 -653
2503 20
1464 2588
-2283 37
1832 -1718
596 -561
-12 -2315
470 840
-842 -2573
-1671 1114
-1758 -1719
1639 1413
2336 2333
-1173 -1056
-1496 -1664
1934 1285
-2671 345
-2220 817
-521 -1670
-2109 -2420
-2051 -327
-2670 1965
1765 -564
139 2576
-2542 8
-1 -2034
-898 456
-1270 2236
1353 2377
-1983 -342
781 -2108
-450 2184
-1525 -156
1791 -2683
2444 1626
-1943 1210
-1164 52
1384 1020
1915 -874
860 -1728
-2004 2369
-773 -726
1583 2116
1866 -61
-897 -539
-148 -2090
-473 -2060
-769 2003
-1708 -1020
375 253
-47 1665
329 1269
2484 -2473
-209 1445
-743 1433
1093 -2268
-1213 2428
-2081 1015
2576 1230
-2388 -2699
1199 -1598
-620 1324
-2540 -542
-2545 -450
-627 552
1516 -1365
1583 2210
-476 -458
2592 1689
557 1939
483 -1296
-1027 1733
1044 1283
-2374 2628
-2483 479
-492 2098
2445 2348
-1608 -2409
95 -1062
520 -1439
1163 -1102
1483 2345
-248 -499
-1948 -603
-2540 -458
-854 -2488
-452 476
2137 593
2229 -834
-1250 1691
-2105 2028
-1152 1715
1805 970
-433 787
1198 2396
2657 1558
-913 -1879
900 -278
-1308 -695
569 2667
250 -1642
275 -517
1575 -414
1122 1086
1240 -1854
1094 771
1523 -1753
-2200 -1505
2547 -2196
1962 1863
1980 -2463
-2114 -359
1203 -727
580 -2542
1599 -2484
-824 2490
2003 -295
-2099 -2564
-450 -1018
-1912 717
-441 791
375 -589
1950 1585
679 -2144
-2482 1137
-2142 1465
-748 -2539
-1373 1426
-2358 -314
-1299 2476
-884 -101
-2242 -920
783 1808
-278 -1878
933 2131
-895 1145
-1653 -629
2267 -1736
-779 203
1171 -2254
-1026 64
-2060 909
1919 -672
1663 -1445
1555 -948
133 -259
2365 -4
-110 666
-212 -2125
-949 908
1643 -656
2395 1349
2284 -1197
9 -808
1188 1336
-2096 1049
-429 1269
-1551 -84
242 -1629
-1351 -2672
-346 1448
127 1618
1748 1569
-1917 -1217
1408 -2648
2029 1584
-819 -1337
-1290 -2445
-2226 -2228
1963 1300
-817 423
564 2352
-512 2369
-1731 1078
1230 -2146
-1232 -2291
1262 2527
1728 1400
2675 -795
2175 -1108
2634 -46
2192 -2489
1698 -1298
67 698
2674 -1822
1109 -1671
-982 180
-416 -2355
2513 -984
1167 -499
591 -1214
-1255 665
2351 -363
2167 -1641
-2143 -1945
-1111 -1627
2609 -1977
-409 -478
634 630
-358 1254
-1397 -261
-93 -1011
-643 -1374
1946 777
2674 -1276
-2208 762
-764 1780
-2593 669
-505 -2093
2182 2566
338 2543
-879 -1745
741 1850
-352 1979
-1313 -89
-2212 202
-427 1352
-1307 55
-1572 51
-1826 1876
-779 -1722
-2400 2457
-475 -528
790 1140
-203 1476
500 -2138
2293 1015
191 99
1554 1548
2582 -2626
1330 983
2437 -1850
-2203 -1603
1640 -1392
2083 350
836 2699
2154 266
-2638 -1338
-2525 2666
1602 -1160
-242 678
464 -2039
-42 329
-1956 -1165
-699 456
-424 -2323
-1092 906
-1571 2000
2619 -2411
2459 214
815 688
-1963 -660
1315 -1420
-404 1966
-2097 -2332
-2167 2020
-2102 -1637
1814 1322
-1681 2413
789 -1461
1712 1321
2682 -2356
-1361 1338
-810 578
-175 784
-1548 1480
2116 928
19 -1307
1607 -2353
-38 2053
-1470 2125
1908 1319
-2080 -217
-785 1365
954 -1640
408 2571
1112 -792
