32 59
59 -51
-25 31
-13 87
79 40
91 23
77 28
-69 -92
-33 69
-44 91
46 -6
-60 -43
24 -11
-69 16
-99 4
47 -84
-72 47
-22 -1
0 -30
0 -69
41 -78
-89 29
-13 39
-16 97
41 46
-86 0
-88 -38
18 -96
-32 -97
-11 58
-15 32
72 -12
-47 -28
-32 2
-54 -3
-97 95
89 -78
-8 6
7 65
-9 -96
-33 15
-26 -14
85 85
98 64
52 16
59 -29
-65 -46
76 70
-49 89
96 -84
42 -9
-22 -33
-8 48
24 1
-37 71
0 31
-85 -31
-90 -34
68 -66
19 -55
-22 20
15 17
98 -46
-94 49
-42 17
-43 -40
-38 -80
-79 -39
89 57
3 -7
-99 -22
86 -7
83 37
99 -83
-39 -6
90 -28
-1 -69
-31 96
-37 9
-54 14
-15 99
-59 20
41 -83
69 -71
-19 31
9 -93
38 -57
90 -85
96 83
32 94
-93 -26
-53 -69
39 -97
80 -23
-78 -1
95 97
26 23
-32 93
-37 2
85 6
