-46 31
0 45
-28 -10
41 30
-12 -13
-11 -36
31 -30
-27 24
-18 39
17 25
40 8
45 1
3 -35
16 -35
32 -42
-11 -38
-23 -17
-27 -6
29 29
25 -5
0 -25
-36 17
6 17
12 40
-10 -14
-23 -16
35 7
-26 48
-21 3
-40 -32
21 28
24 14
-26 23
49 -44
-30 7
12 -12
-48 22
-21 -29
-45 34
11 -10
44 13
-39 37
-18 46
-36 -14
-34 -45
6 5
-36 -8
49 -11
40 22
8 -37
-49 22
18 0
-26 -12
0 6
-26 37
27 8
-43 44
-2 -35
13 -26
-36 9
-10 -20
49 -27
-1 3
42 6
-11 -6
-31 -40
-34 11
19 16
-16 0
23 -5
-17 33
41 -18
43 -36
10 -10
-15 -7
37 -35
-29 -30
28 -30
-21 -35
32 -16
-36 10
33 -44
34 -38
2 6
33 49
43 18
39 4
41 13
16 -3
23 0
5 31
-8 -3
38 1
-31 1
-46 -31
45 -39
-3 -47
-43 -2
9 40
49 35
-10 18
-45 32
-14 21
40 22
-6 12
-6 -20
28 37
12 29
-28 23
39 -8
-27 -26
-10 -34
-27 -37
33 -28
16 -47
46 10
35 25
-27 40
12 -18
11 -33
26 -44
-41 -29
44 -7
41 -33
-33 -35
41 25
18 6
46 -4
27 46
19 24
14 19
14 37
0 -4
-14 1
-41 -26
-43 -18
-35 -4
25 -40
4 -39
-30 17
22 -30
16 20
-38 -11
6 20
-29 -15
-29 10
-14 -8
-31 18
9 -42
21 -39
20 -37
-12 -40
37 8
-34 -9
-27 -42
-43 -49
-38 -40
-18 12
42 -15
11 24
28 -25
8 -28
45 -27
-1 -42
-33 -30
-44 3
7 5
48 37
-34 -21
-47 0
1 43
-26 -30
-34 17
-6 -18
-24 -23
39 -40
21 -5
18 28
-18 -17
-23 8
49 -33
21 37
-1 -12
49 26
-9 29
8 -21
27 42
-21 17
45 -3
32 -12
-18 -31
-1 26
-43 0
-40 13
13 36
-7 35
46 29
-30 -6
45 -13
30 49
39 -25
-8 -43
1 -12
5 1
26 -47
10 43
44 8
-41 -12
48 33
9 10
-18 -47
8 2
1 -18
35 -37
-15 -41
-48 14
3 -2
-7 18
32 -12
-9 45
-31 11
9 2
-9 40
-1 0
-30 -29
33 34
-39 -18
41 -13
-1 18
38 44
-17 -44
6 15
-47 -44
-29 34
-32 26
9 -32
3 46
43 -18
-5 -18
-14 -28
17 -16
-28 29
-6 -33
-27 21
-42 45
6 29
5 -43
-39 45
-36 9
3 27
-11 -23
-43 -17
-1 -8
39 0
11 16
-25 43
16 32
-41 -7
-42 21
-22 -39
-30 -41
20 8
11 37
15 47
-15 -25
-31 -44
36 46
30 26
-46 -24
-46 48
33 31
35 0
32 -17
-32 20
45 42
-12 -37
44 34
-7 -4
-29 -46
-2 -18
15 0
49 23
-35 49
-38 13
9 -17
0 -19
-32 -42
4 6
27 44
-27 -14
-13 33
-32 12
-9 -39
-39 -11
5 -41
-29 26
19 -27
-41 21
7 -2
-47 7
-8 35
21 32
44 -49
-39 -43
24 40
41 36
-23 -31
26 -43
15 -25
11 48
-38 33
-22 -6
-44 49
0 -14
-12 20
-47 27
-24 8
-35 -34
48 -11
23 -33
7 -3
-43 18
40 -29
48 -32
-41 42
30 1
2 -39
0 -22
36 3
45 -16
32 11
46 -25
-25 -42
-4 31
-24 0
-14 -23
41 -44
-47 24
24 18
-47 36
39 -45
-23 -25
23 2
-48 24
17 9
33 26
33 -6
-20 -19
-41 -13
36 -33
8 11
-41 -11
20 21
-15 -32
5 -20
-27 -16
37 44
-26 44
0 19
-12 28
0 42
6 5
11 16
2 -8
-7 25
23 10
30 26
-48 19
39 25
19 -19
24 -33
-35 3
-6 43
41 21
-46 6
45 -44
-30 9
-35 -47
20 -24
37 -36
1 43
-4 47
-49 23
-26 -8
-11 14
-43 42
-43 16
42 21
40 45
38 -43
44 -42
11 -18
-48 4
36 27
-25 -44
-23 -6
-37 -13
0 -25
-38 -17
-43 33
-24 -29
-37 23
-9 2
33 -7
-48 7
39 -34
-6 -49
3 -28
0 -19
-3 29
-5 -3
1 -32
17 29
34 -7
20 33
9 17
-26 47
44 -39
45 -39
-41 6
24 -25
27 -9
21 -37
-10 -29
0 -39
-17 34
-17 -4
28 43
16 -28
2 27
-45 34
-6 17
-6 42
38 -42
9 49
44 35
-23 21
23 -23
20 8
24 27
8 -37
-41 -46
22 19
-24 47
-19 36
2 -29
-6 -28
24 -8
-24 -17
28 4
-3 30
-46 -4
-19 31
30 -23
46 0
14 37
9 -46
-11 22
7 -48
-37 5
-6 11
36 44
25 -17
-3 -9
18 43
-12 35
35 -22
39 32
11 -11
8 -17
36 40
5 15
-1 26
44 11
-14 -40
26 -9
16 8
45 0
-26 11
35 -7
19 -9
42 -8
-12 2
35 43
25 2
-29 -17
-45 31
-1 -11
-6 9
33 -37
33 -6
-30 5
28 46
-28 31
7 -22
-25 -42
48 41
-29 29
-24 19
-44 9
-34 -45
8 37
-42 12
-15 23
-32 -12
-46 48
-36 0
27 -20
-7 -36
43 18
-28 -16
-44 14
45 -35
10 38
-48 20
29 -32
-12 -29
40 -11
-6 27
12 -34
6 -39
-26 -36
39 -28
-34 0
44 49
-13 -4
42 33
-44 -30
40 -13
9 -6
-18 -12
-35 -8
11 20
-18 -14
10 6
-25 11
-3 19
35 31
31 8
-1 -39
10 7
-43 42
7 -10
38 36
0 39
-12 27
-41 19
18 14
3 37
46 45
12 -13
24 7
30 -47
-16 44
-8 21
34 40
44 36
4 5
-26 43
29 -2
3 23
29 28
41 -10
16 -36
-27 -34
-31 27
16 39
11 -31
41 -26
23 20
48 46
46 6
-4 45
-40 37
-5 19
17 -14
30 0
3 -30
12 31
-20 24
5 33
48 43
-46 46
45 21
-34 -30
-4 -4
37 -10
-33 38
-2 -15
40 -35
32 -1
-16 -8
-8 9
0 -49
-30 41
-19 36
12 -46
31 -15
-16 -22
-11 -18
22 -10
-18 28
46 -6
5 -16
-15 3
-10 -17
31 -32
46 1
-32 6
0 -25
36 11
30 -1
12 39
0 -21
40 6
-35 41
25 40
38 43
-7 39
0 32
32 44
34 -30
31 -1
46 49
-11 31
-28 -48
-1 -13
-17 16
28 -43
-2 -32
0 -49
2 0
16 17
43 -12
22 -43
-19 18
22 40
-22 33
-7 45
40 5
23 0
-23 14
-32 45
-34 -38
20 -4
-15 15
-26 34
-6 1
24 -39
-17 19
33 -24
-36 -48
31 -38
0 -22
-44 -27
29 -19
5 17
21 -27
-33 8
45 -34
38 -34
0 38
24 -27
-11 6
48 28
-49 19
28 -10
-19 -38
48 -35
0 -6
20 1
13 -36
-22 23
22 -13
44 -31
0 31
-5 21
-33 -43
15 -10
4 -6
-31 5
-20 24
-14 -45
13 -17
14 -13
-44 -23
-48 -9
-36 -25
-34 -43
-7 -37
12 48
35 -27
-25 8
14 -22
-27 -48
-32 -25
-21 29
-4 -5
-37 6
-29 -47
-12 48
8 -27
11 32
25 -47
-27 41
-35 -17
3 -17
9 -19
-41 32
23 2
-17 34
-26 40
45 45
-2 -6
17 2
-22 38
32 -6
-25 44
17 -18
44 -38
0 11
30 46
-37 20
-4 12
-25 -37
3 -48
10 8
-19 36
-5 -16
-39 2
-39 -3
0 -10
39 46
-20 -39
15 2
17 25
-1 46
6 -47
-39 -34
-34 5
-17 -49
-12 23
40 -47
18 -45
17 -36
-31 -40
29 28
-9 16
-39 -3
19 18
-4 48
-30 -15
33 36
29 -7
24 26
-7 17
-29 -23
-43 -25
47 -8
31 -44
5 23
-37 15
-14 44
-46 -10
-23 8
48 -16
16 -42
-45 -20
-12 -19
-31 -26
7 -2
-13 -9
-17 24
-11 22
-12 -38
40 11
10 -29
25 24
43 42
43 -29
-14 -40
-13 -40
-36 -17
-19 -40
-21 -8
-29 -26
-26 -28
-48 40
-23 -21
29 -21
21 -6
30 -18
27 -35
-14 -45
16 39
-14 -40
23 -3
-45 -21
29 39
-36 16
4 49
26 9
5 -34
-32 -27
-1 44
-5 0
-47 30
-34 5
4 18
44 21
-4 -31
16 -25
-3 21
40 19
20 -18
2 43
22 -42
-38 38
47 -18
0 20
-13 -2
-13 -25
-4 -36
29 24
-24 25
31 -45
42 -3
-39 -44
-44 0
-21 -46
-11 3
-20 16
35 38
-44 -18
-33 -13
30 8
-2 -45
49 20
-22 -4
-13 26
23 17
-15 -20
24 -34
21 -11
-21 2
-35 5
-16 -37
-12 1
22 -47
-20 -27
36 17
12 47
-40 -25
39 20
44 27
-30 16
-42 38
-47 30
-47 -33
0 -43
-10 -46
-13 -46
38 33
-18 -6
-20 30
-32 32
-47 18
-42 40
-46 -25
19 -22
15 -24
-2 15
28 -46
27 -10
-34 34
44 21
0 25
-9 43
-26 -19
-47 -31
-5 48
8 -33
-29 -9
40 30
11 -16
-11 -10
45 2
12 -23
-40 -29
-4 44
23 -40
16 22
-31 45
-34 30
26 -40
32 -30
40 14
-42 -8
-36 -21
33 -40
46 8
26 -38
18 -13
42 36
6 0
19 -25
37 42
-13 2
1 30
48 48
10 41
19 16
1 -14
-16 -20
13 -22
-37 -38
5 40
-34 29
-29 8
-8 -19
41 32
41 -32
14 -47
-44 -37
-41 44
-30 2
-9 -33
25 36
15 8
35 39
24 -39
-10 -25
47 -33
-7 21
27 -39
-49 40
-38 38
13 48
34 32
0 39
-3 -12
2 -14
-3 18
-41 23
47 -12
30 7
-45 38
21 -18
45 25
-30 33
-23 -11
42 19
24 1
48 48
-47 9
39 4
34 4
-42 24
49 20
18 22
-13 -27
-25 -21
-18 44
41 -25
13 -24
-17 35
-38 -45
-21 31
4 -31
4 -14
19 43
34 -7
47 17
-9 40
17 -32
27 34
-34 -21
3 47
-7 31
-34 45
-38 -6
13 3
-4 22
-47 -24
-17 31
-12 -20
30 -3
4 -45
-24 -11
35 -48
-2 -26
-21 -44
11 24
48 -9
-9 16
28 -2
-27 -2
39 -28
12 -25
-48 29
46 27
-22 -14
8 22
-25 32
-31 1
-31 -19
23 45
11 28
11 0
30 -38
34 27
-11 -10
5 -7
-41 15
26 44
-4 -24
32 -28
-11 -41
-8 -5
43 -34
-49 -22
-6 4
-8 -12
18 32
14 -45
-27 11
4 -13
-41 -6
21 44
31 -44
32 -15
1 40
-16 5
42 38
-32 40
-19 11
9 3
49 21
23 22
-34 -13
-49 18
48 44
-17 23
-31 -6
38 -21
-40 -12
22 -46
-27 -32
28 -19
-22 -39
20 19
44 2
12 -6
49 38
42 45
44 -16
-23 40
43 -11
-30 0
44 -8
8 -3
-15 38
27 27
11 16
-4 -41
-24 -7
2 11
30 23
48 -22
41 -4
-21 -2
-47 -47
49 -45
-49 -8
22 -34
14 -48
21 30
5 43
-13 36
-41 -20
45 41
18 -3
37 36
35 9
-10 7
-8 3
5 -31
-10 35
24 -31
-17 -49
12 -49
45 -35
31 11
32 -42
42 33
-44 29
29 27
-36 16
44 3
-41 -22
-16 -8
-5 13
-11 17
-13 3
-28 -14
19 -41
17 -42
0 33
9 -31
-44 -21
-42 -22
34 -11
-25 -17
-46 -15
-13 -27
18 -26
-29 -40
12 12
-27 29
-43 -18
26 40
-27 -24
30 5
12 -5
23 47
48 6
-41 45
34 26
-6 -48
39 -33
45 -43
-1 -44
21 39
33 34
-16 -11
-28 14
-40 -30
-25 31
0 -20
6 -49
38 -35
-14 24
3 -25
34 -18
15 -16
43 13
24 34
17 -10
2 -26
-42 9
-39 -25
-37 43
-24 -2
1 49
-14 14
20 40
46 -26
-6 0
-21 24
22 4
48 -14
28 -45
-30 0
22 -17
-31 -46
5 27
14 -5
44 20
31 -42
8 -7
-44 1
-32 24
17 -36
23 17
12 -38
-17 29
-38 0
9 5
17 26
12 28
-24 -25
-41 31
5 30
-27 37
-14 30
2 38
-9 23
16 1
-21 -13
49 35
22 -25
7 -28
-4 13
-18 8
-22 -35
-19 -8
23 27
16 38
47 13
12 -13
-30 9
28 -19
24 3
2 48
17 -3
-6 -37
-19 12
37 44
-5 -23
-27 -11
24 -38
-14 1
17 0
-18 -23
46 26
45 42
-17 -3
-6 -49
3 -4
-43 -15
7 28
-31 -35
11 49
25 11
-31 -34
24 43
25 1
44 -13
-35 23
-27 -42
48 28
-5 -29
13 10
0 -34
-20 -14
-36 -41
-35 -5
-43 -3
5 -31
26 -49
-25 -42
-5 -44
-8 -20
-42 24
-17 20
-40 -33
24 6
-26 -37
-10 35
18 4
16 24
46 -33
21 1
4 -44
-34 -22
9 -46
25 34
-9 23
49 -6
45 14
43 -3
22 -17
-23 48
-34 -8
44 -15
-20 5
28 -13
-27 -8
30 6
48 -40
-25 46
-5 46
28 10
19 32
43 -37
29 -14
40 49
39 16
-32 47
21 -3
21 -11
-12 -9
44 48
-14 -34
-3 -18
-39 -42
-10 -29
22 33
38 -12
-31 29
-41 -24
17 21
-26 2
-4 -15
-23 22
-8 -8
-14 14
-34 16
-5 0
-37 -40
21 15
22 -45
-42 -43
37 -27
44 34
11 45
-28 -47
26 11
-29 -34
18 -2
-17 -26
-30 -1
-23 6
20 42
21 -30
0 0
-9 34
25 -29
-35 39
4 -36
-18 -12
36 22
24 47
33 27
22 18
43 -22
-32 -47
-25 4
-18 -48
33 37
16 -11
18 8
-31 -48
-9 16
-2 17
47 -23
-39 -18
0 -16
25 -37
34 29
-48 23
-9 2
47 -30
49 47
25 -28
-18 -2
-15 -34
-6 -38
32 35
18 6
41 14
10 -7
27 3
7 11
-27 -7
-49 -13
0 -43
-18 -24
31 12
-9 20
-2 37
-25 -2
30 0
18 -13
20 11
-38 -21
-2 -27
-49 -21
-48 -29
15 -32
5 -5
41 36
49 -29
-22 14
0 1
-7 9
-1 11
24 -34
-29 6
-19 -28
12 -19
24 -42
27 -41
47 -20
30 30
-33 19
-24 -14
-49 -45
-46 -20
30 -30
9 -37
32 -49
8 14
39 -21
-31 -18
-27 9
33 -31
-16 33
17 7
48 39
26 -1
34 10
49 -43
-21 -36
11 -35
-20 -31
27 28
-36 9
-15 14
34 -8
0 -26
27 -43
-24 0
39 -37
-21 -18
23 -49
24 2
13 44
36 19
-23 -46
-47 16
-47 -17
-14 -34
47 -5
-14 44
-19 -18
41 0
-32 26
-40 -5
-15 4
-41 -39
-38 20
16 -35
16 -8
29 -24
-36 40
-46 -13
8 19
-38 19
3 -11
13 43
-35 25
-23 -29
-3 5
6 -15
7 -30
-9 -43
-20 -29
9 6
5 31
-12 11
-23 38
-18 -20
-3 42
-15 -1
-16 5
-9 23
-12 -5
36 -48
1 -12
42 -29
12 6
-42 44
-35 -45
-37 -22
47 12
33 16
35 -35
-44 -41
35 8
-34 -31
-27 -23
-49 -43
-22 -16
-33 40
-14 42
26 -12
-33 1
-11 35
35 5
42 4
-8 35
-23 25
43 -37
35 -20
35 42
-44 -22
20 -44
-35 -3
32 -44
4 -20
28 4
2 4
-23 14
-23 -42
31 8
10 -24
-22 -31
-34 -7
0 -39
45 -44
23 25
24 9
-13 -46
-13 15
-11 17
0 -16
-33 -13
-20 48
-17 27
20 -31
28 -7
28 41
-40 -16
-41 -17
-43 42
3 37
10 12
-31 -38
20 -1
22 -25
8 18
49 -5
0 19
30 48
-14 30
-4 0
-25 -47
-2 43
-35 14
28 -12
-28 -46
-3 26
-25 -21
38 36
-38 17
29 9
3 -22
-43 -31
27 19
24 9
-7 21
43 13
-43 -1
12 -33
-27 47
-15 -21
20 25
-37 6
-30 -20
0 -23
-35 42
37 -49
-30 23
21 -19
2 -27
-23 10
-7 42
-3 -8
-15 21
47 21
14 27
21 -33
5 28
13 6
-33 -45
11 11
-48 48
-6 -37
-39 -21
-46 -46
14 -46
26 25
49 30
16 -46
13 -8
-33 45
10 2
-3 1
6 -49
-31 -16
6 35
29 30
-9 8
35 12
-25 -47
7 19
-1 -36
42 -28
31 -1
-35 -13
-27 -19
-43 29
18 -24
25 -7
48 -2
25 33
-5 -7
41 -12
-8 -23
-10 -43
-27 -31
43 -2
-31 -5
46 -16
-43 41
-7 16
35 4
-14 -22
14 -2
11 45
-4 21
45 25
4 2
21 24
37 0
-13 -38
21 7
18 3
-29 19
-28 5
-37 -33
-33 -12
7 -3
-11 -22
-1 -21
-5 42
-26 -30
-25 -37
15 40
11 19
34 45
16 40
-37 -11
-3 -21
-30 7
33 19
10 47
5 -15
38 1
-26 12
21 19
20 26
13 -34
-22 -34
-25 0
26 -30
-13 -34
-6 25
-2 -36
-15 48
-43 -39
39 -12
5 3
-47 -36
-38 -2
-39 -18
43 -20
48 24
21 8
8 -16
-18 28
-16 -17
-2 -22
-46 -47
10 43
-1 5
-21 -17
12 29
43 7
-34 16
-41 41
36 -38
8 -42
-29 -4
-23 2
-1 29
-2 5
-36 8
-1 -30
-19 -20
9 45
44 14
-3 -34
45 14
-12 16
39 -38
48 40
39 -19
-47 7
-36 -8
44 5
-28 35
-14 28
-15 -14
-3 40
47 28
-9 -32
36 40
-29 2
-22 -10
-38 21
45 -44
-3 46
-28 20
32 -28
-38 -40
30 9
-16 47
-34 29
13 21
-44 -47
-9 -47
32 -13
31 15
-33 34
0 20
-20 33
3 29
-38 -22
27 -49
-23 42
-39 -43
41 41
-8 22
2 22
-3 -11
-8 15
5 23
11 -16
-8 7
-14 6
-19 -30
-12 -14
-26 -46
-47 -35
-40 -22
-29 -46
35 -6
-10 -11
38 -24
18 -30
12 -48
4 -2
-31 -47
45 -5
-27 39
24 -39
18 -10
40 -33
-26 23
20 19
-45 23
-44 -16
-3 8
4 -47
-25 28
25 -28
-46 16
24 -42
-14 25
-41 -22
30 12
-39 -46
23 47
-1 -31
24 -21
-29 36
-47 33
-38 -1
-36 -43
-19 27
-7 5
-10 -14
36 10
-6 0
-42 -25
-25 20
-30 -35
-49 -9
12 -26
-47 -23
17 30
4 6
-30 -1
-38 10
-40 31
-47 -1
-5 34
11 -26
26 -22
-38 -34
-13 -31
33 -41
-6 -44
-25 -5
46 29
-30 -32
7 35
-21 -34
-32 16
46 -34
41 7
-19 -28
-15 -13
43 -39
-1 4
15 30
-14 23
33 24
0 -29
-15 -8
-23 8
-32 41
34 -22
-1 -33
30 -38
37 -46
49 13
-19 23
-18 33
19 35
14 -24
30 45
38 -48
-4 25
-13 -49
-10 30
24 -42
13 -20
-39 -18
28 -25
-22 -3
7 46
-21 21
-41 -17
-39 34
18 -34
33 41
46 -4
-41 22
-39 36
-3 -44
-33 18
-16 26
44 19
46 -46
32 -14
-4 -3
41 -43
-19 -30
-8 26
16 45
49 38
37 27
-32 -21
-5 -44
1 31
-27 38
-12 -15
48 36
18 -35
38 40
37 -22
-1 3
11 28
-13 3
15 11
-42 -47
-36 29
-6 -48
-10 14
48 34
-33 26
48 -43
-17 -24
-30 -22
-11 14
-10 20
21 -25
12 6
-16 44
-38 -49
45 23
17 33
-13 -2
26 -19
-47 -18
22 -48
46 -44
-40 1
16 -37
25 36
-4 15
2 16
28 47
-17 41
46 -36
-26 7
25 -42
-2 43
-17 0
35 0
12 -26
-11 -27
-32 -31
-17 -42
0 -12
31 38
-4 44
0 30
5 30
10 23
-32 -14
-5 -34
-7 16
32 20
38 36
13 23
49 -20
-10 25
5 -41
-5 -17
23 21
-37 21
9 15
15 12
-31 -26
8 1
-32 31
29 48
-22 39
-20 26
-25 13
12 6
-11 -1
-41 21
31 6
-37 12
10 -39
11 33
-7 5
12 42
-9 4
-10 30
31 -39
-39 -10
18 -45
32 2
-20 44
20 6
-47 -33
-37 -11
-26 -43
-46 -2
3 35
-38 -45
30 13
28 47
14 34
-29 -18
33 4
23 19
12 -44
-34 -44
-28 -42
-33 -45
38 19
-22 47
14 18
-27 -45
-29 -47
-8 45
-27 36
43 36
-7 -31
12 -30
-9 28
10 -12
-17 4
-4 -33
-12 47
-46 -44
20 -26
-12 -6
3 -15
27 -48
36 -41
5 19
-33 -20
-27 -33
48 -38
-26 2
47 17
-10 7
-30 -43
-24 28
-15 36
13 13
-28 33
-2 18
4 -14
11 14
41 31
-18 37
42 -15
-15 28
-29 -20
-3 -35
-25 -11
-41 23
-40 13
5 3
-13 -27
-9 -14
20 30
-9 49
-46 -39
20 -43
23 -7
-46 33
5 -19
47 -38
21 2
17 17
0 27
18 9
21 1
-23 9
37 40
42 -48
23 -26
-10 16
-40 -44
-15 38
28 48
12 -38
-40 -26
-5 -11
-23 43
0 31
-31 48
-28 -19
-19 -26
34 28
-10 11
-25 19
-31 37
-38 41
18 -49
35 46
37 -46
31 -34
-41 39
18 -16
-8 -9
-6 35
10 -15
48 46
16 33
-27 41
12 6
-2 49
0 -29
34 -44
-47 5
-10 0
27 1
23 -20
-25 -33
-10 -44
-11 -15
16 -1
-43 -7
-42 -27
-25 -9
41 -9
32 -10
2 3
-30 26
47 40
-19 37
-35 -12
-46 35
16 49
0 1
-1 -38
-30 7
-30 30
-38 -5
-43 -19
20 37
-3 -38
-11 -12
-26 20
14 23
18 -4
6 14
11 18
-42 -4
-42 -22
-32 33
29 49
-44 8
-36 16
-39 39
-41 -37
4 48
-42 -5
22 29
13 18
-41 27
44 25
39 -14
-17 4
-3 -24
36 0
3 1
46 15
-48 49
-14 -37
46 -14
49 29
-41 11
0 17
-15 17
5 20
34 -38
19 -40
36 22
12 -29
6 17
45 -20
-4 17
16 -6
34 -29
-24 -19
-21 15
41 -21
13 -25
-24 8
-25 16
-13 2
40 36
-16 -7
-36 2
34 -15
-22 22
-47 30
-7 29
-48 -28
-32 -6
41 -10
6 -27
-49 -14
-49 27
43 -18
-3 -25
-39 -29
12 11
-3 47
-5 0
19 12
-29 -6
3 -35
27 -4
-22 23
36 36
-8 41
29 19
-11 26
-37 2
45 -9
-49 -36
23 -39
30 -23
27 -26
22 11
31 1
38 0
-45 -34
-31 -5
27 -19
17 -36
-9 -18
-27 26
-4 24
-43 0
-11 -30
39 48
24 -34
37 -39
-14 -45
4 10
20 -11
-5 -39
19 -17
-13 -49
-39 8
-37 -47
47 21
-7 -16
-14 10
-29 44
-35 -7
5 -19
43 -16
-3 -32
-43 -45
30 11
32 27
-12 -29
-47 -42
-39 -7
3 30
13 -6
23 42
5 34
20 26
18 -45
-12 -45
-9 9
-1 -6
-33 27
-15 -17
7 -20
49 -48
13 27
45 -30
-7 32
22 -39
43 8
-33 30
43 41
14 41
-41 -48
-38 -15
21 34
-25 -39
0 -9
-39 -15
-12 45
44 49
44 6
-38 5
-36 -28
13 -34
19 -2
-32 21
34 -31
-46 -7
-6 -16
-27 -19
24 -33
-17 -47
-28 23
49 -40
0 -41
-20 -22
-8 42
-15 -37
0 27
21 -43
-12 7
49 -14
3 -3
46 -39
-15 -20
-3 -33
-45 22
40 -1
30 -47
31 0
20 -37
6 -14
-19 -48
-1 -34
-22 -6
-13 0
-7 30
-27 27
4 -46
2 -43
2 22
48 -19
-40 40
-26 -38
-24 17
-20 -45
-29 -9
14 -20
-35 -38
-12 16
39 18
6 -48
11 23
-32 19
-26 -16
27 48
-9 -43
42 -15
-31 26
-45 36
-43 -45
-48 29
23 -8
-16 0
-45 -13
-30 -30
49 7
37 28
23 -43
0 48
8 28
-49 1
-33 10
-15 -5
-3 22
-49 -19
-1 5
12 -7
-48 -24
-22 25
-21 9
40 20
-39 -43
6 -9
-10 -23
48 0
-25 37
-27 46
38 49
-15 46
-17 -7
10 -40
-42 -47
-16 21
-5 -4
-45 15
-39 -2
-38 39
14 6
-41 -45
-22 13
18 -37
31 12
41 -23
49 -44
1 -22
-45 46
-32 25
-8 -26
11 -32
48 37
3 -47
32 46
-46 10
-32 23
23 31
-10 -8
-28 49
-7 -42
-46 -34
-48 25
3 37
8 -17
-29 16
-32 28
-35 49
-16 48
6 36
-36 38
32 6
34 1
9 -6
33 -18
-11 -40
-4 -26
-25 12
-3 1
-36 23
21 -48
42 -17
-17 -35
-42 -34
-14 -14
27 -17
17 36
-45 -12
-35 -3
23 -44
11 -33
-46 -47
16 -30
-6 10
-42 21
-29 37
-10 -47
-41 33
18 -47
-5 35
25 -8
22 -41
39 -1
2 21
39 -20
9 -6
29 43
-39 -48
-7 -6
-6 38
-24 -4
-28 -24
-15 46
-48 21
15 42
41 -29
47 -11
-21 38
-40 11
-21 32
-4 16
24 -18
36 38
46 -24
-20 0
-45 -14
26 8
36 32
44 6
46 32
-24 49
25 -40
-12 6
-26 -14
22 -33
43 -27
-28 -24
24 -47
-5 -44
-43 -10
29 30
-24 -8
19 49
48 43
-22 -21
14 17
-12 -40
-47 -11
15 29
-33 -41
-45 35
-41 20
-17 -47
-10 -12
-41 46
21 -15
-2 32
28 18
14 -42
21 36
6 -26
-47 42
-18 -34
-44 -21
3 -25
7 45
36 -1
-29 2
19 32
-39 29
-2 8
-30 -19
-30 -12
26 42
-34 7
36 20
19 -6
-9 -37
-2 21
-32 -42
14 -18
-24 15
17 -27
13 39
-31 -33
14 21
29 1
-38 -42
15 -20
29 -26
-1 3
9 -1
-36 -36
23 21
-3 31
16 43
20 47
41 7
42 -17
34 21
-36 -26
-46 -33
-15 -2
48 3
-29 -23
-34 1
-4 13
-18 -2
-47 8
-34 -20
-22 -48
46 -32
47 -33
-45 28
14 48
45 3
-43 -21
24 19
-1 48
-45 0
39 46
-17 -35
23 14
33 28
0 39
31 -35
37 29
-34 10
35 9
-47 -6
-24 2
7 27
16 -38
-38 -2
19 -14
-11 22
25 -13
20 40
-24 -25
26 -23
-13 -26
43 44
41 -41
17 -28
39 21
4 -21
11 23
23 -30
-48 36
-44 19
-46 34
-21 -34
-14 -5
15 -27
40 -47
-30 4
38 -21
-39 27
23 -38
-22 -40
36 45
-32 0
-12 6
-22 14
-39 -34
-49 -32
24 -32
26 3
6 45
17 5
0 25
4 -8
40 37
37 -7
17 1
-26 6
-22 -30
-24 27
6 -49
-22 -48
0 -22
-45 -23
-37 -29
-1 -36
15 11
47 -37
45 43
26 -7
-25 42
0 35
7 10
32 10
44 4
-47 8
-12 -28
40 -4
-8 30
-8 47
20 39
28 31
2 -10
-32 33
27 0
23 19
-22 13
-39 43
-1 -46
-44 2
-49 -21
49 30
-22 44
-11 36
32 -7
-36 -16
10 2
-45 -18
-20 -28
-17 -2
22 40
38 -40
25 38
35 1
24 7
8 35
-47 -33
6 1
-19 -32
-15 12
-42 40
46 -47
-31 -37
-21 24
-42 24
-35 -33
27 -12
-37 0
49 44
14 10
-27 -29
49 3
-7 32
37 -46
18 48
-20 3
1 -2
11 -22
44 -28
49 -4
-45 6
0 -45
-17 -8
-48 -6
-34 -13
33 43
31 -1
-27 -20
-31 7
48 -19
11 24
-10 -42
1 -16
-37 -49
12 26
-26 48
18 -2
-31 -29
15 7
-39 43
39 -29
-16 18
-27 -43
-23 -16
20 -8
-32 -11
-15 -3
3 33
22 -5
8 -33
12 -14
44 -8
-11 -33
41 40
7 0
17 13
-31 -11
41 -1
44 9
-32 -28
-47 -32
12 -18
1 -1
7 -18
0 15
-43 -12
13 18
9 35
-31 -44
2 47
-5 -30
5 -41
-3 -6
23 18
8 25
-23 -43
-26 -37
-25 -32
24 -16
38 29
17 39
30 34
2 -22
45 -23
37 -9
4 6
-15 0
-16 -11
46 -13
-29 36
-18 11
7 42
-37 11
33 -10
-7 37
-38 16
3 30
14 -4
-2 -11
-23 -2
-27 17
38 -47
0 41
24 -44
-18 40
-49 6
16 -29
9 -2
-40 -36
-8 -18
30 23
-24 30
-47 3
17 -35
-13 -22
-1 -4
9 -33
34 -34
-46 9
-17 -44
-7 36
-9 -19
2 -14
-31 39
-12 0
39 -47
-15 43
34 -12
-21 25
-26 9
-8 11
45 40
15 34
-10 10
36 13
-19 -28
6 35
34 34
-8 29
36 -43
-10 -13
41 -8
-24 26
9 26
-19 47
-45 -47
-43 -25
-27 47
0 1
12 8
43 6
25 27
22 -32
19 17
-49 -7
-27 43
-3 48
46 0
-18 44
-43 29
48 -38
18 -12
-35 -41
-37 -15
42 -39
2 29
15 -35
-46 -20
-27 -44
-11 28
34 48
17 -26
21 -33
26 49
49 -47
29 -25
-20 -22
-28 18
-28 -14
-39 0
41 -15
45 14
13 -11
-10 17
10 -48
13 15
-8 31
-13 -17
-26 2
40 -39
24 -47
-1 2
31 32
-30 21
-28 -43
35 -24
1 12
43 17
5 29
39 7
15 6
-40 4
-11 49
-3 -6
1 46
18 10
7 -16
10 16
-5 17
29 29
-9 16
-38 6
32 -43
-39 -25
-5 41
8 47
35 -34
-41 42
-42 12
6 49
-40 -6
-23 -31
37 36
-38 6
-13 33
-24 -46
-9 -42
28 2
-18 41
-3 0
-38 -38
36 -46
42 -18
19 -16
-18 -5
-4 -14
1 40
-48 47
3 -9
2 -7
-20 -28
8 10
19 31
-25 20
-12 -32
-9 1
31 4
-32 -31
18 -39
-41 -22
-15 16
-46 15
-6 10
-35 -10
-31 -17
-32 0
46 20
0 -5
-35 3
48 12
-41 -6
44 30
-25 0
37 0
-28 29
-45 6
-33 -46
6 -46
-38 2
9 -29
36 -7
23 -45
35 -7
6 -39
48 17
-11 11
-24 -48
-29 46
20 33
-10 -24
-36 26
29 27
-49 -33
-40 48
-46 -36
-37 32
26 -37
-48 9
-33 -19
16 37
41 -5
39 27
26 -19
-31 13
6 34
16 31
-22 20
-43 -47
-38 -34
-25 -44
32 -10
20 40
-12 29
47 -12
-46 41
19 -32
-4 -49
-24 -18
-44 -12
24 16
49 -30
26 21
-1 -45
-10 45
24 -11
-38 24
-3 48
-35 -37
24 -1
-48 -45
-43 -4
-2 -29
15 46
-28 -42
47 38
33 11
35 -25
28 48
27 11
16 -48
-7 10
0 18
13 29
43 -17
-38 23
-2 18
-47 -38
42 28
42 -41
-22 -19
25 -35
-45 -11
44 3
-47 31
16 7
45 42
-1 -21
-11 49
-2 16
-8 21
19 28
-4 -46
31 9
3 0
-31 -32
32 19
-12 1
-20 -31
-7 8
-11 -15
26 10
7 0
31 -31
16 -48
-6 -13
-38 5
28 44
32 40
22 38
-47 -40
-21 -9
-1 19
-44 49
36 23
2 40
-49 25
16 -18
-10 6
34 -30
-42 -31
-4 34
-13 38
-45 -26
-1 46
42 -10
-23 -41
9 15
16 49
-41 -39
13 20
1 -24
-29 18
-48 44
-14 -21
36 -9
-7 -32
-8 22
-28 15
-37 -21
42 18
-35 -33
1 14
41 -19
-4 -11
32 -49
7 -11
36 -31
8 25
41 -23
-15 13
0 -3
-41 -15
27 -45
0 -49
-4 0
48 6
23 -2
28 24
14 -34
16 22
-42 32
0 14
24 27
-3 -4
-1 24
-28 -33
-4 -38
15 -10
0 -29
-25 32
-15 -8
37 11
31 14
8 0
-41 14
-29 -24
1 -15
-44 -37
17 19
3 -25
23 -45
-41 -49
10 -40
48 -24
-26 -23
-19 12
-22 -12
-1 -42
31 -46
31 36
-31 -21
14 -37
8 27
49 19
0 -5
24 38
18 9
45 -40
-34 -33
-14 -24
22 -8
-31 4
0 -6
36 -12
-33 -7
48 -8
-16 -7
-42 -27
0 42
13 -38
11 39
-3 -45
19 11
-5 22
-26 -5
43 6
-4 18
-29 20
39 -3
-43 -10
-16 0
12 8
6 -36
-29 -35
5 7
12 48
-16 -46
40 -34
-39 -27
38 -21
11 -45
2 29
12 47
36 24
46 8
-39 37
47 16
45 46
41 -2
17 2
10 -44
44 46
19 -47
23 -1
-44 41
16 -24
24 34
2 47
-22 -23
-7 18
-29 28
-22 -27
0 -34
36 48
-46 44
16 4
46 -38
-33 -31
-15 -8
-49 4
12 -30
21 -4
49 9
-38 16
20 -37
35 45
21 35
19 -8
24 -24
-42 24
-34 -36
23 25
-13 -42
39 45
24 24
-18 9
-33 1
-11 7
-30 -24
25 -10
-32 -6
39 21
44 -2
-45 -24
46 38
6 -29
-36 25
43 -41
-19 -36
9 19
14 -27
-30 9
40 0
-4 40
-13 8
39 -19
29 -9
-5 -4
35 16
10 34
-39 -6
-24 0
42 32
-41 -38
4 -45
2 -35
25 31
26 -28
34 -23
-1 -14
24 45
41 -42
19 25
-31 27
-33 -8
4 -21
-28 24
46 10
-36 -41
-5 16
45 41
-49 28
21 0
13 -23
30 -25
-16 21
-41 -5
-12 -42
-4 -20
-3 -4
48 4
-2 20
-25 -1
6 -25
48 28
0 1
0 -12
42 4
-20 24
-43 -29
33 47
-49 -37
-40 -33
-4 29
28 6
-10 31
9 39
-33 -8
47 15
-5 45
-9 6
-44 0
9 41
-1 25
34 -13
-12 -42
27 -15
19 38
-23 35
20 -4
-8 38
-26 -28
6 21
13 -6
-19 -11
-32 1
-7 20
11 24
8 1
-33 -20
46 -5
7 5
-34 -47
-42 -9
34 21
47 48
-21 10
-46 45
-44 -21
-13 -33
15 -46
-4 5
34 7
42 -25
10 -3
-48 -41
0 18
-20 -19
-22 -39
40 0
-37 -3
12 -35
46 3
-2 -25
-10 33
40 -5
27 -5
-22 -6
-43 -13
36 13
6 6
-35 26
22 37
41 7
5 -42
29 37
42 21
-47 43
-21 24
-49 11
39 16
8 17
18 0
-12 -10
-21 47
-1 -30
-1 -11
-5 12
28 19
48 -42
-32 44
-21 38
-9 0
-22 -22
-17 0
-29 -7
44 8
8 -14
41 46
43 41
35 -19
-13 -29
-48 46
8 28
-11 22
36 -46
39 20
-34 4
-48 -32
-38 38
1 7
-8 18
-15 0
-30 29
49 -2
-1 -16
40 15
-24 -10
-26 14
-20 19
27 19
16 8
-32 49
48 26
30 -6
-30 0
-38 13
11 -33
33 -12
-17 -40
-33 41
-41 28
-22 -1
32 32
22 -33
34 24
43 -45
-18 -18
4 -45
43 38
42 19
3 -27
32 -41
4 15
46 -19
-16 -16
-12 38
29 -25
10 -20
33 32
31 -45
26 -21
-49 16
-42 -30
-31 31
37 -9
-13 15
-30 -27
23 48
-44 8
-33 47
-48 -40
1 7
-17 48
26 43
-6 -13
-35 -29
38 26
-48 42
-38 8
31 -4
11 -49
-49 -37
-18 13
0 -16
24 29
-44 -24
39 -35
39 27
-49 -33
-5 45
26 4
-3 34
5 -30
31 45
-6 15
25 48
1 27
36 -38
-23 21
23 2
33 14
-49 -34
23 -8
46 -31
42 19
-39 -9
30 -11
20 -1
-34 35
-22 -36
-48 43
-15 -30
-22 27
8 -31
-37 -24
22 -40
-19 -19
-49 40
-14 -22
-18 48
-9 -6
-45 23
-5 36
-28 -6
33 -30
25 40
-24 -29
-2 32
-49 22
-26 48
-5 -24
-20 24
-26 -17
21 -11
11 42
38 11
17 0
34 -45
34 -27
-16 -17
0 -41
30 27
6 5
2 -47
1 -45
-18 -35
-34 32
49 0
-6 -3
28 28
22 -32
-2 32
27 40
47 -1
-47 -1
-30 -49
-38 -31
-43 6
-17 25
-12 49
40 -39
49 -18
31 -15
4 -17
-17 25
-6 -3
26 -7
-4 -48
29 0
19 -47
19 -27
25 16
-40 21
2 45
-48 35
36 43
-15 22
14 0
-45 35
-2 23
-42 30
-22 -38
-4 34
23 21
-23 -44
-32 -12
-15 15
-39 -33
-33 -16
46 -23
10 -47
-17 -29
-34 44
11 16
-19 28
-44 33
43 -10
-9 -33
-30 36
-46 -3
35 9
42 -27
10 34
48 20
-21 -12
12 -6
-26 16
-3 25
-39 -49
-30 7
28 27
-4 10
39 -23
21 -8
-16 43
-16 31
-16 -36
-12 14
30 -16
9 12
42 -24
-31 -16
-40 23
-2 31
47 11
43 32
17 40
-32 -17
2 -31
-4 43
20 -6
11 14
20 -1
29 37
34 33
16 8
5 -29
43 -22
9 -12
-13 31
-14 -3
-36 -26
11 -43
21 -16
-37 -19
-40 -30
-11 46
34 21
17 -11
-4 -30
-21 -15
18 35
-11 -34
-23 26
26 23
10 4
24 47
8 -11
-10 16
-1 -47
-41 18
-14 -1
26 25
-30 -2
-17 41
44 -29
14 -11
1 -48
-10 -49
-17 2
40 -42
45 10
30 -22
13 0
44 -1
47 -41
1 -36
7 6
28 -4
4 -40
-44 -39
40 -25
-43 4
-35 23
3 49
-47 29
-1 -35
9 -42
45 1
-10 -2
2 37
-32 47
-40 -24
-25 1
-2 -47
-31 29
26 32
30 -38
-43 -21
24 45
-24 -7
-33 32
-19 22
-6 -5
-31 -19
-21 -26
-26 -35
-24 18
-28 29
36 44
25 -43
32 -13
-21 39
-30 -46
20 46
44 -29
-26 12
44 15
38 4
27 27
-41 3
27 -15
17 -23
-3 21
-14 -31
-48 -17
-6 -31
32 48
-43 0
-49 34
39 -40
-9 -25
-10 -40
16 -38
-35 -17
-36 -36
-30 -18
-7 28
44 21
-18 -21
18 -12
16 19
0 30
13 -19
-40 25
-28 -4
48 44
10 41
-37 47
11 -35
-20 -36
-12 -21
2 -21
-37 -41
35 20
49 39
45 39
25 0
15 -43
9 17
-39 18
24 7
11 -24
35 -22
31 25
-16 -23
45 -46
-47 9
-10 -40
11 12
-11 5
-45 48
10 -35
-46 26
-42 -38
34 26
-47 -24
12 16
27 -15
15 42
6 -31
-45 -13
12 35
40 -28
-4 -35
-23 -25
-7 -13
-23 48
-35 -48
-37 1
