-1086 2492
-1125 2581
1801 -3770
-729 4570
-1021 3015
4423 4846
483 -485
-3268 -2871
-1408 -358
1343 -1750
-230 4749
-2784 -3447
2713 -2166
-4098 -3248
-141 -1877
1187 -291
-1339 -2870
3525 174
-4789 29
-766 2230
2125 -4242
395 3341
-1896 4217
-271 1427
-1834 -1852
2759 1787
-1023 -830
-1505 -3018
-1380 3345
1150 2016
-1965 1949
1076 -1311
-1152 3754
-1489 -2220
69 -2035
4840 3899
1365 -3304
1907 3666
4056 -3837
-2373 -2009
1966 3928
-3650 4551
1970 19
2678 4244
3001 -1280
278 -4487
3700 946
-3751 -3634
3312 -4706
949 -4739
-405 -4641
-2874 -1100
-4813 -644
1582 -3015
23 -258
2580 -2309
1127 1030
2987 -635
-222 1252
-3526 349
-489 -2000
-354 -1651
1800 -497
2912 1158
2220 -128
4063 -847
1980 3544
4512 -714
1042 -3313
-1937 2575
-4021 -2380
-2447 -3765
1787 4276
-3664 581
2932 -610
-1829 -1080
-4755 -2112
-1575 -1042
-4485 3696
2387 -1635
631 -1313
-238 -907
680 -705
3213 4328
-3672 2050
-390 769
881 3481
3926 2966
-3919 -2429
-4737 2139
2983 3174
-1534 1108
2155 -35
3234 4867
-2236 -2735
138 -217
514 2736
3690 -4304
-4076 4302
-3519 -3145
-989 4061
769 -4258
-4191 22
4571 3509
4179 2046
1918 -3135
-4760 -3318
1741 2957
1299 -3852
-3777 -1089
-4225 -1577
-932 -2214
4818 4591
4333 1484
-904 512
-1692 823
3715 2269
676 2353
-2261 -3008
-3240 3264
1188 -331
1051 -1776
3966 2874
1192 -4593
-2252 -4194
3599 -4102
-3509 1530
4655 240
4389 1221
2746 -4729
356 4706
-15 4167
-1353 -3699
4212 -3758
-1606 3491
-1476 4758
3285 -3519
981 -4075
2238 2606
-4398 -3850
-465 -3480
21 3727
-3968 -386
3146 -717
-3265 -329
-4035 -3425
-2481 -1473
-2106 1673
4572 -2954
-3784 3557
3521 2714
-1320 -2760
-487 109
-1384 2174
833 3083
-1233 -4249
-930 -3502
1623 -3246
607 -466
988 1334
-2557 -4216
2039 -4486
-2033 -1833
4165 1119
-1345 1093
-3462 -2837
-3768 -2257
-2517 -2273
3621 -290
-4076 2381
2387 966
2377 4198
-3812 -365
4699 -596
875 403
-1873 784
-4749 4377
-661 2725
3432 -904
982 2458
-2472 -2973
-49 1064
782 988
748 -3496
564 -2630
-742 -3494
-2812 -3070
142 1917
4053 3429
-4558 -4160
-2246 3857
2935 -4700
-2238 3670
-4310 3744
-2779 1643
-4675 -947
-4171 3548
-3091 1312
1818 -3310
-3186 3066
3236 2755
1520 3666
621 2865
4565 1029
-1278 -856
1315 -1119
1283 -2626
615 3605
1211 -242
1976 4036
2479 -169
-2224 956
-4623 2281
-3248 -3467
3254 3854
4547 -3475
3868 819
-3811 591
4880 2543
-2425 1257
-1466 3814
-2099 3761
2537 -1161
2427 -2494
1885 -4468
-1616 -1931
-4072 2049
3774 1856
-2397 396
4365 1924
1411 4452
-3574 -3957
-3532 341
3579 -276
1700 2913
1194 -2707
-1018 -3278
4366 3152
-3016 -4233
-616 2950
186 1260
1094 -353
423 -4600
-3083 -2551
-1567 -2293
-710 -3102
-193 1462
431 -3459
1712 -3264
1575 2372
-2230 -335
3676 -1601
-1794 -4506
-4788 4626
493 4571
-3214 -2233
-2646 -1384
4033 -3715
3591 660
3701 -3522
-4588 -4601
-4323 2564
-3016 961
-1367 4840
-3707 -3904
-4006 3316
3170 4032
-4125 1472
-4448 -2523
643 1571
-793 4884
2214 -1980
4427 -4658
1462 4040
-3502 2334
3744 4822
-2710 -2570
-3103 4879
-3597 -3324
4586 -138
1505 2498
-4596 -2139
2678 3450
272 -4044
2378 1942
3611 -4441
-162 3720
-3627 -154
4668 3984
3228 -2608
-4832 -1282
-782 2226
-3155 4553
1597 -2166
-823 -3833
-3791 3069
-2107 -2043
-1798 1135
-1883 3062
4459 591
-3490 -4446
-3909 1554
4043 4101
4368 2115
-3174 3468
3456 -1641
-4033 -4361
-1441 -113
-4828 1018
2415 -308
-745 480
-1914 4374
-864 3209
1727 1251
4146 1076
4857 4636
-3261 -923
-1386 -3206
4827 -4279
2856 2161
1650 1117
695 1492
2017 2636
2617 2482
-996 2500
-3072 3081
661 -3959
-360 -1725
1000 3783
4039 3103
-2476 -4029
3897 -280
2583 -1057
3855 -512
-4796 -2933
-3768 3748
2267 -867
915 -703
3081 2191
3064 2066
895 -1310
1064 -3859
-2019 -2010
3144 2855
1325 -3913
-1668 -3777
-3809 -3851
-150 4348
-4704 -1139
1066 2995
-1089 1985
-2738 -1905
4590 2715
3352 305
-2928 -189
2836 3796
1056 -3671
-3635 -4096
-1507 -2013
-4214 2836
2866 -3239
-796 3480
3628 2651
-1306 2674
108 -4518
2953 636
-4232 -2690
378 -3654
2190 1247
-1398 617
4235 -1846
-160 -4680
2222 -3894
-2713 -4058
-2239 2647
2579 2868
-1012 -4321
2784 4844
4655 4107
-948 3300
3947 -4289
-3388 3156
-3510 2514
-3377 -4105
2412 908
-1433 -2933
-4424 3020
2504 -2994
-2804 1382
3362 4655
-3135 -3955
4533 4880
1004 -400
-1700 775
2876 3541
-840 2537
2983 -2732
4714 -152
2346 4049
823 -1845
-3859 960
251 2855
121 2377
-1217 -2964
-1983 -9
2809 -2183
2491 2641
-3536 -2323
-620 -134
1693 -313
1777 -1368
-3499 -883
3633 1103
2137 507
-3327 -101
2847 -617
-1378 1863
1008 -2965
-944 -3159
-3796 -3268
-1004 -2533
-1814 955
68 -4102
-1745 -2015
-4041 1352
3501 -1955
-1919 3617
-324 1548
-3375 -3139
1647 1459
-2366 -2398
-318 3549
4526 -3742
-3365 3824
-1314 3207
-4227 -454
997 3734
-4700 -2196
-2052 -4496
-20 -4052
-534 4870
-2433 2122
-2864 -4750
3532 -1266
2089 -216
4835 3018
-4168 -4875
571 -1536
4269 1586
1512 -1999
-1930 1640
-2275 2490
-1034 2652
4367 -2011
-4353 478
-2340 1080
3847 1813
2412 3203
1374 -1593
-3857 1620
-473 1886
4494 4
2167 3378
-4582 2940
2777 -2829
2611 -1081
-1713 2892
-74 -171
1303 2394
4421 -634
3531 3115
2080 2459
-1535 660
-3138 4235
1208 -2258
-2370 -884
-2595 3963
-742 4111
156 2585
4008 -1172
1503 933
4128 393
4363 395
-1276 -1000
2707 88
-1633 1817
-3647 -4425
1055 -31
332 -2874
-4688 -68
-2227 -1206
3440 4643
-2585 1049
881 118
-1316 -898
311 2674
2498 1580
-3814 1025
248 3186
2050 -185
-1357 -2092
1889 3890
-3367 -1477
2542 -1195
615 -4243
-1952 -1473
-1269 3345
-1318 -2644
377 -262
4774 2561
-982 -3517
-3986 2657
-4673 1015
4377 -2216
4631 2692
-4024 -4318
2273 2000
-4380 1886
3701 4033
1804 -3385
1766 4587
2818 -3022
-3079 -2974
4284 2989
4800 -1264
2182 -2755
3470 -1594
-891 -4052
-4570 426
4563 1628
1821 759
1904 -3104
-4752 4290
-2670 1203
3584 -669
25 2500
-1674 2838
-742 -2180
451 -1832
-1757 781
-1924 1283
4625 2807
-2888 4234
4336 -863
-3249 -1398
-3085 -3205
2467 935
-967 -2428
-1480 -3898
-599 727
934 2775
-4025 -339
-647 -737
-4852 -933
-3343 1316
-3919 -579
-857 616
2172 -2458
527 -2756
-4124 2306
-4603 2511
4008 514
-1065 2200
-3751 3827
-1362 3852
-3071 -729
4420 4317
-277 -1307
4330 4749
-3852 -3631
-3112 1583
-3415 -2136
-4213 -2728
2581 -4346
-2370 3881
1477 3953
-3843 1129
2777 -2198
1524 -4849
-1317 -4176
3865 -205
-1320 4466
4765 -3411
-198 -4666
1098 -2422
-2239 -2591
-4434 1856
-1419 -2407
1998 -742
4281 -1413
3120 -1305
2060 -642
1871 508
-3900 -3723
-1247 -174
-3691 39
4769 1397
1298 -4894
4228 -1359
1422 -737
-4348 -1092
-647 -438
280 2849
556 -2277
177 -4734
1199 -2220
-4797 -2106
544 807
-4551 2507
-1352 -4754
-1531 -1805
3998 -2582
-3953 -3214
-4628 3530
-454 3745
-1459 -3254
-4623 3738
1026 -602
-4262 -4383
2742 2364
3384 -1071
-147 -512
-2261 -1428
-4854 1470
2729 -4234
-4215 -3572
2831 -3516
-3776 538
798 30
3326 4474
-3290 -1762
-2635 3932
4550 2505
2939 4631
-1644 -4297
1836 1032
2450 -2463
-324 3044
-1734 -1224
4109 517
1008 -1873
2905 -2465
-4463 1759
1003 -3935
-728 1082
2199 2352
-1186 2405
3126 -4795
2676 -4669
-2723 -472
-4281 1355
-2018 503
3727 1200
-4598 1181
-4149 422
4706 1289
-3399 3515
-162 -1902
80 961
309 -2584
-2770 -3435
-4165 3404
-3668 -3762
-508 572
3683 -1078
1868 955
-3727 3174
4191 327
698 -3536
1503 2393
2408 4872
2064 2125
-2943 -139
4883 -2050
3293 1180
-480 1912
-1216 3406
1346 80
-943 4417
-973 -279
-37 -2875
-1736 -709
3074 -3775
-569 189
-2974 361
667 -3050
-2540 1142
2464 -567
-4369 -724
4316 -1851
-1092 3792
1312 -647
1275 -3470
-1168 -2912
1886 -2434
-1890 4707
-2938 1722
-354 -232
-211 4389
1735 -88
2661 -658
2532 3765
2938 -4220
-1123 3005
-2598 2076
1927 4356
4185 639
1628 2653
2407 -4006
1116 677
2062 1733
2899 -1890
1829 -1913
3610 -2313
-2060 -622
-3205 1923
3001 -1583
-2928 2115
3659 -3823
-1851 4803
-1164 2461
2418 3273
587 2060
-2136 2528
17 -226
-1423 589
-749 4548
-1056 1021
3204 1073
-3620 -4737
-1592 -1421
-3622 -3439
-914 4186
-1378 2998
-2372 -3657
1646 -832
-795 -3362
-2749 306
4299 -1225
-474 3030
4113 -2594
4384 3437
-1920 1008
1649 -3499
4461 -4219
-1325 1331
4379 -1228
1206 -1167
1259 496
4172 -4444
-205 4324
-1855 -4304
4655 3189
1936 906
2007 4608
2135 726
2353 -4129
4227 -45
3331 2522
1392 2465
-901 -1659
-3562 4101
-2456 480
-4312 -570
-4125 -4853
3095 3734
-723 3470
-1636 -4636
-4473 -2287
-2211 4141
-3082 3683
2777 -4258
-3428 -1065
-3341 3281
-2029 -590
-716 42
-1815 1577
1400 -4641
-4858 -4421
3884 -3420
2643 462
-872 -1594
-2588 4353
3358 -1502
3915 -3118
3512 -1271
-1567 -1957
-1497 -4563
2561 -1268
-3295 1510
2034 4237
-3614 1563
1349 1500
-3493 -2882
1668 -3452
946 961
-2752 -3299
-4397 -1872
-730 1136
4760 -4403
-2305 -2019
2255 708
4473 -1067
-3021 948
3304 -793
2729 871
-3230 -377
-4830 3411
-374 -3140
1377 2528
2217 -414
3386 3862
2990 -4084
2739 -4036
-2182 -1004
-2734 -197
2179 -725
-1501 -4425
-3945 937
193 -3831
2650 2802
-4860 2777
-1787 -3734
3439 119
342 943
3039 -2373
-2520 -841
-4794 -3210
-1300 470
-1631 -3451
-273 4786
3373 3424
-1152 3236
-995 455
2907 -2240
405 -2018
3048 -406
-3663 2912
-3963 -4544
1488 914
-4333 -2971
-3109 -4664
1992 -4791
3470 3326
-4312 3199
-1078 -3198
4636 562
2575 -4289
2904 2624
-3789 1337
-4846 447
-1854 1149
-4477 -1921
-4064 2573
2624 3004
-83 -280
2196 4081
722 3325
-4157 2814
-59 -4152
-448 -175
-4343 -1505
-3336 -2053
194 2667
-3698 -1599
3078 545
2827 -717
3072 4045
1106 -386
-3985 2860
-3182 -3351
1893 -3403
-4797 -2091
2586 4110
-3592 -4307
1145 870
3831 3809
1148 3666
-2834 -3054
677 1936
401 513
2184 -1925
2651 -3293
-1932 -2361
-2878 4704
25 1318
-2508 3686
-2725 2044
2120 1354
-677 -3593
-4640 -843
4309 1072
-4088 4884
219 2690
2348 -3774
2930 -3087
4099 1719
-4730 4760
3258 3506
3793 -3872
2706 2139
4154 827
2398 4677
-1635 4547
2495 555
-1678 -268
-3887 -678
4130 -3452
4578 -1403
1317 3988
1730 -3974
-1891 -4681
2187 2857
-3568 -884
-4332 -1759
-1309 1427
196 -216
924 1342
-1948 -3616
-269 -628
-3027 836
2150 2659
4718 1761
2207 -86
3024 -1267
2157 -2401
-946 3526
-743 23
-3027 1376
-1625 4204
4204 -3073
-1768 -497
-3844 -992
4859 3888
1460 -1636
-732 210
335 -3136
-4379 1725
3622 4419
-687 4476
505 3173
-3002 -410
-3557 1475
4798 2319
2343 1909
-100 369
2677 -2231
-576 -1650
-3345 984
2186 -2605
-3481 3214
2112 4282
-2190 4042
3910 3578
-3548 2356
-76 3836
-760 1415
-3824 924
618 -2351
3675 -2758
1290 -103
-3348 -2785
-399 -3061
-3641 -162
4598 -4179
999 -3011
237 -2127
-2391 -918
1791 4169
-3665 180
-3525 4764
-401 4147
2766 4124
-907 -2816
2155 -1627
2535 1338
3870 -2933
3719 227
-1532 -2988
-1784 3384
-85 3145
-4336 -3458
4035 -2851
-2482 968
3250 1331
-1636 -4533
-2108 -4380
4199 -369
-2646 -3246
-959 1121
-3601 4093
-3427 4296
-175 -246
2275 -535
-326 -1758
711 2300
572 -2447
2271 2048
-4127 1328
-1712 -1776
3968 1857
295 -4756
-1414 4589
2574 -472
4445 3405
292 -1109
-2980 -2402
1615 1412
1847 79
-3526 -128
4891 2098
-795 2165
-1329 3082
-1442 -1118
4435 -4585
4564 4338
2229 -3282
-4223 -454
-4074 3989
480 -1284
-1624 -3655
-1568 -3100
3028 3275
470 -888
3099 -1226
4195 -4729
4294 -2355
4246 2467
-3036 3962
3449 -129
-1226 -181
-3640 -3832
567 -4628
3172 -2563
4606 4188
-1837 -235
2915 3958
2334 2535
-2361 1846
-496 3325
-4016 1053
1242 3581
-4372 -628
781 285
-1158 4793
2281 -2151
-3809 -3893
-3342 1522
-3647 3271
1185 3460
-1444 4468
-222 -1753
4082 -4227
-195 -2472
-1426 4323
-512 509
3150 -4654
-4612 -3298
-4065 -724
-2000 -3575
762 -4809
1847 -956
-3829 2193
4287 3020
4238 1812
4128 -1446
2277 -4674
-4126 -103
2593 -4689
4054 1960
3030 1033
-1714 -85
3178 3060
4865 -562
-3068 -205
3238 4001
-3070 -4732
-287 116
-4825 2987
-2165 1180
2652 -668
2444 785
-1546 2432
-2681 1021
171 -589
4641 3544
3688 1288
-4006 -84
-4120 3421
118 4678
1225 185
-1663 678
-3777 -4226
-4831 -2947
3870 1082
801 1572
337 -3644
3676 1373
4588 -4160
3069 757
-1902 -2017
-753 -2871
-2625 -2899
2528 -4024
1476 -2061
4794 -1169
2196 -4842
-3168 945
2377 -1313
2647 -3495
-1781 1300
2227 4409
-2454 2304
-2511 1129
-4687 -2365
-192 -3814
-1781 -3771
-1488 -2736
-3829 -2046
-1333 871
3412 -1068
3192 -511
-4286 -4446
-4184 3459
-3385 1444
-1030 181
412 -2308
-2650 -3399
-1318 -4155
1536 365
3529 -3950
3210 -516
-3398 97
3917 4225
1776 -580
-2466 -1232
1423 905
-2845 -2432
4110 2481
-1166 -374
1122 3237
461 1489
-4338 2171
1319 -4756
-2007 -4521
1987 1044
-1387 -786
3681 -1258
-763 4201
-2076 1875
1920 3232
745 -266
-1546 3379
-3185 -117
4612 3496
2037 4231
-2016 3942
-4490 4222
-1571 -2783
-3238 -4423
-2890 -4592
4290 1589
2253 3162
2721 -383
993 1782
-4656 -2823
-1379 600
-3805 -1278
-176 -3041
3994 -4224
-2593 628
2389 334
-2444 -4287
-2834 4505
3513 -1186
1396 -230
-4354 1822
-1801 3929
965 1496
2763 849
-3573 -2885
-814 3360
-304 -2817
-2508 -4215
-4755 859
-1954 4591
-2234 1671
-1491 4193
1503 -3783
209 4580
-1605 4244
898 -824
3831 3059
3637 3410
-1773 -2519
-558 1615
2830 778
-1872 -3857
2925 1300
-2346 -851
2092 4885
2547 -1790
1223 4105
3777 -4544
-2324 -3879
-543 -347
-2390 1138
1811 -1774
-1186 997
1428 739
482 -991
-4078 1539
-2459 -2032
-4142 -211
2265 4809
3642 1335
3317 2054
-2346 2422
198 1085
3091 -3210
-3363 -2765
710 -3422
1191 -1439
-1287 1576
991 -4092
3655 -3201
-4210 -3596
79 3156
4694 -2351
3652 -769
-3496 -4177
4755 -3061
-4381 4068
1485 4760
3063 -331
260 -828
2045 4090
4779 -4195
4561 1759
2629 3708
-3986 3158
-912 -311
3520 1478
4524 -2784
-1768 -4019
-3787 1630
371 3271
2265 2837
854 445
-2821 1973
-3125 2298
-738 -2584
3086 -1612
3726 -4635
1057 -842
3302 573
-3581 3759
-950 4839
-891 838
-1523 -554
3350 975
-2657 2400
-688 -3068
2308 2475
1515 -1510
-423 957
742 535
-2257 -1236
-1250 4076
-818 -2686
-3277 798
2496 3686
-2072 -4634
-2456 -2841
-1953 -157
1696 1559
4414 806
1487 2662
4679 -4312
1421 380
-3759 -2881
-3020 2533
4055 634
2569 4519
-4842 -1901
3500 -2977
-1855 838
769 -2120
-3013 -3273
2415 4637
-4664 405
2857 3118
2301 3177
-4286 -229
3612 1852
3934 737
-1019 2339
3138 -2523
-4646 2584
-1169 3927
-4450 -31
4169 4316
2737 1292
-3516 -504
958 -4212
380 -2396
-4412 854
-1623 -3160
-4182 -1270
3742 -128
-462 -3258
2610 -1791
1421 -3828
3899 4192
3452 1181
-311 -84
2508 -2777
-734 -1531
1279 -975
-2926 -564
1568 -1764
2889 -3776
-3434 -1759
4286 -4446
4743 -4490
-4766 3523
-3668 -2518
930 606
-3352 -3777
4298 1048
3817 -634
681 -1927
3041 693
-3836 3239
2499 4597
3354 -3145
-209 106
-3545 4058
4590 2889
1970 2817
-2654 -2923
3317 3561
4533 -1308
-1362 -4782
-4539 115
-287 -1653
3786 4401
-4723 -1913
-4691 4259
2894 -2232
1312 4761
-3709 -3888
3794 2028
3212 2862
3386 -3391
3927 -4227
-3275 2670
-421 -4787
1006 4789
-677 -4028
-3852 961
-1552 -4839
2842 -2894
2668 -2571
-1792 -3974
2355 -3490
-1492 -4000
4610 -3636
-62 -3472
-3049 -1157
3779 1148
4411 -1347
3428 20
-3112 -1538
-1152 -3826
864 4866
-4104 -4513
-2210 -2596
4339 1535
32 -2512
4596 1360
-2438 4232
3281 924
-1531 3217
4606 -3026
-2023 2756
-2156 2102
1096 1947
-1101 -189
-2113 4468
2150 -4170
-1878 -4562
4661 4406
1696 -833
276 314
4227 2355
-4220 989
563 2854
-975 -1082
1158 3619
907 383
3837 2668
3705 2669
-386 1609
382 3988
4718 2830
2414 1209
-2133 -3317
2691 -2748
1746 -4111
-2281 -586
-851 459
-2365 -1472
4195 -465
-239 -3573
-2518 2008
-4586 1669
890 -2047
-4811 1454
918 1511
683 -3865
1814 1504
-2994 -3057
-3020 3031
-1519 -3959
-267 -7
-1329 -2611
2722 -2352
1990 2268
-4508 -1185
1229 1707
1356 111
-1046 539
-2076 -3454
512 2129
928 -1237
-1433 2867
-76 164
272 -588
2287 4367
1000 -4790
3306 154
2003 -3746
-830 3726
-1736 -374
936 -3193
3024 2021
-1512 -1210
52 1050
3428 4850
-2358 -3861
2387 860
2215 911
4196 -4576
-1700 -4034
3849 -1094
4157 1583
4476 1440
-1973 -4778
1096 1839
-2268 2611
-3018 -2558
3777 2075
-723 2335
-369 3803
-4483 488
-1715 -3146
-197 -3693
-4064 3008
4320 -1700
4125 4190
-299 -1295
3116 -1595
-248 -718
4710 -3324
-3549 -1291
1463 -2213
-606 1752
-1203 -3684
-3812 -4177
-860 596
2092 -4294
-2857 -2218
-3784 -3739
-2492 -721
-3501 -4673
-2199 -3567
3436 -1552
3264 1
2937 4899
-1439 4808
-4073 -1086
106 -3363
-1727 -384
-248 2476
1960 3298
955 926
-2725 -4578
2007 1819
2832 255
396 -963
-1913 323
-3703 3160
-4542 -4339
2231 1124
1582 4590
4742 -2699
4409 1226
-4293 217
3299 3148
-1989 -431
2075 1435
1426 2135
-3736 -3062
-2288 3962
1897 3553
-3196 -3349
-3926 812
-1525 3189
4055 3584
3752 -2688
4071 -153
3453 -2548
4683 -2597
-3406 -4360
3255 4141
-974 -4274
-2128 2223
-3841 1215
-4133 1886
723 -3937
221 -2843
3170 -1344
-3983 4879
1086 2545
2752 -2102
4592 -2083
973 942
-4451 1763
2383 2806
-4887 4004
-3432 2555
366 500
3101 921
-2437 -747
-4138 1238
-1398 3427
-3040 -333
-64 4320
4821 2292
-2356 -1808
-3709 3089
3504 2385
-2565 3356
2011 -1831
4789 1303
-3203 3397
4729 -1740
1612 -397
3755 4853
-3957 -1466
3226 1949
-312 -3514
2835 3392
1140 -1546
-3622 -3330
-675 2986
1271 4878
2855 -1416
-973 -3948
-2720 -3485
2088 387
3006 1319
-51 4822
-2916 700
-1278 -3946
2043 2091
-399 -2726
-2942 886
3021 1313
-918 -4329
-2759 890
-462 4514
-153 2288
2890 2763
39 1604
1819 2694
69 574
-3997 1779
1859 -2847
428 3258
3696 4164
2337 -3889
-588 -1695
3522 4262
860 -3113
-384 -1092
-1634 -4234
-269 4745
3654 3368
-1553 3998
3631 1184
745 -4772
-3525 -3372
4877 4228
283 -1209
3059 234
-1242 -4414
-2827 3369
2643 -608
872 2628
-4551 -3294
1116 -421
-3312 -1049
-1545 3360
2609 3766
-2272 -748
-4583 -821
2099 2292
-991 848
-2462 -4851
-1968 -4751
3642 1820
-4029 266
658 1947
-944 4781
-621 244
856 -4187
-4519 -205
-40 -887
2471 3115
4345 -2852
4313 1505
-2080 2073
-429 4807
-3220 209
529 893
-2633 -3198
826 2843
1655 -4041
4414 3172
4258 -1069
1739 2120
-790 4654
976 -2178
4631 345
1116 -1936
-2300 -2127
1633 1333
63 -219
-3533 -1239
2811 4136
-4075 -4029
-1291 -4069
-1763 1600
702 708
2459 4622
227 -2348
-1115 -830
4015 97
-443 -4406
-4215 435
1910 3422
-2944 -2487
-1318 -471
-3078 -1583
2746 1192
987 -3253
-2956 -16
1795 -4192
2104 1559
2135 1208
-1045 4372
-4120 3723
-2384 4819
-1464 -3519
4007 -1119
-1487 979
20 -305
929 2226
-216 2975
2506 -3268
-4717 -168
3256 -668
-760 617
-513 2041
1760 -4100
-1074 1190
-1205 -1901
1887 4136
1709 -3936
4018 1530
157 293
4358 347
-828 -3165
2012 3982
-3585 3377
-3579 4187
-1805 3166
1483 -1908
1727 -3321
3428 -2730
1563 3505
-1144 3674
650 -1774
-1843 -795
-4530 3973
3370 4117
-672 3953
-1805 -1101
-4195 2870
-340 3228
667 -2368
351 2684
-984 4785
151 1720
2464 4379
3552 -3408
-3509 -386
-966 -4334
2265 -3271
1740 4710
-1684 850
4489 3667
-4758 3599
-2643 -3148
4891 4769
-4775 4611
2767 852
214 -1058
4519 -843
2512 3440
-4521 -2522
-1356 -2331
-827 -4095
2059 3900
-1607 -1018
15 -2285
4243 -4366
-1767 2820
1777 2355
-4774 4393
-6 758
-344 -4442
-355 3050
-1852 923
994 -144
-808 4286
47 -3137
-61 1859
780 -4356
-4562 -3753
788 1259
3896 2007
2115 4356
-2747 2539
-4826 -4260
-4538 -4548
2774 -4105
4328 -4112
-3456 -3146
-1636 -3279
-4635 1449
-1566 -360
4134 -4001
-2007 -1387
2960 282
2040 1145
1857 89
-4286 -389
-1589 3453
-1132 -329
-4118 -3673
-310 1105
-1437 82
3342 2088
1299 -2115
-4563 4475
-35 2629
12 -2386
-1541 -3395
579 1306
3222 -1102
-4175 4112
-457 4045
-2874 1530
3226 3117
-608 -3246
-3924 2066
-2374 -344
1355 -858
-1348 2640
1450 -1016
4255 -2639
166 2389
975 690
3234 -2204
4457 -2658
2372 -718
-3605 3485
-4733 -994
2295 3365
-874 -4296
1106 4481
-2597 -3560
-1132 -4663
3689 -3070
-2138 -4213
2603 -4511
4213 -2389
2846 -1338
3850 -401
-656 -2528
-1030 -1322
4602 2696
-586 16
4128 4045
1709 2155
631 4585
2097 -2393
2188 72
-1478 1484
-2453 1105
4665 -46
656 3156
3456 -3404
-883 -809
-2104 -942
-829 -3846
1507 -3169
423 657
-2324 -1275
-1060 2395
-1351 -3916
-1416 -1732
-1678 706
-2703 -2597
4089 -3247
-2285 1555
1930 -1976
-4338 136
-2221 4753
-1909 -4325
1597 -3048
2280 3272
-2583 -1292
1054 3584
4609 3389
3724 2235
-1292 -3564
-4870 2933
-2063 -13
-775 2988
-3799 1375
-999 254
-3957 1661
-1653 -1198
566 -3832
4312 -862
-168 -4625
2548 -3096
-45 -3698
-3142 3292
1852 3699
3453 1946
1763 2797
1978 1858
-1118 4545
3669 2871
-406 -910
4492 4392
4891 478
-122 2418
-3202 2590
-2368 -631
1055 4306
-2260 3559
4899 -2369
-3379 -3266
-2940 4048
3244 -2987
-3598 312
1897 3863
-1703 2279
-3675 -3607
-249 -1309
-2533 2337
-686 1863
2879 3473
-2518 4128
3718 -4603
-1035 -1248
1540 4024
-3390 1327
699 2397
-4032 -4016
1797 -831
-4017 -1418
858 -3380
4408 -3352
-4462 1249
-819 60
3951 856
3776 4645
-3896 4050
-1441 -1231
447 -972
-4606 -4076
-763 -1559
-4273 3083
-3798 747
-3487 1701
-3307 -798
-1237 4417
4241 410
1848 -3123
-585 2216
-2249 1821
941 -3814
3523 4625
143 -545
1044 -4047
3115 1619
-3732 -2322
3842 -4551
1538 4535
3618 4521
-4810 2395
1928 801
-535 -2947
-4521 -3069
-2164 822
3975 298
4870 1662
3450 -3451
1157 2539
-1996 3483
4223 2809
-4683 2120
205 3998
-2913 3776
-4413 -4788
-1481 4070
-4129 -3546
-682 -1939
3299 3782
-4443 -2250
2200 -120
4160 -4249
-4673 -903
-2768 -1876
-2714 4688
-4486 -2238
1300 3034
-535 -1651
-631 -468
233 -3127
-3278 -4282
2276 3356
1469 1305
128 4423
3234 1679
-2438 -2385
61 -3858
-2718 2939
4760 682
1332 2665
3003 -3396
-3999 1105
-2911 -2986
2769 317
2365 1368
367 -2403
1011 -4420
-1133 -407
-1747 -1083
1374 -4111
-1082 -1859
1681 -1194
-4444 2408
-1271 -945
2208 -1713
-4092 -1627
-3960 -2426
-2995 4156
-1241 -4597
3258 -2973
801 1483
-3276 -1243
2502 1333
1090 4542
1402 1339
3361 3656
-1555 -3709
3651 -1254
-792 -4351
1326 2668
278 -1198
-519 2005
-3060 14
-758 4449
-763 -4439
-549 4084
-2916 -183
467 3697
-3173 -1129
1670 -343
-4760 1108
274 3431
2978 2038
-4544 -346
-1834 306
-4063 -2044
1186 -2488
1655 -4342
708 -510
-1570 4745
2245 -378
2079 -3801
-4532 606
-2278 738
-2945 -3378
-4616 1475
3277 2488
2627 3170
3624 4176
-2128 1053
-2528 -2337
4313 -1449
4040 2905
-3721 3172
-899 -2212
-851 3999
800 -4173
-731 -1100
-4437 1379
3249 -1143
3010 2600
3644 2063
3942 -3631
3346 -3913
349 -3862
-2526 4529
-4808 4245
-3187 -3737
4769 -4653
-2556 2414
-4445 -1363
1759 590
-2642 1099
2554 -3475
-1915 3978
-1017 -2767
2426 3897
3545 112
-4263 -3588
-4678 4292
3746 196
3678 1331
-811 -4113
-1263 436
-1491 -4014
-838 -3215
2987 -3914
1575 -2004
-2990 -1721
-2640 -549
3253 -1347
2400 -3568
3950 -2382
-3456 -4721
-3749 -746
1189 -2490
65 -3876
443 1633
-2645 834
3150 1368
4034 927
-3733 994
4832 4516
272 3114
3125 3193
3713 -3823
1850 -410
164 2242
4006 4669
1188 4579
4430 -3854
-2213 410
-2926 -711
-1580 -2361
-1116 -687
3730 4764
2444 -3751
-2022 -120
-3073 2924
164 -2355
-4145 -3008
2234 -3949
-1885 4499
1793 2568
-4700 -2189
-678 2838
4490 -3145
-168 -3376
3782 4012
1343 -2262
-401 1926
668 56
-4107 4859
4711 -2128
2451 -765
915 106
1262 -1880
-255 -3946
-4103 -4150
-2207 -4237
-2623 -1264
2300 2776
1676 -2792
-926 1781
2818 -2027
4290 4312
-1271 3126
-768 -236
167 -1376
-2859 2318
1121 -923
-1293 2920
-3662 -453
-653 -966
-2937 3352
-1361 1813
1431 1217
2091 358
1682 -1907
3883 1821
3636 -1346
4174 3793
-1461 -4081
962 2906
534 -879
-3691 -550
-1974 -3391
-2342 128
2626 -3348
2348 -4817
2341 2294
-2194 -2413
-4034 4497
3203 983
2312 -2496
2894 1536
200 4055
2890 -1631
-3399 -1181
-2664 67
-1790 4464
-1213 1397
-3088 -2817
4090 -2026
-3865 -2059
2835 4770
4832 524
-3955 1509
4695 128
-1724 -865
-2603 4635
-302 -2826
-304 4640
3120 935
124 -2932
-4738 504
497 -3031
2488 -2334
-4467 3274
3648 -1478
-3928 -965
4296 -4073
-4248 488
-1283 3911
-491 463
-4889 -333
2754 -2364
980 487
4703 -2258
-3223 3112
3533 3885
-3953 2913
3572 2260
-4269 -2751
3028 2850
-336 -4461
-755 -1707
-505 870
2035 2911
-4030 -2189
2076 995
-2836 2353
-3591 1395
-2676 -3364
-2180 4412
-4896 4490
-2107 -3212
-3610 -1956
-2686 3848
-2258 4599
971 -606
-4827 2213
-4693 -4710
1790 -608
-1006 3135
4169 2349
1704 3952
-3721 -1315
-1548 1203
-4561 2533
-2672 534
2423 -4658
2381 3337
1642 3153
1983 -2660
3623 -1950
4852 -4630
-3012 2935
4051 1547
518 785
1809 -298
1981 484
3048 -4665
-2727 500
-3443 -3961
3862 252
-2285 -2633
2138 578
223 3161
2314 932
-431 -1901
367 -1121
617 -2244
2607 -4279
-2445 4714
-2790 830
2692 -4415
-3703 -3274
-2133 2805
-4029 2496
1344 -4482
1502 268
848 -2852
3975 -1245
4466 -994
2025 -1543
4753 2373
-4891 -4170
1265 -3391
-606 -2117
1176 3788
-4735 22
-1319 1878
2414 -1079
-1968 -764
-1102 -3839
-3603 -306
-3174 -635
591 156
-4309 326
-1200 2046
-1089 403
1160 -145
-3159 -516
-1921 4889
-4421 -4638
1002 -2201
1877 4652
2290 4731
-2729 2492
2385 4687
-3593 -4032
-1481 900
1299 -218
-725 4406
-4790 955
-1558 48
-1122 4317
-2370 -1509
575 1072
2514 2730
4739 2296
738 -3465
3007 943
-4181 3329
2519 -3267
-4550 4664
-2928 -573
2858 -2146
-4510 1416
-2782 -1993
-2567 -3931
-4142 -3422
1910 -1681
-1247 2757
3357 2354
2347 1764
3314 -4344
2660 4321
-391 226
-4103 1331
3463 2930
-2419 -1804
-4079 -1428
-935 2393
-4403 -3527
4299 2956
1882 -2139
-2856 3657
621 465
-2545 4172
3119 -1072
-1341 4091
-1632 -696
806 -3546
-2703 -1624
2889 752
-2170 -2631
-18 -623
3921 3707
-294 -314
4851 -4038
-4821 3810
3599 -4045
2048 -2321
862 2570
-570 3660
-1 -4600
-3731 2902
-193 3933
-3777 -3934
-1526 -3512
1749 -1698
-1996 3356
158 2163
1518 1003
2530 -935
-3240 -149
4162 -3629
-3706 -1095
-3747 -4638
-4226 4663
1021 -2830
94 3410
-3367 -4648
4854 -2759
4857 -3333
-3092 4415
4516 3760
-3492 -482
625 -3386
2421 734
4186 -865
-1210 -933
-2869 -354
-2456 -243
4892 4763
1090 2897
-1043 2935
2082 2898
2980 -2121
4561 -3455
-687 4715
4148 -2253
-2730 2025
2530 -2870
268 -2627
2236 -219
-3220 4313
2114 -456
702 1653
-1958 2848
1542 -1662
4699 -479
2530 3000
-3926 3817
-1498 -4620
2576 -4332
32 -3547
6 4637
-2667 -4013
2507 2311
-2052 -3782
-1845 -4436
-3707 4632
1211 -278
-1341 -4127
1495 4074
-3964 -3755
-2957 -4318
-765 4776
4123 2509
-4414 629
-2838 2458
2352 4571
3073 -907
-4681 2864
1550 260
-1440 -4549
1290 2449
4846 -2820
-3304 -97
-2586 547
-1624 2983
-2656 -4688
3972 -3504
1245 -2738
-4201 -678
-687 -1442
4859 368
3993 1556
-3301 2497
-2361 3995
-1271 737
1942 4534
2463 1985
4815 200
619 4244
-4068 2042
914 -2257
-1496 -1559
4456 -1041
-3645 -2092
2184 -924
2794 762
-1585 675
-4192 1051
4410 1400
2851 4861
3995 -2189
4036 -14
-761 3397
4393 1044
-4791 -4186
-2697 -1357
2154 2138
3193 -2530
-2269 1905
-649 3932
-2855 4187
4558 4491
3936 -839
3977 4894
1190 -4858
61 -416
-1227 636
488 -4483
-3991 -1269
-2595 4559
1860 2285
3159 -2192
-3751 -3563
-4038 -2320
4307 -1174
-1944 4890
-3362 433
-1008 3056
4518 3830
-2547 1595
3597 -3063
-823 -3354
-3023 -1895
2514 -2974
-3265 -1150
3969 -4257
-4217 -2505
747 -3722
1205 -1714
3098 -4240
828 2527
-196 -2316
3670 3972
-1373 -1288
3105 -3501
3655 -3338
-4258 -1791
4804 -1910
700 4317
-3595 -763
126 3275
-3981 2834
-514 1435
1448 1822
-4109 -1123
-831 -590
4369 3645
1979 4030
4717 3014
85 -1627
-388 4601
1219 -3622
4705 3967
2410 740
-2457 -1264
3478 4390
-2714 1884
1659 -3734
2326 -3489
3348 -1349
-3324 -453
2185 402
2397 209
4196 2179
-2024 -63
1461 1985
-115 -916
1388 3834
2022 2042
-4088 -102
-413 -3841
-4497 4187
1183 -1351
-3614 -4141
102 3032
-4541 3454
-667 1837
4635 -901
2772 251
3331 -1721
4479 -2945
2567 3157
-2272 513
4459 -2191
3595 3363
-1265 -4531
-3367 1569
-1263 3374
206 -1367
2546 4067
-2109 373
3587 -3478
1789 1
-4840 1995
-1997 -2525
807 2186
3259 4443
-2183 2018
-1434 1467
-2119 2284
-4326 -3507
-2085 547
75 -3184
4450 -3209
2333 -2563
-4741 482
-4261 -2433
1459 2284
-77 -4445
2276 2146
551 -1642
2529 -4056
-3645 1201
968 951
-3440 -854
-4004 1640
473 2604
-950 3459
1036 -1648
-523 -2146
3378 2488
-3030 -2427
-3586 -1447
685 -4076
-4391 4489
3361 1216
2193 2726
1661 2681
-2126 -2826
3713 2761
3177 1057
3839 -4525
-2743 -4278
-4702 837
-458 -175
-777 902
-3127 -2008
-1928 881
-4011 -713
-3815 -1379
-2577 -1674
2671 4589
4413 -3439
3065 1195
-3894 -882
-4486 1495
-191 3737
2982 -2920
2647 1789
-2365 3757
-3048 -4486
4724 4790
-3796 513
-2429 1079
-3512 -2920
2255 -1137
4184 4420
4023 -666
2266 -3742
1182 -245
-3518 -1075
-4305 -4681
634 3327
-1370 -4826
-3387 4214
-1050 -2670
641 -3584
1359 -278
397 -564
-2804 -2142
1378 2406
2891 3596
762 2922
-4280 3205
83 -2651
-437 4571
-1615 3487
-220 1833
342 -1204
559 -3517
-2118 -1160
-599 723
1732 -218
-800 -4255
1559 -2156
-2037 -3127
3710 4152
2560 3629
-4483 2580
-3276 -1487
219 4055
3452 515
3811 -1579
-3116 -2545
2696 -2381
-3271 2159
4621 2380
4817 2260
4269 309
-2578 4693
4558 -2929
-806 -651
-3684 -3887
1015 284
1398 1395
-2507 -4179
4066 2507
-4774 2881
-913 2426
-651 -3575
2553 4299
-2091 -3527
-3642 4505
-1849 4742
-1946 3778
167 -4824
160 3294
-23 3921
4041 -3854
-28 -4697
-95 -1266
1244 2117
-4096 -4795
466 3802
-2183 -3283
-3561 4895
-272 1549
-3412 -3275
-2847 764
1570 4643
2519 3934
-4351 -2984
-579 -2620
3080 1134
850 -831
2424 2797
-4332 76
-904 1216
-2196 -1273
-297 -481
-1890 3882
-1329 -2957
-4287 2508
-3089 -2161
4025 -1426
3829 3134
-4535 1031
-3496 2346
1910 -4630
1721 -209
-4041 1212
4620 4856
-4889 4632
-3371 -4578
-414 4699
-611 487
1028 2608
-3589 1441
2645 -2378
-1919 -2218
-3773 -3752
-2150 -23
1033 3220
4210 -3452
-4185 3634
-1824 -3057
4828 -3480
278 -2204
-2656 -4609
3723 634
-974 2004
-2460 4758
2107 1646
-688 3687
-4072 1965
-200 -3953
-4037 3674
1186 -347
3743 981
-4459 1437
-342 -3936
-4557 -653
3013 -3304
-2940 1664
-2687 225
-2565 4714
-4497 1445
810 3181
-4887 -1366
-201 -1531
-3314 -2777
366 4374
4167 -3143
524 350
2165 2817
-330 3314
-1303 1506
1161 -1646
48 3305
-3714 3595
1195 -1342
-4886 -3114
-4088 4055
4834 -3125
-2150 157
-2185 4889
-104 3506
-2778 1141
-2471 2284
-3370 -4801
-3544 4785
1333 1046
1354 -2328
4573 -3737
-1808 2528
4513 1611
-4741 -2342
2591 -397
3414 1267
-3397 -2459
2028 -4719
-1395 -3961
2949 -3162
-256 -4021
-3439 -2428
2753 -4449
-2067 1692
3235 -2187
104 3466
-4862 -4090
2618 1458
-1445 1873
-4456 2102
4001 4852
-1154 -2882
-1502 833
3973 106
3156 -2385
-2533 -4334
-4509 -1143
-1075 735
-3519 -2080
1908 724
2707 -4704
3411 -2606
3193 2524
4663 -1752
741 -1208
2026 -2516
3058 1120
2965 3515
-2822 1373
-1417 -3002
1092 2799
2767 2850
-2697 1410
3408 -4671
1435 2364
2171 -1659
216 119
1511 -4805
-3921 -1380
-3087 3714
-145 -3227
4211 3658
-1816 2797
3968 -1245
2305 411
-4658 3646
-4596 -2624
3789 -918
4642 -81
-2855 -4780
4830 3922
-1890 -1191
521 3341
3254 2541
2086 -260
543 -3209
1886 -4777
-1020 3666
-719 3637
-4764 -3727
-61 -3652
-2416 -2407
241 -2900
-746 -2444
-3209 1132
4087 4027
4869 -3706
4298 -4009
-3317 1593
-3014 -414
1689 4862
-2875 20
4869 -4392
1088 2374
-2034 1270
-4060 -1733
-3444 -2706
3800 -5
1962 -671
3279 3101
-2906 1153
-1264 -3401
1799 -2424
3721 -3215
-4280 1075
2081 -3454
-2404 -1760
47 711
-4260 1147
-2679 -608
-958 4559
-4298 757
-3056 -3106
1602 -4755
1006 -4112
458 3157
2458 -3838
-1295 940
1210 50
1461 -1990
-2282 4388
-4458 3555
-935 2699
1029 1935
-1341 -623
1080 3620
-4375 4211
-308 1095
4126 1584
3334 41
-2554 -1808
1364 392
3496 -4406
2952 -3596
189 816
2418 -4856
-3011 -164
-2183 2958
-1123 -1811
-2553 -2421
-1612 -3858
1648 1267
-4276 4638
-2211 -1866
2154 1514
-4071 -2291
-1430 -3780
2527 -1217
-2677 -1428
1052 513
-4477 -4327
1299 3311
-4524 2152
4301 2448
1740 -424
2532 -1158
3304 3058
4070 4695
2263 -537
4782 4629
130 2711
1022 2358
-478 -1661
-2152 1940
2796 2182
4515 1449
4143 4856
4441 2322
-985 -2291
-2331 2465
-3640 -310
-778 4388
3076 -1982
2916 -4066
-4437 -1520
-4769 3315
297 2890
319 -1879
-4202 -4829
2261 4083
-180 2404
2165 777
-2161 3224
-4704 1759
-3560 -60
1851 -4560
-1449 3026
4233 2348
-2621 -4070
-2327 31
-3336 -1733
-2440 3408
-2028 -868
596 -1600
-1827 4316
-538 3063
-1515 -2515
-3637 -167
-2802 -110
356 715
-59 -559
1285 -3113
-1198 3089
-2574 4166
-2335 4335
789 4067
-4096 4242
4423 1572
3519 -2015
3166 -195
1100 -67
-136 -3756
2863 3570
2477 -1649
1415 2705
737 -1021
-325 4710
-208 546
488 1388
575 2500
1988 1058
-813 -3796
1547 -3620
3107 4134
-1799 -1359
-4608 -2689
2549 1544
3023 -1584
-3140 4186
1811 -4454
-1057 4798
3008 876
-780 -2861
3513 4585
1741 -513
1834 174
1676 2505
-3404 -2609
2658 -4644
-1417 2740
241 -1853
3442 1881
-3111 -1273
1704 3385
1099 160
4776 3447
189 2954
4669 1956
4486 -3753
-3500 1031
-642 3298
207 2378
242 -2778
-440 -2469
3030 3774
-190 1474
-3825 -926
509 1735
-369 -4178
-1805 -3010
4879 3206
-1088 3877
4076 -1143
1282 -2272
-4525 -20
-2851 -2925
-4837 436
3505 1518
-4435 -504
-3915 1873
-1239 -1185
-1301 -2580
2017 27
3664 4469
-3778 309
3473 1977
-1437 2547
-2637 -3916
-3565 2760
-3949 4649
-1521 -3953
-516 -391
4829 -1193
-666 3715
3700 -2393
-4463 1485
-2521 -4052
505 2868
-490 -1581
-3228 3222
1077 3834
-367 -2070
-1379 2600
1601 -2179
-140 439
2051 -4634
3949 -4685
-4702 2223
540 -942
-2865 -1045
-3039 2536
2387 -4855
822 -2507
-2105 1388
2189 -4323
2847 4096
1473 4874
2737 438
-3266 4296
-3997 -117
-1385 962
-2088 2993
4402 -957
-1264 4051
3101 -1123
4078 2291
1230 1116
2218 3901
-835 2426
-3559 4332
-3463 -4884
2073 -2772
1888 4463
749 -4269
-467 -1332
3665 1481
3177 -1270
3540 2464
-4427 -2021
4731 1660
106 -262
3408 -505
-263 -168
-833 -109
-1810 -954
3382 2005
3144 2251
-741 -1097
2184 4363
1693 -4655
2195 2068
-2312 -918
-354 -3240
1509 107
-377 3297
-1106 2998
3750 -3503
3833 2949
-3930 2477
-2978 4177
-1077 -727
-769 -4328
3160 -1832
-4255 -1873
-2142 -2113
-3929 -4748
3693 -4142
1089 -2720
-411 3020
-1920 -1711
2605 1593
-756 4584
3298 -1158
3167 2209
1254 58
2377 872
-197 -2981
17 2619
4368 3526
2976 3645
2316 2369
130 -3765
4886 -4074
2988 2537
4147 -182
-1515 1698
2165 517
2395 557
-1607 -3614
3422 -4604
3672 2345
828 682
1209 -2409
4409 4876
1916 -1956
-297 -4586
3030 -3910
3585 -2685
-732 -2725
4618 -237
-13 3826
4259 -3309
-1095 -1525
802 3966
-4377 4615
-1046 3443
228 3276
4221 -878
2644 552
2054 -1630
306 -804
-554 -3888
-1488 4644
-1820 1419
-4439 -557
-789 -63
-3100 1174
3219 1668
-18 -4042
2433 1916
-2264 -4306
-3550 -1392
575 -2188
2349 -4035
2353 4633
3992 -4461
-1377 -3611
2808 -1884
-1440 3568
-1092 3917
3563 -4814
3309 2002
-745 2583
1089 2324
-4223 -459
3914 1359
-4696 -1704
-1824 2010
4379 1235
-4496 -2447
-595 -4510
-2892 998
-2182 -4621
1235 718
-2452 -192
-923 3184
2843 805
2353 -3607
-498 2945
-3211 -2875
-2204 -1077
-4487 -1056
35 3915
-2537 -2558
647 2310
73 1954
-1783 4510
-968 -547
640 -3472
2826 793
-837 -1961
-3569 3835
2085 727
-3308 411
3519 2163
-647 -3751
630 -4586
-2028 2302
2144 3008
-3744 4408
-1109 -2719
-2210 -3631
-4067 3480
-2098 4853
4226 -4869
1793 -4280
4393 -1155
2112 2797
2885 2325
1064 -1936
-375 -968
-1678 3377
-4633 3479
3803 4799
-1241 3992
-4296 -3163
3948 -3076
-4771 -3822
1648 -2310
2364 4220
-4873 3771
-623 -1452
1973 -663
3084 -2568
-4605 -4791
-2478 -58
-1386 -2627
-4637 -68
-4759 -4069
-584 1925
-4614 -4112
-1003 620
3061 -3143
-2441 -1737
-708 3889
-3967 1896
-4211 -1254
-2199 -3183
467 -3776
-4407 -3885
-4380 1140
-1402 -2249
-2127 4821
-845 356
-4854 -1438
-495 338
28 1619
-2932 -2376
4386 -713
4337 -4448
1143 1307
2183 -2336
-4106 -3678
-3308 2026
4007 1134
1488 1858
-3038 -978
-4662 -306
-3076 4661
3117 2061
2195 1046
-4311 -39
152 -3432
-4072 -1275
-430 -1983
-2036 3831
-3980 2701
3920 -3294
3737 4062
1731 3558
290 -407
-1206 -1611
2618 -679
-4034 -295
-4167 -1295
4790 -3391
127 -2325
-4206 -1880
890 -3845
-2538 1726
-2630 -4703
3172 2799
-2104 473
3977 2422
2063 3982
-3423 3435
8 636
1714 -2533
1624 3345
-1583 -1876
-3946 3631
-1738 2948
4361 1143
-3008 -3855
-2880 -1099
2268 697
922 1527
1985 -2823
-1017 3427
-1230 1887
4347 -3026
-4390 4552
345 692
-3884 469
-3649 4178
4500 -4563
3737 771
-1549 -4690
1910 1
584 -1391
-3036 518
-4644 -2223
-2731 -1783
-1888 1854
3654 -2421
3900 2767
-4073 661
1159 1336
-89 -1106
4833 1611
3046 -149
-2667 -1751
-3722 -3859
-763 134
1534 -3065
-158 -4575
-1234 657
2879 -2179
-1683 1376
-4409 110
-3771 -2386
3719 4078
-4814 729
2358 2270
-3469 -4742
-1355 3419
-3963 -827
-394 -1679
-883 4523
2636 -532
-1849 511
-314 -4613
-103 2306
4341 -4291
-3932 -16
-503 2261
-614 2797
1321 -1196
-408 2677
-3946 -3940
-2709 1103
-4117 -4540
1367 609
-2888 3049
-1604 -3190
1438 3394
-1505 -229
-372 3366
-1775 3833
4023 -4511
-1311 4677
-515 -1032
-2149 4340
2405 -1447
2771 -2156
366 -1348
1619 2927
-2095 4111
-3098 3013
1917 -199
3055 -3224
3479 -2471
220 63
-1245 -44
-3973 3292
-2911 2578
424 914
4788 -4608
1719 -4800
1579 1876
4249 466
2108 4705
-3369 -2679
-4388 -2206
1065 -799
386 1086
1591 3925
-424 748
2867 2546
3164 1960
-3449 -4641
-3082 -1184
2978 2574
3270 -1196
4436 1940
513 4228
2030 -998
4636 311
3912 -1052
-1986 438
-2560 1374
1655 3998
-348 -2832
2502 -2012
1661 -4083
-3346 -2055
3033 136
-3696 -1641
124 210
1321 -1159
2016 1449
-853 578
-2572 -1910
-230 -2243
1367 1961
4445 1617
-989 411
354 1093
1289 -246
225 2866
3377 -391
2051 3826
563 -3601
-307 -1763
3982 -46
-2394 -791
-4871 -3108
-863 275
2350 4167
944 4147
4297 2680
-1159 -3480
-2739 -3811
582 3517
2467 -335
-223 -4612
-4356 1630
-1992 3317
-803 4288
-920 -49
-4663 -3734
-1536 2841
3416 -1879
-25 -4642
39 3737
431 2277
1950 -4690
-4559 -1031
1919 953
3133 -2005
-3192 -160
-4812 -730
-2895 -3141
4827 -1378
1116 3865
1346 4120
3806 -3856
-3443 -492
3878 4534
-2469 -81
-3557 2884
-2405 2546
4303 -489
-1234 -1893
4754 -3836
-4837 4250
3392 2267
-3330 -4867
2221 -1624
-3640 4775
-347 3098
-741 -2209
4270 -3227
968 4864
-904 193
4661 3718
-4347 638
199 -673
3102 2223
-4565 -4085
4617 -442
1118 -2297
-982 4316
3442 2742
-2860 2262
529 -2555
342 520
3703 2973
1928 4826
1154 3969
-295 370
-4130 -3153
-2610 3990
-1221 -1612
3956 -54
-2570 -1810
-4258 -2514
-1089 1184
-106 -2480
-1387 -909
-2412 3839
-3472 367
-4551 -680
-14 255
2233 -574
1935 -4769
-473 2568
1400 -3166
-3066 -3638
2238 -2241
2069 4243
-388 -1831
-2314 -2711
-4662 2730
-1201 -1789
-4492 -4261
1041 -3244
645 -1153
-281 4285
4567 1842
2850 -4461
2154 -2383
2145 -1225
-1996 -184
-2692 -3284
-2472 451
-362 731
-1507 1803
-468 3724
-3844 3208
2676 2207
-1750 999
131 3930
-2240 2695
400 1612
-3136 -334
-2114 2033
-4635 1510
932 -29
-1862 2746
4310 3525
-63 230
-3718 -1306
3650 -3309
4526 -2152
-1792 -2202
4093 749
3991 4181
-1504 3146
2671 3830
-2086 -58
480 4126
4153 1784
2388 421
721 4294
4417 -1340
4401 -7
-1928 -772
1539 4752
2594 1836
-1218 -3261
3592 -878
4137 -1124
-2205 1472
-305 2087
-3510 -4882
-49 -4541
311 -2902
1696 2820
-1490 -4264
2740 -2949
-4070 3781
3830 905
-745 -1386
806 -1005
-3313 2293
814 -1920
-2909 4030
-1431 -2934
-1044 4678
-1435 -1770
2670 1462
-1547 -1758
-722 -4822
4158 3734
-75 3924
1785 2164
-4619 -1107
1621 3963
-1005 1516
2120 1738
305 3829
-4051 -4214
4439 2032
-4177 4723
1990 3410
4428 -17
-1102 -4241
-1982 2259
-879 -2214
4201 731
-4161 -2397
-4354 -1101
1501 543
4209 2336
1888 -1209
-2793 -4236
3265 1853
553 -1921
-3747 -4025
-1736 -2693
-1537 -1678
-1850 1282
-1975 3476
-2231 -2985
3244 -3487
-219 -2862
619 -3968
-3018 -2193
2307 -2484
3317 -316
-4008 -3562
3362 -2027
4284 1790
1346 -977
196 -4226
-4316 3318
1261 -2402
-553 -2169
4059 3912
-4736 1246
2409 -3273
3258 -4254
589 1279
-1344 1546
597 -2467
-4505 -1779
-1778 -3529
-2 -3675
-2099 2710
-4867 1495
14 4798
454 -2263
2737 -3706
-554 -4018
-2 480
2660 1071
2072 2415
3982 3424
1279 -4374
302 -2461
2713 -1975
4095 -968
4222 -162
4825 -3003
3037 2997
1605 3420
3598 -1098
-3068 3700
3874 -2680
3487 4491
-3090 -4546
-3262 -1614
3180 3491
1900 -1027
-1276 214
-1841 2073
-57 -1457
-4083 4836
-520 1989
-4299 -4386
-3973 -1320
185 -3757
-4086 -3899
1103 644
-3074 -4320
-2006 -699
-2719 -3437
-1251 2910
-4785 4743
4434 1416
2212 -1032
-3058 -922
1372 -3983
-3723 -4189
2273 695
1506 -84
2870 3802
-3275 -4739
2171 1308
-4703 1485
-510 4359
-1835 -1419
-7 -3364
-57 -2713
678 -1569
-3601 3567
685 2135
4572 -1084
596 2073
749 -3958
1293 -3481
-499 -3916
-2040 4653
4442 3801
-3343 2515
2522 4853
2843 4265
143 3020
-2038 4697
-2671 2625
4444 -1863
570 -3773
186 4508
-43 1652
3669 3994
-2849 -4543
3504 -4272
1295 -4091
1245 4640
-2070 -550
193 -1177
-3316 -1222
1119 4411
4223 -2627
-2176 1106
2486 -496
3142 -3327
3512 4633
-4843 4866
1204 1966
709 -3266
-235 1579
-3750 -3928
4103 -1785
1451 3012
-3011 1126
3678 1519
1422 -3778
3338 -3246
1304 3436
2869 2953
3834 -1589
-1792 4821
1442 -27
985 -1507
-884 -3495
-1242 -2225
-2166 -4251
16 4393
3226 1730
-657 -4363
-3869 1419
1844 -1581
-4574 4467
-1113 1681
1002 -1692
-1562 4506
-60 4847
1165 4341
-449 -474
810 1525
902 3491
-1720 -4153
4486 -414
-3753 -2092
-2809 813
4443 -2174
4320 -643
94 -964
-3426 -3048
3846 -1642
3406 1662
-1460 -1501
-3913 -3331
2182 1417
3975 2676
2564 -635
-2035 -3405
1519 89
323 -3091
4597 -4293
-4659 3219
4807 1009
-1026 -3561
4167 3822
1543 -4654
1976 4499
2685 -1099
-3044 -120
3288 1887
-149 4156
-3379 -2038
474 -4468
4717 -1973
3708 3460
-2951 -4703
-3946 -4458
-1523 1326
-1971 461
1 -4885
2463 -4554
-3540 -2704
-4056 1820
2950 3937
-836 3403
552 2514
4034 2542
628 1976
-2190 4173
1873 -2289
-3483 -2399
-4244 1909
4486 1233
1540 4605
-4684 -3922
-696 -287
-180 1118
-601 4604
2197 1118
-2642 -2957
-2068 2477
-2403 -2339
1963 -163
1294 2726
2680 -3982
-241 2287
3358 -51
-3346 1752
-4333 3547
-1237 -3857
-1397 -4405
518 217
4734 587
-2463 4864
-694 2012
-1329 2332
348 653
2005 481
-4626 -2577
-3154 3430
-3112 3581
-3700 -1625
-450 -4899
1460 -2812
3325 2706
1043 -587
-277 669
2414 -2302
-563 3154
4354 4546
-3667 4127
3663 1110
-1485 -3830
-1343 -1623
895 1713
2656 176
-4577 3428
-3755 -3322
1507 -3777
-1374 905
3063 3965
-3003 499
1621 -4594
4338 2783
612 -231
1686 -4070
-4134 1139
-815 4456
1474 -1650
174 3832
3906 4094
-881 1221
609 -3129
3441 146
1612 1116
20 1937
4315 -3972
4639 168
2825 -3874
4309 -2600
-4819 -4051
1826 4889
-1299 -3146
61 871
1003 -2557
1850 -76
3013 2531
-436 -251
-2085 -4868
-4035 3990
3506 -269
1666 2725
-2240 510
-1871 -210
3959 -4203
-435 -3064
-3890 -1829
4274 3931
1165 4151
1257 4362
-1353 -4281
-2194 -3941
-1799 -3787
3033 -1933
3182 -2853
1692 -1867
1051 3722
-4077 -169
3177 -3527
3551 -490
-2885 -893
-645 -2716
2699 2694
3942 4073
4707 -2630
1082 -2809
-3998 1811
-397 -2024
1018 2257
-1498 4864
4544 -776
-66 1521
-1066 72
-4084 -3494
2166 4173
1164 -1129
-3136 1189
990 2708
2500 -3347
1804 2185
-1483 4345
-2550 2455
-2744 -1884
-1486 -209
-1769 -3542
938 -4280
4764 -2652
1902 890
-3482 -4656
3620 -1890
701 4699
-3316 -113
-4669 -1800
-2263 -2617
-4713 770
-1600 -632
3407 -4899
-3616 2338
4373 -1173
-1165 -1903
-3697 3485
1639 3440
-2565 1734
-3551 -232
3553 3598
0 170
-3855 -769
-2977 2763
-1890 336
-1040 -2242
-118 -3039
-421 2189
552 -1623
3379 -4005
-4868 2635
4645 -1294
-256 3338
-610 -4718
4426 4845
-3770 1334
-472 -2440
-3615 -1495
-4291 2157
-1716 4071
3825 -1676
3720 -401
4631 -4457
-4684 -3026
-143 -4771
-2392 1091
1604 -3124
-772 -3548
1703 -2956
4687 -2412
-1808 835
-1857 3537
3271 -579
100 1779
-1835 -2548
-4205 -2632
-4040 925
-3578 -3940
-1272 -2867
-251 -4871
2990 1258
-3225 -996
-4899 3312
-4471 -3369
-3389 -3596
-2585 -2497
2904 -2338
-4803 -3354
-1985 -2287
2161 -2466
-2393 -4514
-3401 -4135
-4088 -3465
3701 -1787
-3820 -3828
-4309 2535
-1731 4302
-2967 46
-1048 -1007
873 -294
-4735 -3399
4554 3922
2067 2242
644 2459
-3909 3814
-3204 -962
-541 4101
-4805 -1240
918 -4413
-3016 -774
3442 -3294
-824 1180
-2819 2571
3533 3375
-2057 -3666
3731 -1752
3181 243
3964 3093
-4444 -1737
-3848 -1627
-1709 3116
3430 -3388
-259 2127
727 -800
2822 -2962
3266 -210
-713 1220
-938 1842
4770 -3761
4638 -1479
-2795 -1733
2131 -4063
1384 4670
-2801 4872
315 4827
32 681
4667 -3169
2926 -406
-3821 3550
-1977 4507
-511 -3505
2772 -3199
-4477 1920
-2915 1225
2267 1072
-2422 -1221
-4654 4836
-4679 -394
-1753 1498
-3426 3226
4515 373
719 3342
-1604 -2743
3658 2353
1759 -3268
-718 50
-1130 -3215
-4355 3884
2175 3860
1356 340
763 -4067
-3046 -1342
-760 2641
-2513 3938
-4418 -1778
4891 -2016
2542 -3979
493 -2415
669 -3905
2251 1757
1952 3678
215 3766
-3872 1382
2488 -4023
-4890 1528
2720 -4053
-654 97
-3292 2363
2061 -4073
-4886 -1780
-3611 3064
-2389 -557
3054 3580
2860 3765
661 3803
-4240 -2514
2561 4560
-2561 -4265
2195 486
-1230 3349
3695 -2924
2552 3831
4473 -3738
3116 -4059
2974 928
4803 -4872
-4557 2479
-4333 -3778
271 -3785
2375 -2115
-4271 3219
-3698 4596
1640 1881
-1495 -2804
-3598 -1257
-1340 2293
-4855 1399
3807 -3656
2812 2967
1661 266
-134 3471
-3662 3184
1738 -101
3540 3962
-3266 -1060
-3475 -2659
4662 3613
-855 -54
3056 -1104
-4801 -4773
-869 -3580
4130 4239
-3527 -1528
4531 -816
-4688 2493
4729 -909
4129 -2591
4386 1650
4582 -1864
-1217 -1115
-907 -4620
45 2139
-4800 -791
2234 -1552
3093 78
-1925 -2741
-54 2433
-4298 345
3329 324
3601 4432
4329 -1403
3773 -3078
-891 -3884
-2316 -3726
935 3828
2378 787
-3237 3580
2909 -2639
172 -1262
-1216 4393
-878 4244
4842 -144
-4047 825
4033 -3282
-929 -3321
-862 3638
4824 -1708
2317 975
-1022 -2560
-4369 -913
-4197 -4848
4574 1704
1820 -2540
-654 -2743
917 -1338
1696 4419
703 116
613 -870
3218 -1914
-2227 3092
-4120 -4773
-852 3754
-4825 -3902
2421 -4238
2276 84
1167 850
-4719 -244
944 4807
3152 -2684
-281 3621
-674 -1972
1859 2117
3957 3545
-214 3617
2039 4326
-749 4363
-55 -4238
-4566 -3483
1861 -80
3381 -1479
-3095 2863
4681 4758
2043 -1230
1511 -2843
1452 -3816
-4147 -4003
4150 -3817
-2528 -3696
-2234 -821
2178 600
2257 -2689
-3172 3160
-1320 -3836
-1262 -1117
-1600 589
2893 -475
-3054 -3411
179 3773
3491 -141
3120 3307
-2325 -3557
-2588 2728
164 2739
-3573 936
1841 2177
633 3279
3227 -3275
-3114 -3722
-600 823
-2047 -2081
3117 2651
657 2807
3564 -2386
3891 -363
1541 -4886
3455 4163
3523 -127
2126 -1917
-1840 985
1544 -1122
-567 4789
842 2391
-4564 3704
-122 2550
1841 2133
164 -3871
2986 -1198
4436 763
-2263 -4368
-3054 4701
-4135 -191
-2090 -4524
-4384 155
-2132 -2201
-794 1946
-1739 -3889
-111 3762
4443 -1313
3765 1611
-1578 -4812
2543 3612
4560 441
-2499 -4226
-631 184
4037 1916
-2126 -2755
-1013 -4402
-1488 -198
-537 -2558
-3424 304
552 2898
3552 8
-4131 818
4356 -1351
-3982 -1544
-2555 3145
1662 -3512
-1621 3846
-3994 3479
-1882 1750
75 2016
380 -3199
4823 3566
-3511 2504
-465 -4253
2035 -1029
3987 -2664
-275 46
1404 -4228
2174 2865
-325 3173
-2419 -642
2448 -2472
4309 -1124
-2119 -2805
-4512 1573
4781 -898
1759 4767
-1121 2932
-4108 -1991
-1251 2812
-293 -3174
-2760 -2825
-1957 -32
4210 1692
-1397 -3143
-4281 4350
615 -2786
3374 1126
2947 3340
4566 -205
3875 -4816
2544 953
4348 -3550
281 -805
665 -697
2020 3014
-2006 4109
-3367 -1377
-2984 3401
-1156 3735
-3853 3136
1099 397
-2217 2489
2502 2427
4694 315
4649 -152
2986 3574
-2805 -390
-144 3755
-1517 -3267
4165 889
2265 1313
3382 -911
3993 -508
1928 1926
2717 -1202
4252 -1456
-3145 2777
-294 -2879
4309 3313
-3292 -1827
582 -452
-217 3690
-158 2460
-4686 4347
193 3258
734 2997
-1755 1069
-1994 -887
-4598 -645
-2172 4790
-3838 -1553
-2103 611
-4129 2478
196 3833
-434 1232
106 4865
-1324 -3497
2697 -1428
-436 -2808
2300 -566
383 -2481
-281 -976
-4737 3889
-1919 -3076
600 2165
3348 2471
2133 4884
-3776 -412
-4495 -2261
1303 -3574
-3351 81
2221 4665
1518 -2625
-1706 1739
-4662 -2422
-799 -3981
4716 -2560
2737 4643
-1480 2141
-2824 -2582
-1352 1715
-395 1295
1778 -832
-3364 708
1253 4623
1601 -1308
-3471 3935
-904 -3855
2862 4565
-1031 4441
1029 3523
3718 1402
-4352 3329
3007 1165
-894 3306
145 -1947
2221 -1048
-1283 1704
-558 476
-467 320
3865 1450
-3260 -399
-417 3432
1236 3211
4551 -4445
-4888 4140
3829 2764
847 521
-1038 2333
-3088 -1071
1655 -2013
704 1107
-2623 2133
-2802 -1431
1928 435
-3698 3651
-1886 3062
2038 -1674
-4728 3803
2620 395
-3299 2688
-2083 -3743
3536 4406
677 4351
-4028 4724
-1981 -4640
-4361 -1040
650 -1006
3345 52
384 3552
217 -2121
-1044 -3963
4006 354
-867 2724
3264 -3447
1139 -2620
-872 -583
-3565 -2243
-4502 -3483
665 2750
4753 4262
4553 4076
-2283 4289
2146 1215
-2401 -3512
321 1335
2619 -3128
3621 4783
2262 248
2669 862
-588 2188
1908 -1412
-2570 4578
-4513 4594
-4809 4174
-655 -1840
-2754 -210
-1279 -1759
-1465 2077
2446 -4825
145 -1875
-4706 -3527
1789 -2621
-4319 -3100
-375 -481
2051 3596
969 -2191
3411 4417
-883 2942
-2781 604
-3337 2961
2693 2546
-4814 -319
-2528 3359
174 -2726
867 -2365
3490 -4887
2009 3911
2987 -1817
-3440 4663
-1375 267
3633 1400
-2530 3928
-4090 -4673
3987 -4404
4708 -1758
2015 1503
3544 -2395
1904 -655
-2074 -3459
-2746 1728
-1575 828
3037 2883
1634 2757
-4008 2255
-4633 -1154
-795 -1551
-3030 2042
1648 -2636
1487 -3236
-3433 3777
-1370 3367
4342 -929
2653 -4600
-4626 375
3641 4197
-330 -2694
-101 -579
545 -1393
-3927 294
-1944 -4827
582 -418
2783 4245
1903 2115
4817 2960
-1043 -444
-225 -3230
4550 2100
2512 4414
2811 3466
2088 2750
4339 -3601
-997 -569
-1230 310
233 -2689
-1899 444
1322 4386
-3800 3493
-826 -3708
519 215
3287 1578
-1791 345
3665 -1367
-3897 -903
-1191 -1733
-4390 2157
-2982 -517
-2733 -727
-3838 -4297
3791 -4299
-2466 3037
4350 4084
1085 4142
-1691 1460
-4853 -4048
-1062 2768
-2159 -2679
-584 -4530
4403 1396
-3421 -503
-989 -3719
-349 2837
1993 3115
1223 4061
2085 4550
-582 -2602
-301 1660
145 2016
-2899 -747
-3455 -1153
-3544 -2958
3355 2909
-4341 -984
3681 -3104
-3307 -1706
-3203 3115
-4663 -3174
3219 732
353 -3717
4429 -3774
1690 -861
-3121 -4822
-143 -4654
-3823 -220
-2658 3504
-4031 -1036
2095 -3993
-1455 1010
4890 4151
-3253 1610
-1942 -148
2807 1083
825 -167
-2410 -1173
1033 2298
3047 -3205
-1333 319
-490 -4005
2510 264
-959 -4084
4619 944
2609 -1198
1028 -4852
-2600 -1740
2281 4852
3734 2650
-2825 3425
-2148 4335
-2027 -1314
2995 4805
-2689 1414
2951 -1629
3929 -4353
-74 -2961
2503 -2243
3822 1887
-4162 -2218
1657 -3001
745 -1509
4730 2488
1242 -3686
-641 2586
2648 4391
4765 -3848
-2382 3967
-961 1062
-3405 -3481
4347 1584
-2881 -1971
-749 445
-4188 -4259
-1072 -4157
1705 -1630
-3104 4257
-515 318
3107 -2749
4777 -2518
-3028 60
-3754 -19
3843 4750
2280 1052
4559 -4465
3668 2879
-1354 -4802
-1656 -966
-609 1058
2608 4381
2764 -3570
2699 3216
3595 -2573
99 -4257
-39 1551
52 -4215
2865 -1632
-3629 -4434
142 1928
1347 -1647
3144 -3393
-3412 1157
-2820 -2548
-4614 3046
-2235 -3764
4565 4397
4878 1865
3873 -342
4653 3415
-3022 3530
-1279 4624
4425 2117
2429 -3107
-3399 3602
-4758 151
-1895 -393
-1503 256
3013 645
3577 1877
744 -4723
4077 -1890
2207 -3773
-2264 50
4320 3976
-2618 -631
4606 3176
1815 1160
-3687 469
-2256 4594
4658 -3984
649 -4707
27 -1768
3646 -746
2610 -2826
-1619 3946
3336 414
750 -702
-3682 2638
1152 729
-1516 -1831
3543 1489
389 1833
-3480 -414
-4481 -1993
-1364 -2859
-4348 -3765
4663 28
1718 3509
3215 4601
-1508 2056
4517 771
1046 -3263
3795 -137
1191 -4603
981 1518
-483 -3436
3449 -490
-2682 -4119
2044 3389
-993 -794
-3416 3889
-4857 -2714
476 1275
-313 634
-3466 839
2901 4897
-1579 3064
-3478 -738
-1259 -2479
1544 772
-1954 -4442
-3503 -2705
-110 1411
1480 3554
1486 4704
-2478 2030
-136 1329
-1914 -75
-2865 -1519
-209 1407
4001 1789
-4030 -2364
-1 536
-4574 -1639
-3388 -100
64 1705
717 1237
2282 4815
-3673 2204
1439 2022
3623 -65
4466 -3430
2553 -4841
-1996 4228
3545 -4633
-2280 -621
-2497 949
4493 1045
-1541 -1649
-2670 -1192
4152 52
-1183 -780
355 -3641
-3971 -3928
-2865 4139
-756 4107
-642 -1970
-976 -4487
-4813 -2977
-980 3631
-4660 3916
1133 -3959
-126 2744
-3011 -4306
-1826 -2771
-1129 2490
-3490 3414
2700 -2120
-1815 1750
-4453 -3084
486 188
4695 262
-987 1819
-869 -1515
-2549 3697
934 1011
1770 1822
-4554 76
611 -2578
-3224 2326
-1595 -4399
-658 3366
150 -1588
-4048 3511
-4568 735
4712 4181
3497 -839
2668 998
3479 1587
-300 -1975
-4661 -1674
-3442 -2168
-918 167
261 -351
1442 -2802
1522 -1865
4869 4011
-1054 4466
1846 -1877
-500 3760
-4294 -1753
2532 -1601
8 4278
1275 3354
-2590 502
1496 -2177
-1643 3098
889 -4477
2309 -4026
864 -4053
-4265 -3545
3241 2042
4566 3173
-509 -1843
-2703 -3813
3370 105
34 3990
3248 -1838
430 3997
4088 -969
3665 3294
3261 3992
1166 -2805
4345 -674
2740 -4211
-249 -23
-636 2990
928 -4136
1843 2466
-2259 -2162
3006 3565
-456 3120
4342 -1533
1307 -646
-4769 4481
4400 4552
3008 -2416
-3717 -785
-3302 3758
-2955 -4823
-3977 2527
2013 2411
-4176 3113
-3945 4699
-1884 2894
814 3506
2011 -451
-2345 787
-609 -570
-2835 -4791
-726 -4081
1545 -4090
3252 -3542
618 -2295
1489 2942
-4470 -2355
2922 4766
3187 4679
1395 -2212
311 3389
3441 1689
4831 -837
-141 2817
3951 -2139
2551 3408
-3852 -1164
609 -299
68 2419
3054 -4694
-4023 4656
-4701 4183
3353 2320
4330 -2122
-876 3511
-4440 2035
-3201 1812
1538 -638
-4385 1659
4628 -2046
2699 -1124
3849 -1729
-31 -415
-86 440
1539 -2743
-2640 -313
2030 -2285
350 3344
