-445 -2072
3768 -2363
-1364 3879
-4320 -348
3624 -4624
-2901 -1650
1099 2955
2719 787
-227 -3580
3302 3647
-3443 4658
-1838 -2140
4790 848
1126 274
4609 -2959
605 1198
-1981 2800
-2488 2512
2082 2168
233 82
2491 769
408 -2085
1985 -805
-2780 -1318
-2064 -2696
4750 783
-534 1368
2312 307
470 735
603 738
-4027 2956
221 -2669
3058 -4334
-4257 -698
-1508 3984
3648 -2327
1122 -4648
-701 3445
-1339 -3241
1793 -3557
3781 3536
1889 1041
-3369 2078
3184 -4371
738 3649
-299 3135
2494 -4086
659 4396
1257 -275
-2866 404
-1481 1645
-4057 2933
-4732 1359
1861 315
1432 1438
2848 -836
-3765 1077
-251 -2860
1585 4262
-1443 2886
1429 4402
-4561 -1857
-160 -3885
-3611 3464
-4360 2604
-4323 1306
612 -434
3132 1201
1958 1238
-2804 4703
4316 1784
741 956
3286 -768
-4609 -4325
-3165 2162
-1343 3713
2186 -1966
3641 4734
3264 1087
3778 -4137
-469 -2004
-1296 4359
-2826 3394
-2463 -4076
1166 -919
-1992 1574
-3404 -2763
2285 37
1059 -3320
-2886 3699
-1184 -3680
-4725 -3611
-2673 4042
-2846 -235
3570 -4178
-2787 268
4017 879
-714 -3034
2315 1949
2488 -3261
4666 -1947
-773 268
-4020 -136
-3541 -2984
-2331 -2085
-1931 -1487
455 -4089
463 4332
-2105 -2974
42 3552
1462 3696
1192 4190
-4195 -2029
-948 -634
-4378 -449
-2155 362
2490 -563
-3386 -3519
-2237 93
-284 -4429
4276 3278
259 -4157
2533 4280
1260 580
-1475 2908
1811 4666
-3684 -4177
2452 4251
-3321 -3457
4587 -381
2705 2752
693 2674
-1809 4060
-1831 3848
3185 2049
-1904 -4059
-1044 1390
2562 -4374
-560 -2721
3184 -2124
4300 -4019
-1189 2309
-3472 4370
-1134 878
-237 -1128
-2543 -3410
-4228 -117
4467 3602
-1503 -3064
-460 1534
2193 3684
-2668 409
-1454 2387
727 -2600
-3867 -6
-645 -2852
2414 -70
-358 3101
3478 -1692
2751 -4619
4177 -1737
2601 -2669
-1827 573
-2752 -4799
-4223 1486
236 -586
-3004 -1483
-1439 1983
-1484 -3247
-608 -1118
-1301 2685
-405 -3999
3425 -720
4169 1065
-2104 1534
-1408 -965
4104 -3311
-4045 -2329
-630 896
1677 141
895 1790
3034 52
-776 -1040
-4365 4284
1619 2956
-2314 -3046
-2285 3920
4343 -404
-1480 -2782
4134 -1589
-4191 2216
-866 -3424
-561 -3977
-3150 3592
-2906 -1103
2069 -2603
1675 1607
-3412 1498
693 4461
3623 -4171
959 2286
-3552 648
2002 -1492
165 -4464
-4030 -965
-4242 -83
1306 -1083
-1698 -1527
-748 1275
-371 -2575
3501 2929
-1284 3920
555 -583
-1964 2461
4161 838
3333 3509
3843 880
-1771 -1464
-2006 -3370
-3941 -1650
2393 -2040
4349 119
103 1133
3307 -381
-1149 -2575
3654 2420
-3865 3991
-2601 -4461
-2952 4251
2015 299
-1112 404
3410 4490
442 -1832
103 -4302
-2116 -2617
4563 377
-3185 1787
-3875 1696
3494 3435
1957 -1988
-2361 -4146
-2282 -3855
-3915 -1542
1296 3027
1398 -3667
-730 1002
-3809 -1885
-751 3678
2054 -3906
-1520 -4473
3794 3102
-3523 1853
3119 4322
3606 -2153
-1286 393
-434 -3355
172 -3215
4444 -942
4544 3612
-4303 -600
2652 -4297
-2344 2776
210 -2711
1505 -1583
-4639 1164
-3693 3098
3135 -2291
1954 -4607
1719 -2394
3838 -4521
-2303 3914
656 -1819
421 2110
2310 2297
-624 -1210
2302 790
-3296 -1138
-2445 1230
266 -645
-194 3165
4684 71
3087 2162
4756 4228
2823 870
-2790 -3847
593 2394
1835 -4222
2683 2046
-2770 1835
3645 3470
1261 3299
1545 -3057
-2439 4199
-1516 -3045
4018 -4021
-3947 -213
3054 -4664
-1116 1722
714 742
94 -2885
2027 -3612
3381 -2325
-2054 -2231
1728 3912
2572 1300
648 -3173
-1731 3169
1289 -713
3003 1430
-1501 -4088
-3778 1997
1738 -4170
-1542 -4668
-3270 -1375
-2372 1907
-2532 -16
3309 -3925
-739 457
4615 213
619 -2424
4216 2826
189 4252
-2392 -4524
2347 -4571
1043 1831
-3988 2617
-4108 4359
-747 -1188
-2294 -2868
1836 139
2437 -1098
-3159 -1148
-641 -3041
3847 -2868
-3824 -1487
235 -1552
-2019 -657
3426 3049
2991 -3323
4784 2033
-2014 3670
3595 -3473
660 -146
1591 2509
1489 532
2008 948
967 -2250
-3776 1094
93 191
-475 -4286
1849 3277
2817 2237
3194 -776
-2591 122
3993 -4249
-2571 -4689
881 -1555
-3004 -2784
735 -3156
-733 4434
1840 -4306
-1154 923
-3517 2463
-356 2175
1114 4174
849 -3762
-3881 -4739
-1524 3635
3755 -4077
-2909 2960
-3389 -3874
-2217 -2504
2394 -1285
934 -2430
-4738 205
-3983 -3073
1189 1171
2956 -3481
2647 573
654 -3474
-1436 4785
-2434 1933
2680 -2107
2101 -1802
-2808 -2392
3337 2624
-3383 2418
-1668 2536
-3143 1136
4527 -4637
1477 -1338
-1087 -969
-4573 -1246
2768 3346
489 -935
-2950 430
-3221 -1980
-3989 4017
-793 -1380
-3323 -3770
-1879 1592
1738 -2470
-2271 -34
1652 179
-1271 -99
3888 -1554
-922 2510
1273 4384
-2240 -4508
2931 4370
3353 -4490
-1633 515
-843 4217
-4271 -2327
-2697 -2569
3781 674
-3893 -23
2212 429
-640 3958
322 2449
-3740 2560
-858 3531
1770 -2631
-3232 -1294
-2226 1736
-2062 -3518
-538 -396
-2598 629
1412 -1294
-2727 434
68 197
2904 -3008
2320 -2727
4220 -197
-1616 -4220
-2368 -4261
3543 271
3425 -3424
-3163 -3703
-4069 -1131
-306 1973
-3880 1089
2477 -501
1713 3927
-3163 -1574
2822 -3824
458 -4791
-2849 3046
2602 1644
2772 432
2490 -3865
1888 886
-217 -1978
-3290 3562
2291 -1658
-2933 -1601
-4162 -4743
-1934 303
-1139 -2262
338 -2644
3158 -2626
-11 -3310
1236 -699
4553 -3409
-682 -654
-3160 -801
-2049 -3412
3930 1268
-4253 -729
-2801 -308
1639 -2535
-2035 1745
80 -358
-3369 314
3227 1588
94 -3861
-4200 429
-3976 76
-1060 793
3783 -1252
-1986 -1257
159 1654
-3431 -904
-4563 -1922
-2972 2579
744 3357
-3759 3479
403 3378
-2686 1420
-1458 1184
911 -3417
-2905 4259
-2860 1994
-3170 -476
-963 828
-2544 -3300
-3511 -37
-3150 2615
-1356 343
-769 810
-1495 648
-545 -260
2461 -1813
-2138 -1936
900 2758
406 -2170
-1478 -759
-1345 -3452
-4630 -4175
-2030 4094
4685 -502
1039 3169
-4560 -4283
-4584 -2057
-3266 -2323
-3605 949
398 948
2699 1180
3241 -495
4029 3149
-2659 4524
-4070 2601
100 -2984
-399 -837
158 -3134
-2722 4311
-1703 3581
-4227 3102
1931 3341
-1241 -1274
1009 -2563
-219 -3950
-2063 757
2925 4377
-1949 3209
-2684 -3146
-1074 1129
4713 3075
-4712 -3777
-616 -325
4703 -1712
264 -2260
2286 -1717
-837 -1241
-3151 3229
-4213 -131
-183 -3104
-4487 -2979
2206 2993
1464 -2040
-2354 3862
2156 2944
2800 -3041
-2126 -969
-2124 -4425
2382 3553
-1801 -1884
-868 -2229
-1756 -1842
3502 -412
760 4464
3424 -924
-566 -2610
2104 -585
-3781 -3947
-1662 1278
2030 -1049
-72 -4572
422 -3596
-1155 3438
368 516
1418 -2945
-112 -528
2177 -3191
2081 4455
3177 -4679
-1823 -2340
-4179 -969
-968 656
-2439 -4493
-1035 3237
3671 -13
22 -4581
-4147 -2370
-981 -3698
4192 -2154
-1855 1556
2062 -1105
-475 3599
-1593 -946
-2397 3249
-4424 -1349
-1392 -3417
-840 2388
-3163 -2036
2494 -1619
-2520 196
3503 -773
0 -598
1909 1280
-2550 -33
2821 -4242
-3184 3009
1343 -854
-3763 -4290
1340 -1913
-2743 4372
3595 3917
4026 -4198
-3132 -447
-1317 48
2429 1214
-3504 -2045
4792 2413
-4130 -1237
2944 3201
2862 -4774
-2414 2824
2780 -3481
-2340 -3486
1379 403
-772 -4747
-300 -3649
4555 -3806
-2076 -2089
425 -2735
177 2250
-2685 -3435
3307 3550
-3572 2020
2626 -3975
1978 -3612
1757 2048
493 -1376
-3007 4201
3085 -375
-4200 -4485
3651 1247
-2249 -263
-4092 1166
3970 4768
-2222 1583
57 44
-4168 -1951
-4174 2271
-962 1559
-1691 -4293
718 1890
642 -2208
1524 -2354
-2485 -622
486 1908
4688 1139
4538 1697
-1644 -1951
-3860 3025
3076 1530
138 3276
-3249 -2620
2500 -2769
-1358 -115
2001 1570
2758 3655
1663 -2493
1891 -1579
-2566 -2523
-323 2503
-979 -2715
2050 -1724
4372 1951
-3053 -4101
91 -856
-3151 685
-4793 3997
-3067 -1794
-2401 -294
-1715 71
-1143 -2396
-4415 -15
3018 2458
1210 -1846
3761 -3414
-4560 -2890
-3946 -1753
-45 3450
-2802 -2544
2195 2731
3858 -436
-3349 2090
-1232 -3125
-2313 414
-3742 -3616
-4719 3467
-3691 -197
-285 802
-4000 1278
-2911 -2108
2045 -4693
4752 1733
-932 -1256
-3801 1761
-1968 4147
-4019 -243
3305 80
-4134 3399
3109 -2505
-132 1773
4384 4375
1010 -510
-3160 -2710
4163 -2447
2946 4496
2663 -2344
4626 -776
3712 252
1967 -2934
1163 -2493
-2125 -4766
1339 -4316
4574 -3870
2150 3304
4629 485
4654 -1344
-3837 4675
-1426 -1024
2920 1752
4387 4345
2630 -3476
2377 1017
-2940 -3845
-878 -578
2193 1932
-119 21
-2080 3575
-764 -1544
-1406 -933
-4701 -2432
-4555 -3898
2912 -3222
-434 -2553
2043 2015
4417 -2576
-2958 2091
1964 1132
-2561 2735
-1876 2737
-151 2403
1028 2571
2880 2308
-1842 -3924
1309 -1014
-4413 -2745
2696 -3346
-4201 -1191
-4243 -4465
1863 2102
2929 -3012
-2799 -929
-3656 238
4510 -4254
-3919 -2009
-2569 -1786
190 3906
-3290 -1193
3463 480
-2008 58
244 -4311
4382 -3652
4388 -2233
2472 1468
-1697 3531
1535 2197
-4167 392
4157 -2824
-4767 -4697
590 920
-3380 3618
1035 4609
4027 -2682
-864 4740
4550 -3615
-754 1661
-676 2216
4525 4374
3728 -2315
-2802 -877
-2166 -1079
-4622 -1696
-3090 3085
2599 1521
-3874 -994
-1802 -570
1714 -4654
2644 -3474
3384 3437
-1024 -2761
-54 2644
1970 212
-3611 -4
-2417 24
4446 -1609
-4143 -4025
757 -2266
-3188 -3897
-2470 -4283
-1929 777
-3920 1609
-1297 1750
-3371 1022
-4376 -4282
-2210 -3986
-3218 1216
-3601 2090
2656 -2185
-998 -1245
3254 -667
-297 -4090
4102 -4421
-4436 -181
-1005 -3136
-2868 -3443
4558 1280
3148 -4754
3763 -1256
-2913 4259
-2988 -4717
-3165 2474
-3904 4520
-343 -4002
4441 936
3599 3464
285 -41
1950 345
4161 3020
4586 4368
-2069 -68
90 -4662
-1695 1024
-2453 -342
-4162 3142
3533 4059
-2875 1443
-3665 -4133
-1043 14
2930 -2886
920 -4408
-3739 2872
4171 4679
-1606 709
1642 703
3760 -935
-1224 -1989
-4231 -4511
-1190 4439
801 3928
-2114 -2564
-3803 51
-2030 929
-4714 385
3817 1263
-3047 -3698
754 1722
3856 -1168
3269 -734
-4754 -642
-2047 3334
-1617 -395
-4248 3646
-1419 1161
-1352 1176
3321 -2981
1088 -650
-256 -672
-3548 -2031
-3974 -2285
-3754 3017
1633 -1232
-2918 -4411
3617 -357
2907 -28
-2807 827
3497 103
-4326 -4364
2451 1316
4048 -2924
1271 -4701
-51 697
549 -4663
-3260 -3122
-1215 -3939
-2806 -1048
-362 1698
4124 -4501
-3076 -2252
-1711 -3420
4693 -2182
-1153 3068
-4300 -4728
-1071 4693
-1847 -2093
-4733 -2054
3627 -1544
-881 -718
4608 1254
-2889 -3179
-1102 1374
-1311 3752
3528 -920
-4726 4295
-4601 240
-2311 432
-2173 1274
-2189 677
4200 3155
4089 3736
1323 -1199
-245 4316
356 -3325
-3974 -3433
-1450 658
4400 -2360
-2351 -279
-572 260
-101 -1224
-1110 -1991
328 1777
2672 3637
801 4546
534 134
-3125 -2489
-1308 -2523
1534 -4037
4722 -799
11 -3655
-3825 -1637
-2890 675
3631 -979
-4369 3144
-2491 -3760
2684 -4477
-2202 -1630
1648 -2680
1088 2410
-74 -3342
1775 -964
-1363 -2285
1631 2713
-634 -3177
-474 4709
-4337 -4202
2944 -2575
3389 3896
-439 1478
-2018 2904
2365 4611
2487 -4335
-3301 -570
814 -1133
4536 2083
-4178 1736
-4741 -3471
1450 3755
-275 -3325
718 -2039
1327 -2907
-4492 -2306
-2050 -804
-1039 1858
-257 -1198
2395 1661
1332 2590
485 1637
1031 -1009
4218 1037
1130 -3960
4337 -3100
-3666 -3453
1541 811
1860 2144
3921 -411
-3244 -3037
-1720 4607
591 1931
3579 -273
-10 1676
-869 58
-4200 -1186
-3261 -1146
-1770 3639
-210 -2942
-2945 4643
2261 -4266
-164 3841
602 4637
-431 2198
-1154 3240
1164 -1260
-138 -2187
-4371 -1558
2890 -4617
1025 -3470
2216 -4690
1370 -2718
100 2585
-1017 -2213
3212 -2858
2926 1380
225 -216
-2053 3220
-195 3751
-2827 1341
-2794 2250
-4507 -1519
2288 -4738
-2474 -580
3340 -693
-1247 2757
-3331 1379
2429 2086
2129 1651
4093 1495
927 1279
3353 4588
2817 436
449 -1221
-3792 13
-3648 2639
-1922 3438
-76 -4684
-3639 -3224
2020 1581
3084 -738
-3895 -2037
3292 4372
-4506 -4249
1394 498
2539 -3682
1148 3219
-3909 -1207
-111 2402
-204 -2066
767 3615
2299 -3145
3803 3200
-3657 -4721
4255 -1173
-2319 -3405
3699 4177
-1892 -813
1897 -2885
-3428 -3241
1386 -3514
730 -2469
865 -3147
-4794 2440
-1335 1603
-3845 -2138
1146 1663
3485 1977
-99 4383
-2800 -1653
-268 2120
-940 1617
-4511 4037
-255 2546
901 -3064
2931 4293
1228 -2026
-3430 3968
3259 4195
-1767 3633
656 3853
-3919 3128
3723 -3637
1810 -434
4572 -2821
1564 -2529
3540 2384
-4136 -3767
2794 -640
-4594 2068
3745 -1339
-4349 2968
-1618 -3197
3910 -1741
-892 180
3734 3865
165 -2052
3969 -2271
1201 -2403
-2829 -1725
-4182 0
1590 -787
-1161 2747
502 -3821
-2694 4284
354 1322
-3102 -2814
2180 -1233
3358 781
2620 -2544
-1405 3033
2461 -3045
4394 -1658
-3281 -3685
218 -1277
3212 3793
4139 -2831
972 -1223
2591 -270
2055 4685
-3831 4057
-2212 -1347
-2132 2866
-1897 -233
-769 1368
-3365 473
-1679 3860
-288 -1620
-1638 3840
-3216 1834
3355 2744
-1704 779
-3546 3802
-2595 -4153
-4611 419
-571 4611
-703 1311
3488 3619
12 1705
3293 -714
-463 1359
-2379 -4476
-1286 4233
1687 209
-1398 -2920
3642 3966
3148 2905
3647 4392
2402 -1303
-3761 3219
-2353 3668
-1487 974
-3723 -2443
-1509 -1773
-3452 4331
-1922 -190
2996 -3030
1433 -1255
4635 -1426
4258 -4356
3681 4010
4451 -849
-2304 4066
730 -973
3056 3606
-2250 237
4225 2863
2144 -1312
4481 -3743
-1461 -3440
-2645 1385
-4611 927
-1387 716
-4221 -756
-405 -2664
3318 -3655
4708 2184
-3294 3426
-934 -1505
4594 4249
4430 1735
-3612 3826
-1767 722
2464 1894
3978 -1277
1143 1218
193 -1894
132 -732
1988 -490
-931 2522
-849 4591
-2054 4169
-1763 4240
3697 463
-3890 1645
-4362 -867
-1808 2616
1641 -2073
-3965 -2330
4479 -3498
-360 2390
2243 555
2709 3310
-256 429
-1969 1528
-3916 -481
1129 -1984
-4039 4507
1580 -216
-3621 -2399
-3530 3949
-2231 2587
1565 3800
3699 -271
-1333 1825
4015 2313
-753 1506
-3934 -2898
-2357 1587
-4457 4519
1261 -887
831 -4364
-4173 -2328
2690 413
3319 -4326
13 -2124
3787 1792
-4237 2500
3648 2935
-897 3508
3240 2989
-3114 2768
3607 -185
-3416 11
-760 4670
-1902 3686
3329 1241
-2995 3779
-2176 2790
2520 1141
2614 1107
1646 3263
-2684 2104
-977 2465
516 2653
-388 3659
-2444 -2976
41 1871
-941 -3161
3773 687
-4740 -371
-3812 1253
-284 1223
-3957 1390
3389 -1838
461 3480
2909 -4093
3957 1107
323 541
2137 3719
3935 -1343
-4541 931
-4493 3038
-1660 -2872
379 -4234
1080 -1177
-2613 -4548
-4646 4454
-354 4372
1590 -4516
-1702 1312
-1097 4287
-1555 -2803
4717 954
-2689 469
-4156 -923
4467 -1001
-2186 1457
-1905 -3423
-704 2879
100 4131
3272 2028
-1964 -4769
1263 368
-1 503
-4444 3673
-3170 -3103
-4024 -3776
1565 3695
-2143 -3007
-2388 -4046
-418 -1937
4182 -2229
-2759 -1002
-4763 -1203
3844 -760
-2989 -1493
1101 -924
-3233 -455
-4128 1451
12 -3593
3371 -780
-3211 -1725
-4088 4284
-4366 -3
-3885 80
-4188 -4467
456 -3151
3769 -814
1354 -2035
-1228 -4742
-1297 -1376
-1731 -2820
4363 2720
288 2644
2376 -2526
-798 2735
-1547 2449
4103 -3700
2599 -59
-4067 1652
-1494 -4615
1748 414
200 -1413
1640 -3939
-1914 464
1074 1105
-876 -512
4711 838
954 -1052
-3926 638
-1021 -3748
-2343 4095
1057 1803
2244 -3096
-3650 67
-2219 -2939
-1422 -1586
-3870 4254
-2675 -2256
-4553 -1293
-1865 -4273
3261 3853
-1937 60
-1434 2859
4736 4198
-4436 2073
-1756 -413
-1237 -1278
-2854 2060
828 3481
-551 -4518
3838 -2653
4667 -1749
3733 -4661
486 -4364
-4418 -994
3034 -59
-2197 4569
4127 -4721
753 1989
191 208
2979 2523
4058 792
4702 2165
3638 -1819
231 1670
119 -2928
-3781 2247
-4633 -808
-3773 -428
-3754 -839
2693 4100
4410 2491
1529 3861
-4451 -4679
-3794 -1769
4679 -3960
-3866 -29
-206 3836
4767 -4217
1677 -469
-3007 4140
3685 -2061
-2605 -2798
2172 -2424
-1031 1060
-3980 2737
-2802 -4322
-4763 990
4644 -142
1328 -1459
-4034 721
-1295 -3483
-3966 2990
-3540 -3130
4469 2409
-2914 -1075
1228 1778
-277 -4474
-888 824
2556 -579
-1380 -502
-947 1432
-1623 -2749
2696 312
-1069 -1805
2409 -4395
-3893 -369
2568 1861
4497 2938
-3132 -4638
-554 1256
-3177 1657
-1158 3666
-1175 -3045
-704 -398
-2182 2058
-2844 2745
-3835 -3095
1101 -156
-1357 4430
-1239 -4399
-1575 -4776
-3366 -1970
1832 125
1760 -3469
589 1238
-226 -1211
-2551 -661
2529 2672
4558 -2040
2959 164
-2656 -2629
1073 2621
4717 -3872
1332 -4319
4458 1046
-2691 4278
65 4287
3598 -1816
-24 424
4084 1232
1717 2811
-926 -3594
4781 3723
-408 1031
-2573 2619
-3282 -2415
-4330 -3382
3400 1081
372 2934
-4770 4665
-3287 -3368
1954 1892
4636 801
-4795 -163
-3345 1376
-1035 -3762
-1379 -3684
3625 -1065
-1641 -3446
-1856 -66
-1974 -2501
2492 3648
-60 78
-3092 405
-4752 2347
-133 -2335
-2379 -3745
-4701 -849
2814 -4382
-4080 892
-2837 329
-2053 256
-3492 243
-3328 -3292
3891 -3014
-1079 1102
-1795 -4629
-775 748
2162 -2116
-687 -4217
3281 -4688
-464 4597
4706 -4580
4167 4190
-2590 570
-617 500
-4508 -4597
-4174 -1898
2783 -4722
1132 -1950
-4671 -2971
-1706 1183
223 4565
578 3762
1873 2048
4094 -908
-1611 -2568
58 4115
-339 3099
-1775 -1036
-4275 -986
-685 4542
-1812 -482
-535 4066
-3988 1026
709 -3039
913 -4620
3271 -1872
717 692
658 -455
2395 4107
900 -2111
-181 1702
-903 -1909
-2004 -28
2180 4416
4313 -4451
3628 4711
2610 -769
1399 2916
2871 1558
-2200 803
447 -4746
917 -21
-3750 -3218
-1085 4001
-105 2350
-1643 3192
-3281 1250
-2742 2093
-4487 4649
-800 4080
-2659 966
2937 -1598
-3202 2371
3848 -1131
4717 -1861
-2999 2782
-2256 4622
-2647 -2350
874 616
-1350 -3216
3639 2653
1275 3665
-107 -4739
2008 -112
3552 -1680
-86 4452
2540 376
-935 1389
118 1674
-2877 -223
139 -2843
623 -4764
-510 445
1568 -2284
-1101 3265
-1666 2365
1066 2519
-131 -999
-42 -2685
-4416 -3696
264 -4224
-1372 1779
-2420 542
-2448 -4280
736 -1584
-1966 3718
2722 467
-2996 4509
-3494 907
2036 -6
-3965 -1178
4508 731
2031 -3296
-247 -2695
4703 -1876
1291 -4270
-543 3650
-871 -754
809 2817
2569 4787
1067 -356
4304 -2423
2804 -1874
-798 3454
-4594 -3949
3314 -3271
-3833 -3067
-899 3661
-925 4457
-3239 -4318
2056 -2135
-1372 2192
-2939 253
4500 -2248
1233 -2322
4626 -1973
-1562 -1384
-619 -3576
-1162 1913
-275 -901
4654 -3991
-2140 2976
-295 -663
-4470 -987
-2724 3155
2148 1621
2234 2512
3981 2646
-3208 4203
-274 -1295
-3538 57
-519 -409
-3051 -3965
-1964 -1089
2344 4482
4424 -2060
3828 -4756
-2164 2990
4346 -2004
1215 3004
-1482 -1266
3010 -821
-4092 3378
150 653
-198 1462
3900 -399
4268 681
-157 -2163
2529 4478
-1618 2642
-2717 -1516
1614 2424
1675 -3223
2123 4602
-1360 4433
1691 -293
-2256 2521
1881 3959
1157 -2562
2641 4468
-3253 -428
43 1604
-239 -3396
1493 1213
1199 -2360
3480 2773
-2201 -1897
777 238
571 427
4129 11
-3665 4665
4710 -1884
815 880
1150 -4292
-2363 468
3585 -1676
640 -2115
1701 341
-1074 -4664
-212 543
-2669 -3647
-2647 2582
2791 -4204
-3128 3982
1783 3042
1995 -3836
-3652 2935
355 -4350
-3223 4033
-529 -2714
-2470 -4610
4449 2514
-4283 -1398
-2837 -1721
597 2187
-1036 905
-3300 3437
183 -2336
868 -1778
4244 -2732
3526 1135
1607 -459
2720 650
351 1623
-294 1301
165 2462
3707 -1815
3137 1483
3887 1005
1663 307
-1983 394
4656 -1676
1554 -1474
1137 903
-3092 -2621
-3061 -1612
1423 -4084
2805 3339
-1019 -3087
2968 -4062
-3017 -4462
2840 2093
-905 1446
2707 -897
2 -1905
-3199 2128
2385 861
-396 -2752
-1530 2500
-836 2675
2615 1735
-4595 1613
966 727
-2405 -3737
1696 1055
-1262 -4237
-4058 1561
-2608 3111
-3980 -2893
3279 -440
2308 4416
-2861 238
1630 -1714
-1444 1636
-3392 328
-1792 613
686 2570
2005 -2328
3572 2882
-449 2498
1242 -420
-2243 -179
-3863 -1004
-1184 1902
1583 1570
-3660 241
2108 -95
4017 4313
-1638 -3099
-15 -1150
1174 694
-4781 3006
-2235 299
-3468 -3368
4646 4693
-1167 -695
953 2283
1801 2273
2395 2694
-1982 -1500
4609 -3147
-142 -3379
1422 910
167 3992
2229 206
-2204 3522
-1112 2033
-639 -3825
2997 4418
1305 -4411
3636 -289
-3609 195
1086 4401
-1967 -594
1882 1185
1422 3557
3412 -1089
-211 -863
-4554 -760
4312 -4339
-4112 3104
-4564 -1743
3422 -628
-3977 656
-599 -2569
4695 -3252
-2701 -646
2175 -3472
4379 -863
3108 -1293
1156 3099
-3816 -254
-2449 3576
-412 4482
-4192 -415
3381 2037
-650 -3969
3199 1502
-2314 3152
-376 -4604
4017 -2817
2221 -889
4151 4345
-2649 -2522
-4787 2191
4092 1557
-1568 -396
4190 1527
1186 2097
-4682 -1913
-1369 1761
2321 -1842
2348 291
-455 3443
3262 2877
3227 -2078
-3927 -3198
1664 2156
-4661 -2248
4494 -4367
-2035 1910
-2240 -2083
-3365 -3558
4081 2146
1250 -936
1157 -2598
2992 4540
-498 2956
4700 200
396 281
-1314 339
-2251 2937
1136 3028
1778 2328
684 -1990
-2980 2174
3372 -1793
3513 1798
-336 361
-349 -190
4395 3948
512 1584
2982 2285
2923 455
1455 2406
-3541 2118
3287 -2748
3161 102
-4713 150
2198 1520
-3640 -834
2972 -1940
2894 -4099
1887 2764
1452 -1646
4257 -2527
-43 -3761
-4475 1182
1364 3183
835 -2255
-734 1633
-1475 -4755
265 4489
-3485 3814
3658 2736
-3449 -1245
-3467 -92
52 2807
-3334 454
258 -3395
-3375 -3115
-1162 -4576
2114 -1432
1379 -181
-3170 1881
1935 -1031
-3259 -3186
-1217 2820
-3465 -3879
-4068 -1002
-185 -4428
-3241 3472
3436 -3400
-4589 1684
3856 -3098
-4642 -778
3154 -3668
-2091 -4130
-1548 -1343
4618 -127
2464 2521
1185 910
-3995 19
1729 3960
-1406 239
3029 4486
-504 793
2155 3217
-1777 -2080
2267 86
-1360 -1611
-4226 -4287
1029 -3382
2785 317
-3091 -1558
645 170
-596 -3828
-3984 574
-2538 -199
-121 -780
379 203
-4279 4407
3187 3421
-204 916
1423 3487
-279 3523
2136 1102
-1130 -2538
-1897 -4358
-4416 -238
-1647 -1588
-4761 -3937
-1509 -1733
-4661 -4425
-3051 3718
-132 1677
2332 1466
226 -2832
-1326 4096
-4041 -3032
1411 4105
549 6
3991 -789
-1113 -3985
2359 -280
2833 -3936
327 3542
-1141 1115
-1260 2033
2158 -3485
4500 -3121
2968 1619
4046 -4788
2287 -1166
4398 -2586
2062 2523
456 3589
-3368 2429
1518 2191
-2543 -3831
-3425 -1986
-1715 -3055
3216 2830
4156 3989
-3806 1534
-1424 3373
-1695 -1134
-2399 827
-662 1189
4768 921
27 654
3769 -2425
-4011 4604
2746 -2646
2869 -3029
-2690 3457
1766 -3032
119 3760
-394 -773
4286 4525
4781 -2103
401 3491
-3737 -1720
2233 1255
2497 -2252
1271 -2223
3403 -1474
-297 -2966
2651 -3102
-2813 1792
3786 -1146
-1614 4432
-933 -456
-2236 1693
4435 3574
4013 4231
2781 -1654
-1035 753
-4449 -4733
-4498 -3876
156 -1731
142 -2837
-3693 -4114
4145 4024
-29 -4066
-829 -2400
-4432 -736
-3660 -2652
-2031 -3547
-3711 331
1167 2137
4420 -835
-3123 -1555
1320 -828
977 -1541
2310 1793
1539 -4397
2884 4439
-3383 -3909
4159 3958
-2396 -2469
4644 2643
4222 2271
2655 -3551
1393 -1805
-3972 -144
-4062 3341
-377 4015
2217 -4476
-3937 -1525
-1856 -4499
-50 -3939
4729 -4695
4164 -445
-1530 917
-4111 -573
-2593 2090
1299 405
-2368 -3666
-46 248
1949 2284
3382 -1975
-2678 502
4670 1792
-3922 4516
-1669 1686
-3800 2793
-602 2832
3722 3263
3820 2822
1217 3305
4069 -522
-3711 2836
-4424 -3250
-3292 -4375
-4299 619
-212 1294
-3966 -442
-1512 4164
-533 1508
-1282 -604
1219 -3687
-3790 2419
4233 -3184
-2108 -3459
2076 -886
2388 1687
-1654 1707
1074 -4351
3675 2320
-3046 -2627
1515 3876
3664 2886
-3852 -883
163 32
-132 2263
3041 1003
-3211 -4472
306 -3315
748 2601
3839 2203
-2852 -1168
2644 -2475
3967 -4059
-2237 892
-3031 -1883
-1976 -808
-4313 -3342
-4001 4240
1991 -4502
-2412 -4291
-3200 -1874
2656 4090
-528 -4646
4052 -2153
-1549 4147
2466 -3840
4449 -4295
3544 -4757
3711 -886
-16 1261
3405 -518
-2722 -380
3271 610
-3666 -2300
-1265 -1392
-1324 2625
3364 4623
3133 2749
4687 1450
799 1053
-3822 663
3624 -3609
1411 3768
-1900 4563
-4217 -3436
3862 -2795
124 -2313
-4651 1047
-3785 4678
2394 -2006
463 452
-3424 1177
-1251 1223
-2736 -954
-2153 696
-1953 -1922
-1394 -2303
-2024 -4613
-519 745
2133 -2758
-3473 909
2873 -2437
461 -86
4094 -4140
-2549 -4218
747 4681
-1408 -3478
2227 4262
-666 1016
320 4454
4162 2375
-2196 3046
-3243 612
-2345 581
3335 -1362
1643 597
-2460 -1863
-4495 3005
-640 4442
-637 2963
-4583 1505
-940 -4219
-935 -27
2525 -1591
-2192 -1995
1319 -4302
-3139 -4643
-1455 3782
-1087 884
2528 387
1292 1503
-1440 1452
1976 1681
-4687 1462
-2020 -2568
945 1127
-4636 780
3160 604
4373 613
-2325 2512
670 3179
3076 -2228
-212 3683
-430 1930
-3283 3173
-2347 -172
-3480 4045
1300 -3538
-3940 3315
-4613 4358
1905 104
1342 -888
-3738 169
-3501 2195
-2039 3086
2549 4172
945 -3386
-2533 -3412
421 558
-1831 -2098
892 -2783
1131 970
2237 2194
-1460 -3148
-208 3232
2401 -1149
2559 3134
2519 2604
-1091 -2647
-1200 -4241
-1766 257
2457 4025
1289 -2858
682 -1994
-322 -2478
-1228 -2603
2545 -694
-820 -4632
940 -3504
2557 -2848
-4739 4127
-3714 -1543
-593 -570
-2533 2757
-2752 4609
2330 1498
-230 -3004
-2305 -4723
1099 43
4496 2863
-3076 1641
-4282 1148
4077 177
-1219 -2717
1994 -2111
-996 3927
1351 -1913
-2129 95
-4232 113
2156 -4081
864 -2097
-3044 3049
3329 -2041
2506 3239
-4373 3529
-2879 3617
-3415 3896
-3193 -2945
4491 1696
-3656 2532
-3946 -2504
4659 -279
-2744 3868
4558 1118
-2976 -4686
3507 -3833
2309 2766
-2404 3515
263 -2221
-1554 2463
-3320 -773
-3939 2572
-2045 -1240
1264 2710
-3295 -1664
-3233 -2284
-1731 -3596
2791 -4222
1978 987
-4421 -455
1632 3744
-3857 2246
4394 189
-2710 -2500
-2278 2443
-4265 -524
-1861 3462
-3018 3720
-2996 -3419
-702 4741
-3941 -532
-3507 646
-2108 -549
-3884 785
2652 602
-2755 -3306
4132 -108
2343 -4298
1913 -1905
-549 3139
-1735 -4512
1022 2709
1463 4544
1762 -2630
188 -24
2855 -3455
4023 -3558
-2227 -2402
-3308 1808
4554 1608
442 3596
-2983 2223
551 -2804
-1584 -988
4144 -369
4528 545
1070 2567
-2855 4441
-4396 -1146
960 4782
2264 1807
1988 -785
3111 -726
-3481 -1876
1761 -2831
-1803 4020
1257 -535
3960 3159
-3778 -764
-2954 1722
2160 2650
-931 -2570
-4053 -4746
2082 3525
-3096 520
-2936 410
-4708 4770
410 -1517
2187 -1074
1372 -3697
1524 -2075
-4143 -960
-741 -3604
-3594 2536
-3217 1317
-2339 4184
-3856 1599
4769 1142
-1861 -1190
-4076 1728
-4580 -4087
1356 -274
-757 -4624
-4148 -747
-2226 -802
-2443 1568
1749 157
2833 -1138
1170 -3842
-3194 2824
1595 4054
-3212 -3514
-3714 1398
-4457 2709
-861 780
3819 2460
-378 -3478
4378 -4144
-982 -2865
1223 -3871
-4638 3002
-463 4743
-3245 -978
-928 -1604
-4612 184
-4603 1367
-450 554
812 -2615
-2695 -4672
-625 1661
-3306 -3625
-1053 2313
-2893 -1758
-3222 4222
-951 1344
978 3957
4323 1057
482 4077
619 -3073
-3081 -3198
287 -1143
1058 -2178
-3927 4398
2741 -354
3353 2911
981 4471
-1581 -2150
-136 4194
4108 660
2176 3969
3510 -3727
-3735 4357
-3181 1365
925 -4724
3994 4521
-4314 2216
-262 1585
-1428 3979
4141 3234
-244 4176
-2274 4602
474 -3411
-997 -1706
-2525 4058
2204 -62
-2768 -2997
-1066 -1260
4489 255
3502 3501
1417 2337
511 -3916
-3793 496
-3796 2102
4278 -1585
-712 1152
3577 -1043
1366 3666
-2386 3271
-1781 -4584
-417 -755
2228 3293
-2713 2220
-3193 1703
3675 -3981
438 4092
-2407 -4407
-3612 1695
-1402 3147
-939 3737
-658 -1288
1811 -3723
-4377 -2025
-615 4067
-2329 -773
2134 -1477
1054 -790
-4623 -2108
436 4149
1790 1046
4024 -807
6 4709
-3176 4129
3242 237
2414 1661
-3895 -893
-196 1697
-1812 -857
-234 -3834
4358 349
484 3034
-2078 -489
4378 263
2716 -1077
1186 -20
1527 -4043
-2928 -4167
211 2943
-1115 233
4501 -2833
-383 1047
4256 198
4247 2883
-722 -4113
3895 3540
-2753 -1275
1527 1193
-1737 3844
4222 1099
2302 4089
-3087 997
-2751 1315
3249 -4560
3592 -4505
-1793 -2578
1007 -899
-1280 -1829
-2124 3651
1454 -909
-4664 229
-924 -4678
-4503 2152
-4643 -650
1764 -3257
3192 1535
2677 -1508
-3284 -1977
-1613 -4722
-2955 1492
134 2857
-1858 -2725
1431 406
3362 883
2668 -3152
-336 3093
-178 2258
1904 -1119
-1243 -2168
680 -872
3761 -1835
1196 3644
3586 310
3887 -3562
380 3658
-2243 3587
574 401
-1184 -3724
-4121 981
2860 1559
-2 4786
630 3044
-390 -3585
2474 668
4181 4674
1411 -3428
-66 -4606
-3200 -3914
-2513 3291
764 -3972
3287 4321
-541 764
-4686 -4142
-3004 4637
-899 -2360
3568 1031
-3211 -4618
-4709 1118
3592 2274
1130 -447
-4654 -1597
-4268 2177
1907 2818
585 -1555
2253 -1570
3191 2011
3994 -2845
-641 -1549
2125 3604
-2058 343
103 -2907
-4562 -3477
1845 -1667
212 -3061
-2299 1337
-370 -4650
748 2221
-452 -3875
-2330 -678
2913 2366
291 -1944
2179 78
423 -340
-247 -1813
1063 2148
870 780
558 2539
-2222 779
4553 -3981
461 2214
-1698 1005
4301 -1041
1126 -2488
4351 1113
777 2463
1682 1488
-4753 4716
3963 1018
-1857 -3060
2792 -633
-3424 -387
-3582 2370
-1990 2645
1814 -3586
3992 -822
459 178
2416 -4626
2806 -3098
2363 106
4681 3996
-3634 1061
3683 4573
3910 1662
-4336 1361
176 -324
-1961 3369
-4392 -3984
-4713 -592
282 1331
2047 -1774
2045 193
440 3415
-2075 -4390
895 4650
-4403 4584
-821 4617
4754 -4216
-432 3046
2533 3331
-254 4007
-786 -1082
422 895
-2283 -4035
1720 -4309
3898 1953
1212 2747
-1093 -4019
4112 -1099
-4622 -4461
3970 -2435
-3471 -1852
3646 -159
3464 3722
-1204 -1469
331 2634
-3525 2866
1017 65
4203 96
-2823 4528
-1047 -639
3677 3490
-1557 -2224
591 3663
-81 1034
4603 -2767
1040 -2175
735 -3892
-683 -1209
-4379 -1810
-192 3975
199 -2565
2383 -1315
2235 1653
-3067 -482
-2906 -3267
4269 929
4751 -871
-980 3100
50 1868
2293 1471
4121 586
-915 570
-1022 2971
-1303 2079
3963 4489
972 -800
214 238
-2474 -1912
-591 -4262
4607 1823
-2890 4635
1671 1722
-1425 -3556
-2257 -1553
-931 -797
-678 -1837
-655 -4690
2211 -1571
4507 4723
-1360 2648
60 -3484
4354 4016
-2447 2276
-866 -4192
378 -524
-4765 1139
2715 -4381
1728 -3294
-1073 1585
3080 -2195
3784 -459
-1198 -2016
-3203 3306
2813 -1147
-3620 1912
2999 -1401
-888 -2676
2671 177
4391 -2413
3282 -2278
-299 2715
-4013 1578
-1444 2668
-1759 -1878
3530 -3734
-3463 1365
3394 -1494
-97 2571
-82 -1337
3933 -4145
-440 -2868
-310 -1175
3561 -276
-2549 -303
-977 -97
-3849 -1712
4450 4376
1561 -214
944 -2139
4100 3926
-3542 3537
4 -2143
-735 1560
-3979 -3441
-2329 2828
-3981 1739
4233 4108
-2255 2251
-2891 4460
390 394
4161 4334
-3528 -1228
-4764 3234
147 -1337
-2429 -1357
3148 -2578
933 2384
1527 -1929
-1963 -3514
-755 -4190
3557 -197
3281 4442
2720 1586
-424 -1332
-1287 3200
-1279 1426
4456 -546
4400 -909
-4799 709
1772 4307
-4793 3722
434 -2708
155 -1700
-1339 3608
-2458 -4534
10 2048
1022 -2280
-1939 4058
-23 -4791
4435 758
3807 2312
-239 2019
798 980
770 1641
-2556 -3556
1873 -3452
2619 -1449
-1923 4432
4495 276
-3772 -2792
3905 2775
-3637 -1696
-3135 -3170
-22 3781
-2293 -4597
4672 1742
4706 1056
1077 2603
-172 1464
-3248 -1663
416 -4107
-4750 -2125
-3319 1604
2320 -807
-3689 188
-3119 2677
3063 4060
-3186 4332
246 -1714
4699 3234
75 -2335
3595 2604
3814 966
1449 -1249
-3754 -829
-488 -1559
-2256 1104
2022 779
-3524 -2128
4198 -1397
1955 2572
3661 3234
1861 -3572
-3198 62
4103 -3870
1494 3806
2614 3647
-2672 3330
435 -1568
4620 -3292
-4075 563
-523 1198
-775 3907
-1 3083
-4191 -463
991 811
2988 -781
-3842 -3363
4373 1720
-4047 -4580
-2247 470
2794 -2812
2731 -3361
-2532 -3458
-814 -1113
-3336 2526
3015 -3606
-1613 -320
-3352 691
3423 -2323
3719 3464
883 -877
3381 3748
-4535 4716
206 -4186
-1463 -3030
1102 -4123
-647 4300
3023 -3751
-1449 1929
1596 4588
2535 4005
-139 -2224
1356 -3396
-806 -3
149 3049
987 -917
1224 -1577
3132 2206
-2854 -1080
3210 3488
-2870 -3853
-4336 -1845
4203 1438
-2220 295
-4092 -2512
130 -4790
1043 3017
-3504 -2119
1737 3377
4052 3692
-3216 229
4643 -2130
-2010 -4377
3068 2036
2586 1032
-3409 3724
-2927 -1710
1956 -1664
3022 2394
297 -3711
-3677 -2848
3386 -2784
-4204 2248
-3831 3216
-2824 3131
-1771 167
-943 -3087
475 -1964
-2362 888
2461 -2929
4759 3921
-4389 578
-4672 -3521
-3880 -4542
2884 -997
-4211 4112
2294 -3572
-3489 2051
2167 3929
1640 110
-1533 2551
1149 -1690
4178 -1999
2743 -390
2570 3676
-963 2114
-4416 267
-2491 471
143 -4234
1722 2955
-2976 65
2286 -3691
-1307 -2771
6 1927
-1741 1372
4702 398
2422 -283
4077 -3309
-4401 -2266
1085 2721
-1006 -1233
975 3527
4478 4096
1003 1472
-4490 1411
1573 -161
-806 -4105
-440 3167
-579 -3289
-3459 -798
3050 1704
-2721 3105
-4073 2327
-1683 3155
-2236 3024
-3771 -1310
4771 -4502
2934 -1386
-4671 -2081
-596 4182
4017 -81
-4074 -522
3624 2039
4418 -594
473 -2295
4157 -1034
3370 2999
4137 -3070
794 347
-3774 -800
-1121 1596
-306 1899
4494 602
2847 -1002
-3759 -2541
-4682 -3778
-1480 66
-4108 -4008
-4614 -173
4426 4450
2598 2353
-1715 4025
-1555 2617
2804 3529
-3770 -1368
-2977 2757
864 -289
-2488 -2304
2131 3441
1938 -1984
1302 3593
-1437 -3292
-1410 -452
51 -571
1541 4089
-391 2731
-2049 -1456
-655 2692
-1137 -1665
-531 -1591
-2710 3964
2998 -1011
4521 4708
2729 -1741
-710 2036
-2470 -1903
-454 4682
-2325 -2452
-3419 1997
2258 -3448
713 -1093
-1440 755
-2442 -3259
-437 -2636
-864 1479
1690 -2604
1340 -4705
-274 -1742
-2917 338
4718 -4704
4680 2704
-2549 2150
-3299 507
1017 3115
1285 -1966
1853 422
-1759 534
-2244 198
3575 2023
-2225 -2897
654 4468
3113 1531
4115 1964
-3737 519
-221 1298
-2315 1520
-2031 2896
-1549 -2252
956 -197
3493 -4459
-2404 -3314
-2929 -3210
-1866 -2057
1660 2184
3146 -1880
-1757 3032
-1350 -1262
-626 1955
-1020 1951
571 506
2592 4561
1979 -1459
1642 -4375
-4197 1303
1526 988
3648 -1607
4561 1632
48 -1534
-3362 1343
-2761 4373
3065 1039
2255 -3888
349 4678
-3191 -3212
-2217 -4703
-2678 -4687
-2576 717
1408 2339
1663 -4497
-4683 -932
-2403 4111
3988 -1238
1450 -562
-3360 -3483
-2605 -2863
-1937 444
-370 -92
2147 4124
-2454 -1627
4365 810
-3477 3140
-4699 3973
4042 -2696
-1863 -3238
-4665 -21
-1050 -3895
897 -3627
4081 -3453
206 -1819
4618 246
197 1231
4422 1180
-1092 -3799
-3101 -1738
-858 3924
-887 -40
1006 1961
421 3054
2455 -3460
2806 3799
3150 968
2411 478
2251 -2335
-3929 -1462
-4491 1293
-108 2780
1750 -409
4236 351
990 -2616
552 3307
-1078 -3800
-253 4203
-2697 4204
737 -964
2057 4263
-1762 2672
-3333 -1111
4777 239
-1858 2905
985 -4296
3634 2994
-1291 -2952
-1167 -3239
-4443 600
-3743 3336
-4582 -978
3306 -2046
-1495 -2772
1408 -2681
1845 -2506
-2003 2861
1544 -4682
1547 -104
1295 402
465 3575
1846 469
-1884 -4279
-1731 3767
3450 -395
1882 3327
2429 4796
2883 -3275
3911 -3029
1070 3721
-3894 389
-2500 3486
-2868 3410
3840 -2530
1439 -3684
-2203 4740
698 2045
3978 8
1395 -834
-3469 -3765
2804 3441
3470 972
-1564 3389
3025 3083
509 -4
1685 -4138
4617 -1623
218 -4459
-1607 4202
-1252 3344
-2184 -2520
-1294 -39
3649 -481
1718 -1676
-3504 -4287
-4774 301
-1555 -225
-4161 501
4665 -4338
618 -4105
-2414 2670
-940 3796
3472 3543
-2505 -1967
4338 -312
3709 729
-4551 -4239
-2554 -106
-3579 -4042
-4476 3128
4266 2667
-4339 4763
-173 -3969
2679 1289
2433 -2081
-2458 -1732
3301 266
-4523 -1870
963 4098
-3196 2371
-3284 1402
-2702 -1939
-141 2204
-1944 -3924
-3429 2026
1884 -4063
-146 2894
-3067 -1055
1079 -706
4770 4208
-165 -3343
-3609 1612
2050 820
-1692 -4394
2801 1621
-3784 -3809
820 3709
2919 -3688
-2017 -1832
791 -2866
-2930 -4180
-1571 545
4354 2651
-3462 3079
-1441 2434
-3919 3904
4008 -2600
-3115 -3380
-3379 2267
4718 3992
-616 2903
-4196 4524
-1341 -73
2134 1676
-1176 4547
-260 3370
61 -2804
-3762 316
-3524 -4179
2976 -4501
1204 1452
3881 2691
-4208 -870
4280 -2952
4750 776
-1620 -1831
3445 4579
1850 -1005
-1900 864
3953 2256
-279 -178
2025 2946
-4579 515
-650 1864
-602 -2253
2767 -4186
-4691 -3995
-3943 -1974
2785 -74
1775 -1292
491 1483
-3424 4205
3722 -637
4662 1398
-1159 -1840
1357 4739
2998 3677
1425 -731
-685 -3822
-4530 -4461
-2771 4670
-2944 -3098
-1934 1941
2008 1199
2008 -4606
2123 -1553
1964 2828
3712 3451
-2188 3878
-2825 -2311
-833 -2788
-2598 -3311
-3363 -150
2369 2368
-840 4144
-2915 4708
-2134 3561
2219 -4713
-1663 -958
-4028 818
-2241 -1296
-3960 -3670
-1676 2486
-3969 2218
-1373 2500
-4037 -1640
-4495 4511
-4674 -2376
4517 -4247
-1641 3493
-3016 4286
-1434 3047
2256 3555
-4715 4728
-4192 -3654
3519 -4111
-3726 -4174
-991 229
3909 -3896
4712 -1736
-4737 -817
-2548 -4369
3589 -1816
663 -2689
4696 -1882
768 86
-2416 3511
2881 -2580
-4744 2583
-3872 -4594
4148 3892
-726 2503
1988 -841
4500 4006
-386 -2368
-210 -2324
2649 4495
3725 -166
-4383 -3086
-3046 2038
3653 623
2863 3971
-915 -302
2707 -2041
-3513 4414
-1508 -1303
-1025 -2750
-984 -4277
-3004 -2028
-2826 -3105
1437 4461
-2743 -4242
-1583 -3739
2736 1391
3008 -3114
645 -3089
-2241 2733
3799 3938
-4499 -3967
2332 158
-1601 -320
-608 3167
2602 -348
594 -2138
-295 -2368
-2712 4084
-2952 3358
-4223 -1285
-3451 -2218
-1086 2410
767 -2481
3215 -3075
4325 2131
-3360 -2072
893 -1456
3572 -1845
2726 -2684
2122 -3042
-1588 3333
4034 -3629
1099 3642
1911 -4687
-61 -2002
2193 -267
-1352 -4716
-1826 2656
-4159 795
2065 4457
-924 -851
-2838 -1187
-867 -3165
3676 407
1751 792
2472 2957
1203 -1137
-4350 -1473
-597 -1521
-4268 -2562
393 494
1839 -4131
-4410 1743
-4671 -2455
2672 3402
-4556 -2048
-5 3608
-1735 4186
1651 -4782
-4364 -210
361 -3645
-3466 1201
-4440 -2723
1745 2109
-1271 -2383
2664 -1767
-4361 -3456
-1556 -2270
385 -1672
2296 -2278
1972 861
-1053 -200
-8 -3946
3584 -2653
2010 -1747
-304 3666
2105 1247
501 -2353
1405 -2985
736 -2707
547 2372
-4136 -3436
3208 -650
-1155 3163
-2960 3022
1910 3051
-2130 3664
-2769 2625
-2038 -3019
-3705 -1323
56 -1325
1264 -814
-2340 -842
-3902 -641
-2038 1253
849 -276
-2456 3136
2129 -2621
-99 363
96 2137
-2587 -2328
128 -1802
669 -1792
3722 3570
3442 4079
-3276 4231
-321 -3465
-3178 -2244
3680 2845
3169 1696
3711 -756
-4562 -391
-1327 4203
-2481 -513
-2463 -781
-1819 3223
4474 1410
3841 -1389
2420 -3474
-2074 2579
-4325 -938
-2440 3524
-628 1527
3825 -4465
-1531 3978
1104 -2904
-4443 -1960
-2516 -398
-977 3011
-2646 -4651
-3677 -2340
-886 -4714
-2830 2498
1083 2908
2867 2026
-466 3083
259 -4700
-2537 -293
4392 -664
-3771 3512
4025 2166
-3365 -4145
3175 -963
-282 -2518
75 576
4632 2055
-1792 -4117
3656 -2038
4072 -1843
1241 -4334
-586 -3171
935 -4116
-4578 1457
-1330 3356
2919 -2849
-4019 3197
-2285 -2001
-1946 1317
4185 -3894
4317 41
3562 4719
-761 -1282
3441 865
4026 -650
-2950 -1604
864 590
-1321 -1312
-1870 3035
3064 -2870
-2589 -138
2216 4421
3740 696
-878 -1928
1418 -2941
4098 -4675
-2575 973
-1874 -2687
-3254 645
-63 -1293
2202 1689
-1481 3460
-129 1719
1658 -4460
-4772 -665
-165 -2732
-4089 -3996
-14 -3223
-814 -3194
-3891 3230
-1635 3667
3485 -1282
2852 -452
-3623 -97
4034 1536
3027 -3446
1839 2249
-895 2853
962 1393
886 -2370
1768 -597
3373 3823
-2394 1739
-3469 -2431
1322 -2114
-1921 -801
-4091 3532
-3668 -13
3792 2503
-2442 -2249
-3502 4457
1627 -258
2570 -4189
2503 -4022
1828 3843
-809 -3952
3625 3165
-2213 -1821
4745 4791
-284 -1400
-3205 357
-4364 -2385
266 2427
-404 1844
1326 -469
597 667
3248 -2368
2791 927
-3275 -1250
-4061 -4035
-639 1179
2051 463
3517 1344
-4105 3179
-788 -4370
3524 -1537
-4609 -3223
-561 2663
3055 -2509
-1226 -2648
-1465 -1248
375 644
2731 -182
1870 422
-2768 -1276
-178 -2484
-3744 169
2767 2462
-3286 2537
-1703 3571
2515 4452
-2182 -4727
1555 3523
4665 -682
-1292 -4384
1452 1647
-3392 -2592
-4024 -909
3134 2502
3076 128
729 2756
4612 4728
430 3425
-1192 -1124
-2849 -4497
2828 3235
3819 -3424
-302 1000
-2097 4485
-3727 1563
4275 -4168
-2726 -308
2951 2947
1349 -1935
393 878
4039 -129
1077 1322
-3525 3737
-1970 2589
974 -1681
-1267 245
-2776 -1582
-4061 615
861 609
-1685 2741
4648 -2560
-4752 2890
-2909 1989
3299 -1095
776 3511
-3796 -1571
1965 -3867
-4333 2025
4541 -4654
-3966 2718
-3038 1322
-3349 -3299
2169 1370
4149 -929
3764 -12
-2136 -2152
480 2071
-2650 -4753
-2271 -2869
3423 -415
2719 2096
-770 4315
2197 2389
3724 -1506
-3031 1259
69 1064
3715 2070
1483 -182
1569 -820
2207 3710
2577 -516
1912 3920
3211 -2094
-1638 1047
-2855 2726
-3560 1551
87 -1961
-84 4361
375 4647
625 -747
196 -4078
4220 -2937
-2606 2132
-1889 2643
3 1405
3547 -1042
-4652 -1360
26 2919
-103 2140
-3277 3712
2386 3537
-282 4708
91 4344
-4309 1633
-4205 -3828
-1395 1419
-187 3949
2433 4713
-676 -2202
3022 -1389
-3818 3710
1296 2870
-1442 3327
-115 -3664
864 2169
4541 3519
1549 -2385
-1804 -2613
-1090 -1955
-616 1829
-2437 -4578
-4537 -4420
-2594 -1634
2332 171
1160 -1390
-771 -3382
-2790 1901
-2915 -3869
-3115 -3117
-3613 1673
1780 -996
-4595 4792
-4258 -3170
-4317 1424
-2859 2625
2027 1060
4364 -810
2474 1875
2625 2833
3020 -3477
-1948 300
-1632 114
-3153 -1244
3452 -2574
957 36
764 3334
-3901 -4483
-1409 -4119
4637 1008
1371 4455
-1535 68
-4327 -4763
-3783 -4266
-2094 2890
-1152 4290
4098 -3826
-4608 -1473
-384 -1809
4161 3662
662 -2766
1920 -1147
-4711 1904
-474 -3329
3670 -1257
-2359 3270
-450 192
1107 -1123
-1406 1450
-4169 -493
-1889 3732
-2372 2385
-2132 3236
-1219 -4599
-1005 -2546
-2204 -3749
1503 -390
-4409 -138
-4019 -1366
81 2557
1928 -3862
240 -2242
-1495 2310
1291 -1083
-3499 -4637
-2033 1897
-3345 -1482
-438 3711
2340 -89
-3211 -1169
1085 -1285
-2178 -1968
3307 -836
-584 1194
2520 1525
-3045 3829
1359 -4397
1175 -627
-4563 3131
-897 -2951
1345 4583
-2799 1164
1810 -3144
-4053 -761
652 2067
3711 -4554
4335 -4721
-3997 2423
-47 -1146
4635 4517
-1443 -4582
3364 -1265
-3910 -160
-3611 -1290
1364 1909
-2854 4761
-2663 2861
-1124 -3634
-320 4733
1639 1749
-1932 2036
-869 2740
-1634 2421
3649 3194
-3725 1364
-1960 565
2416 868
3819 2950
-4224 -1298
-3010 -3805
1240 -2885
1604 1007
4541 -1336
3669 2895
-3508 -1797
3914 -724
4591 188
4272 -1196
2083 2877
-3716 -3507
-3921 2893
-4270 -4523
-4586 1041
177 4217
-178 1973
1212 211
2854 317
-3098 2639
902 1364
4145 3221
-3878 -4541
127 -2671
777 518
-2431 -1549
-1411 324
4694 4478
2145 -1065
2474 1129
-3441 -4214
2504 -3822
2786 -2241
-2425 -1155
1744 4474
-442 2839
241 -576
2919 -3985
-806 -3071
-630 -3664
1941 -964
-4185 -2637
-2712 -1532
-2800 -4233
-558 2062
2273 -926
-4332 527
3132 -4595
2189 -337
-760 1205
-3489 2608
-749 -1642
-1728 -1422
4413 -313
4592 4554
-2270 275
-38 3337
3328 -4578
2396 1720
4301 250
-1671 4518
-686 2863
4073 -452
1122 3237
-873 378
3972 4374
-3084 -701
-1724 -56
-2192 -4780
-582 721
3775 -4519
3952 -1089
3498 -2992
1911 3238
3057 -903
-3849 -4053
3374 794
3729 -2000
2131 -2329
319 -1178
1271 4469
4499 1131
-3996 -4239
-4196 -2816
-2029 183
52 414
-3323 3729
301 422
3796 2387
808 3092
4240 -1512
2403 -179
3759 3016
562 -546
4332 -2454
216 1734
-507 -3644
1271 -310
2202 -3467
3339 2535
-4595 -2267
320 -3198
419 2699
1813 -754
498 1768
2663 -1334
2459 -3851
4082 -2174
4489 1126
-2080 -3591
2011 -1467
-1189 2626
4458 -2905
-1581 -2171
-2962 -640
-4613 1756
-2522 2938
-3327 -2204
2826 1235
2759 3903
1051 -4626
683 -27
2278 -3415
631 2137
2401 2274
735 -4606
4454 -2012
-2138 1851
-752 -1230
2111 -2164
837 -2921
-3101 2747
-501 -3329
1366 -1676
4726 -1876
2305 39
3317 4143
-2606 1100
-3180 -3566
2582 -4412
2976 -4206
-3471 -1386
-3987 4545
955 2503
-40 -2725
2122 4631
-3151 1099
345 378
2722 -2623
622 -1744
-2533 -3431
3770 2256
-216 -1882
-2999 -1257
-1322 -447
-2192 3294
1145 -2608
1161 3889
1204 -3796
4360 -3751
3519 -1306
3780 -2489
1737 94
369 1328
-3640 867
1585 3542
419 1882
-2913 2746
3369 21
147 3526
-3578 -3901
-3018 3504
2901 -267
1402 -2611
-1365 -3989
-112 -435
-4505 -712
4735 273
4107 -2120
2043 3318
-412 -695
-4716 952
-4706 2367
1257 -874
-1159 -749
1080 -3843
-86 1615
4643 4022
1308 2218
-4118 -3241
492 -3457
-650 -3632
-1300 -3317
2914 159
1401 -3902
2734 -4055
358 2581
-1209 2399
-2758 601
3620 -4127
2211 2654
-3201 1143
1608 2519
2252 -3755
2907 4779
49 664
72 1997
3818 -1747
-597 3448
-2717 3583
817 -1494
-4439 2312
2207 4508
3777 -4316
3573 -880
-2498 -1443
-2240 1319
-1380 -258
-2129 -21
847 -2003
-1066 4053
-4056 -1676
-1526 -4128
4091 1525
743 -4115
600 -1727
3412 -1541
4048 -1725
-3332 -602
4281 3219
2458 -1899
3077 877
2235 -2643
-1860 -1121
3079 -1395
110 2764
-3484 1572
-461 636
-4682 -2552
2741 4237
1733 -391
-3013 4191
216 -2407
3995 -2738
-4330 1047
-1940 -823
3242 -4548
4234 2898
-2931 4282
2787 -3104
-1059 -2470
-2179 -1469
4293 4748
-3887 -3077
1051 -4122
182 -3179
-2127 4733
-2126 2088
-462 -1891
1329 3117
-838 -3074
-51 1810
1954 -1107
3030 2876
-2622 1806
-3009 -321
1394 3094
1715 -1389
1223 1451
2800 455
3659 1869
2327 3120
3353 -1341
4369 -1178
-925 -2541
-2834 3734
3511 756
23 -4602
-2788 2038
-251 1104
-1417 -1387
1727 791
-4474 -4064
-4246 -1917
3787 4202
-839 398
-4627 -3832
1848 -969
-1126 1250
816 -904
-1174 4631
3266 -4113
2719 1900
961 -1431
-1064 1285
4160 -3462
2210 1545
2094 2414
-2328 -3537
4768 -175
1205 753
4127 2535
1779 -4358
231 -3271
-2956 -3171
-1248 -1204
-2803 1232
2303 2864
1625 3545
198 645
1057 -4102
1186 -4567
-3891 -3205
2058 273
4733 -1651
-1667 4548
-1359 3069
1774 -4391
-1868 -3033
3443 -3091
4595 2947
-3136 -74
-889 971
-3086 -1489
2720 -3915
3284 -3626
4629 83
-4247 3180
4248 678
-4780 -221
3485 411
-1386 3235
-4386 2718
3873 -3150
857 -488
784 1017
-3402 -2415
953 -864
-2281 -3652
3561 -3148
-4645 103
1249 3856
-4667 -109
2449 -656
4541 -2373
-4429 -3843
1482 2500
-1364 767
-4393 -4149
-348 3917
-1732 1820
3753 -2911
-1344 2321
-1704 -2138
-3092 3729
794 135
-4654 -3435
-1638 -1510
184 -1118
-804 1482
2643 -4229
3455 -4614
2770 3777
-1861 3565
-1123 986
3953 -2770
-1131 497
901 -4025
-1273 4731
1594 -4342
-2188 -4355
4708 -2736
592 3390
3880 2897
2655 -975
-1507 -2998
2567 -1479
2729 -870
-4402 3405
3434 19
-2335 2399
2199 2299
-4333 1092
1495 2784
-4269 -1640
-655 -4468
-2681 -1339
2801 3024
-2920 851
-2573 -3133
4169 3171
-3713 2171
-1110 -2245
-1282 1673
120 3628
871 927
2602 1498
3343 869
83 2584
4775 313
2555 -3687
4591 2077
-1419 1670
-4166 3731
-3912 3344
2330 2475
1619 749
27 -1225
160 -1799
975 -1144
3314 -3940
-108 -4073
4323 3418
-762 -1958
1460 3467
415 2085
3467 -763
490 2812
4724 978
3690 1255
-2992 -815
-1800 -1161
-3925 3839
1525 -2069
-2882 -3777
-1153 -597
1885 -1636
1686 -1273
4672 -3604
3183 -4179
-3829 630
181 2177
322 4108
3463 -91
-4237 -218
-3159 1855
540 -1620
-925 2429
3887 -738
218 736
487 -596
-2977 266
-424 -2658
-936 -1250
2315 761
4498 -2161
-73 247
4790 4262
3573 -3784
3962 -3672
3894 454
2990 -2178
-4482 -3573
-412 -3774
3009 -936
19 -303
4400 531
-4095 2754
-2725 15
-2101 1557
-51 -4480
2272 -2703
-4709 2258
1972 -4562
-3118 1139
-3974 3558
-772 -763
-4647 -499
-3898 -1915
324 -4365
-3106 -2600
-1012 1760
200 1981
3158 2269
4731 710
2599 4492
4305 933
3126 -3905
-3213 -3144
-4272 -736
123 4745
-361 3748
-1322 2514
4095 2535
4601 -4433
-2817 1632
4006 -2980
578 -3842
2249 4100
-321 -364
-2942 -1454
3965 3506
-231 312
2171 -2430
3204 1765
-416 -3205
401 362
-907 636
4481 -2494
-189 -4102
-4124 -2878
1929 4298
1740 -252
-1489 1428
-655 -4003
3944 -4357
-1558 -1890
-1757 2400
1179 -1409
4773 1625
311 -3666
3462 3616
654 -33
-1054 -3906
2707 2143
166 1123
149 419
-2035 -1652
-2481 -625
2420 -339
4517 -3286
4381 -2427
-4541 2950
-1011 -4347
3446 -3082
2704 2271
4365 2013
529 -4322
3465 -228
-4020 -2152
2561 2161
-3427 -1255
-3781 -2866
4074 1066
-3294 -3866
-1279 -2077
1652 2826
-282 -661
-3224 1860
3327 1658
754 -1562
707 -2844
2416 2042
-2736 727
-2729 -3793
1560 828
1300 -3818
-1565 1127
-941 -873
-3401 -4153
1718 3991
265 -3900
93 -3984
3346 2415
-736 -4043
-988 2363
-1425 -2722
-2544 -503
624 -2064
-2893 144
2570 4302
-800 -306
-461 4788
3015 2904
-3762 -165
-2818 2918
3934 2729
2404 -4471
-4350 1060
2085 778
4507 -631
2680 495
-726 -1269
-2293 4421
-1838 1162
-3871 -3620
-4261 1678
508 3767
-242 -4373
-3504 1008
1923 -4347
-261 -1111
-2799 -1971
-957 428
1208 2215
3734 -2963
-685 3922
4519 2401
-277 3438
-1930 -3903
1927 -1564
287 -3617
-1570 -275
-2036 -3225
-2383 2873
-4167 -2091
-1905 116
-4191 1868
3344 -2446
1103 2538
2946 -3597
633 1761
-3776 3822
1722 3278
906 3577
3958 -4333
-4345 -3806
-2913 -2561
-3408 1986
-3137 4572
4462 -466
-2983 -2358
2945 2888
2321 -4183
4080 -963
-216 -3048
-4266 786
2827 -3170
-385 3538
-4056 3615
735 643
954 -3616
-2182 285
-3169 4204
-3729 3348
1684 2087
-4564 2513
2535 4251
-2299 -1655
-4249 1266
123 -35
-583 346
1747 -4432
-3179 -2846
3016 -710
2766 -781
-1148 -3165
-4235 -2853
-2852 -1945
-506 144
-4574 1221
-4752 -4549
3982 -2286
3230 3418
-177 -2646
2274 4462
-4105 61
4726 4426
-4521 3561
2734 -386
-1578 1327
-3644 2450
3838 -1561
1979 30
-3866 425
2370 -1842
-3466 -477
-2928 927
-2035 1908
955 4096
4220 3063
-1662 4095
-3768 -3429
894 -1050
3943 -614
-524 1597
-2411 1022
518 -1335
4432 2411
-562 625
-661 -15
540 -2381
2401 -4136
-665 -2541
-1832 2233
-4762 -3852
3660 -1312
-3991 2838
-4100 1142
3213 -2833
-1907 3440
-3713 2727
-1844 -2055
-231 1038
731 4568
1576 -30
4107 -1333
-676 1411
4775 -67
1234 -3212
-2390 3668
1137 -3227
1972 -4711
-3660 1276
298 1519
3547 -3549
-2182 -4102
1107 -594
148 552
-3222 2209
-597 565
400 -320
3274 -559
344 -3038
4147 -3320
-2253 799
-1548 2121
2306 3351
863 -4438
2723 3844
573 2415
-4006 -1062
-3035 -3716
937 934
-3908 474
-4558 -4493
1691 -1118
234 -507
-128 389
-413 -2730
3168 -1699
-418 -344
3307 -1689
2448 -3326
-1276 -1584
-1741 -1638
-875 1606
-4661 -3844
-3659 1460
2194 63
1915 -2805
-4065 -1413
3437 -2193
-3711 -2806
-4556 799
-2544 -2049
2453 2624
-2048 1124
-647 4456
2375 4172
1438 -3633
2302 -4435
-885 -2791
320 4059
723 2815
-3330 3517
3865 -3664
1774 2669
-2524 3224
3610 552
-49 41
1635 3861
-1203 1890
-1079 4719
2431 -4243
-1329 2361
-2803 4112
4636 3841
-3618 -2631
-2313 4471
-926 -3757
-2909 -2269
3815 744
474 969
-2353 794
2049 3261
-3916 -1142
3552 542
-4625 3541
2570 -2567
-2029 -1322
3946 4066
896 3123
-1980 -3231
2543 3544
-2547 4105
4738 4124
-1716 3384
-228 3977
4209 335
-1987 -2256
-1183 1662
1967 3043
-4371 -4754
4760 -4197
3756 -135
-514 -764
2304 4062
-4636 3824
3550 -1759
3312 -3809
3363 12
2067 3723
-1675 -2062
-2415 -4218
-3126 -3124
1661 -159
-2558 4287
1875 732
545 2773
-3268 2064
-4729 -432
3890 -2318
3192 3906
-251 4577
2430 -2790
-3998 -358
-4646 -4596
1017 1959
2908 3765
-3739 -1217
-1265 2002
3914 387
-2068 -4207
4138 -318
-2698 -4690
2075 3273
2196 1972
-2791 -1614
1667 771
-3650 1071
4515 -783
631 -4201
801 -1305
-1836 -2600
3298 -3711
4466 1965
-899 3660
-2858 403
-666 -711
-4150 -242
3273 -1342
-1992 -2889
3471 -2674
1079 2120
-1346 -2118
3809 -1900
4080 3526
-3352 3411
-4606 -3866
-2291 2235
4695 -3088
1842 2162
-3023 -2837
-2833 2406
4691 -2923
-4022 -3385
-4526 -1129
-2428 1979
-155 -2777
-3128 748
4398 -1853
-867 4548
-4420 1864
-3577 -3435
-1617 3638
-3509 -522
-611 -4442
-1288 -62
-3880 -777
-4723 -3002
-392 -2213
-4322 -2612
-2591 -4711
-2545 -3811
-2163 -3254
-3811 3102
-3662 196
-4306 1983
1401 -1255
-3633 -1640
-2552 -3768
197 -1470
-80 398
2187 -2134
2506 -2805
-967 -151
398 306
-3004 367
-4458 -1628
-4607 3536
-3897 -3407
-1420 -3925
4149 -3185
-1156 2028
-3568 -4187
-2359 4203
748 3069
3569 -2821
-2156 3593
3882 1221
-4613 -3298
-1321 4683
-942 -1481
-3619 -3704
2149 1136
384 -1104
2984 -1184
-348 4094
-4381 4572
2320 553
-1788 -2227
461 3487
-4606 3283
1813 3579
1681 -2578
-1179 1865
-3259 4472
3152 -3736
-2988 -1966
-603 838
-4216 988
-2702 -1404
-1125 -4644
1572 -2579
-4707 -133
-3337 1458
-3705 1525
812 3675
4293 -2987
4409 3036
488 2417
-2854 2923
-853 3976
1691 4173
2885 -3072
-574 3076
-1472 4754
277 -387
-3023 -2627
-2813 4419
3940 1348
-789 4455
-787 -2696
-844 -811
1419 2033
3322 3989
-2995 1901
-171 -2126
1634 658
4644 -4196
3855 -2328
-2818 2790
2058 -2278
2958 -2051
861 -215
4520 -4148
-2783 1161
124 -4740
-2571 1002
1935 286
2266 -4799
1209 -2
-4778 3721
-4020 30
-56 2370
282 2133
-2990 2269
3421 2141
1704 1469
-1724 -185
2828 -3801
-1905 1956
3514 4177
-2813 -4236
-4102 2517
-3306 -2846
3113 277
3631 1325
-64 -1219
955 -2369
-1612 2208
404 -3681
3912 190
-3950 -241
4104 -296
666 -3177
3864 -3751
-3770 1536
1830 2424
4214 1430
1029 2877
-3223 3183
-524 -4230
4058 1722
-485 -1226
869 -2287
-4690 2146
1948 -4525
1156 -2892
4429 -3177
-1129 890
3487 1160
-2397 -2674
-2839 -4157
4419 -70
4271 -2124
443 -3821
2043 4664
-2627 -2037
85 -4384
-952 -478
-4497 -4392
-256 669
-997 1660
-2671 -1976
4092 -4052
-158 -2307
-3577 -3215
4682 -2885
3939 -1545
-2142 1545
1272 -953
2730 1918
376 -739
-1819 2356
2434 -2315
-1686 4309
-4390 4418
2471 2008
-2787 2862
-2834 2416
-3749 2470
2347 -3996
4486 -1401
3909 -1070
3751 -1229
1700 4191
-2806 1414
2812 3733
390 -1500
-4503 4294
-1629 -2346
934 1612
3431 509
-2514 -1023
1790 -4418
-3087 1763
3299 -669
466 -1621
4643 -1160
214 246
-2379 4688
4741 81
486 -1844
-2298 -3870
-656 3855
3197 2804
3905 3869
-2860 2840
-4397 -3816
-3752 -3399
-1675 213
1286 -1318
-465 1156
-2912 -525
-1590 2264
-989 2837
3719 1291
-326 1565
-1517 -4268
4656 -4781
1444 4432
-506 -2770
3211 2892
-3082 -3937
4460 -426
-3655 -241
3192 2035
4431 -339
-2143 -4449
-2838 3078
462 -3468
2156 -3493
-4120 -1669
943 1156
-598 4082
-4651 3850
160 -3750
-1802 -4139
-3970 -1723
-1614 -1850
157 -3878
551 3210
1163 191
2082 596
4478 1970
3372 3147
857 1784
-3285 2822
-1900 3311
