-2848 1170
-3665 -3774
946 -491
-957 3622
1126 42
-1234 3902
2376 2727
-2772 1032
1703 -2073
171 -658
-1738 -2389
-1601 -3731
2165 2904
-2918 3329
3186 -1900
3119 3702
2991 -2620
2218 3100
-2280 -3100
3589 1075
-3043 1469
613 2709
-3236 -2004
-1517 1596
245 -3043
-1189 2318
3184 2585
-1613 -1886
-1388 2034
-1328 1181
-1245 -278
-1626 3107
1602 -2845
1339 1103
-1570 -1068
229 2313
-98 -3751
-3129 -2839
-3996 110
874 1731
-1199 -393
1076 455
-840 -2044
1507 -2171
-1159 -1307
3102 3704
1962 233
-1995 -1310
-3341 -2816
1283 2406
810 1157
3105 1925
1058 -1501
2788 2419
1885 -2847
915 -2910
-2653 124
608 2682
2133 -1707
249 -1587
2957 -3007
-595 -109
-200 -1303
3369 3615
-583 -1798
3749 -97
-3442 -844
-3383 591
-359 -625
-3701 -1356
3257 1275
-503 1744
-360 -1091
-586 1309
-667 -1582
2735 -255
-2370 -3571
3783 -1362
-2122 -1279
3834 -3493
1600 1691
-2447 -2972
2458 -2522
-1330 3153
-3639 -3738
3513 1296
3654 2157
-2350 -1239
3093 200
1873 2853
-2610 -648
975 -2352
-1537 -1922
2138 -3938
1062 2912
-2465 1012
-1715 577
1639 -418
-2473 -3406
-2054 2683
-3185 -24
2241 -2522
2932 2444
2299 -3237
-1336 3777
2748 -3146
482 -3749
-2869 959
-1612 -3210
-1438 818
-3889 1316
-1871 -620
-3225 3916
-1908 1548
-1864 -2160
-2851 -1444
864 3951
3488 -3766
-3097 -808
2028 509
-3271 -1346
1191 -1307
-1538 362
-234 2609
-1956 -612
1849 -2570
295 1863
3557 19
3493 -397
3131 -3085
-852 2356
2268 517
2021 3444
-1031 883
2962 -684
829 -538
-1026 -1227
750 -1582
-3013 -1035
-1888 679
-1840 -3144
-1988 -407
47 -1185
-1194 3081
-3138 -949
-3865 1491
-2947 -3955
-2158 2758
-3171 722
-1388 -659
-268 -2966
-2135 -1649
-3724 700
3378 -441
1658 -2689
2318 -2517
1936 2542
-3224 1511
3582 -793
653 25
-1819 3902
2636 -3263
-904 499
-3800 -21
-3758 -3739
-1929 -3573
-3319 1314
1223 1751
583 -676
-2555 3952
-3849 -1422
-2282 627
3433 -3647
96 3211
-466 3299
439 -814
516 -1284
3336 3569
2411 -2034
734 -2536
-985 -2060
-3768 197
1765 1317
3681 653
-1201 -2454
3732 -1439
2343 1810
-2922 2092
1945 -1060
-3334 -2141
-2411 3016
-3184 -2654
3580 1659
-2888 -1802
-842 2274
3156 -847
-918 238
-1283 2263
-939 -2155
457 1028
-3335 1977
3461 288
-1545 1866
-1137 -706
2389 3906
-1583 1083
-881 -1604
-1493 1307
2615 -2785
2018 -2068
-351 3796
-1252 -2294
2939 -2569
-603 105
394 -3220
970 -1597
643 -3361
-3718 -1191
-823 -637
3486 2156
1687 -4
-966 2299
1813 29
-2934 3464
3275 -1139
2306 -2991
1486 -3621
3621 -1420
1030 -1220
3896 -2600
2975 -3463
2598 2423
1802 -1352
-3710 -2621
1804 -3381
-421 2183
1147 3290
-1541 -1975
-1687 1515
-2365 -634
-1489 1778
1421 412
692 -1700
1981 -1905
-2875 -2266
-896 -1667
-2967 1505
-1562 -563
1693 3921
-1966 -336
-1626 3601
232 -470
-3150 3405
-2597 3198
839 1898
3701 -709
3446 1545
-2984 3694
-3153 3205
-618 3504
-295 -878
-3322 3929
-559 -2502
3055 -2949
240 -1133
522 -1446
-2214 -2124
1271 67
-3976 -319
1847 507
3831 -1886
3856 1820
-3726 -1176
-2045 -1210
210 -2938
-2024 -930
-655 348
-1448 2366
1360 1186
254 -1290
1616 -1921
1229 -1012
1947 -1457
-2499 -1538
3435 -616
-2441 3699
-3421 3437
551 1404
-2876 -1938
3325 -2156
867 1093
-2215 2124
-3900 -1410
-3549 1296
-2132 -439
-3174 -3738
-1866 -3965
108 2768
-95 -1810
968 3234
1770 1898
-1407 2910
1850 3930
856 -2066
-3046 189
-555 3025
3855 -3263
-50 1150
-3119 -13
-2612 -1834
3583 3361
-1691 -3468
-3882 787
-2408 3390
3966 835
-2778 -158
-1985 922
1801 -20
-3470 -3119
1218 308
432 -2688
-1133 2355
2293 -3422
3989 -158
-1157 -1156
3181 535
-1688 -1463
2747 1889
3798 -2333
2603 -1146
-151 -2128
-433 3737
-163 -3335
-655 -2229
2249 -750
-1779 13
-1180 1402
1387 -479
522 -2698
-940 -817
-1234 -1179
-42 404
2671 3676
-3549 823
-2813 2967
2569 -1513
2797 2013
1323 3449
1973 2036
1192 -505
2020 2120
1336 2679
849 3002
-2938 -2304
-768 -1361
-2789 -2489
-3562 -3868
-2339 -1473
3725 1465
-251 505
-38 -349
-581 -234
3729 3240
2087 1646
-1389 2850
3638 2029
2867 -858
-308 -2336
1614 3913
3198 1364
-1405 304
-3355 592
38 -3264
-440 -1269
2618 125
2749 -2633
-2651 3032
-402 -863
-2640 -1255
3981 2209
-2233 14
-196 -763
-3537 969
2816 1613
1447 3895
-621 -3859
3401 951
2973 1690
1520 3535
-2245 -3756
204 861
-901 -2336
-3991 486
-1928 -3165
-3664 872
1920 -701
-2326 -2274
146 3285
1752 3718
3409 38
2804 -2642
458 2584
-1808 -887
-3522 3634
1992 -2425
2688 8
685 -693
-2262 52
-2085 -2864
-3660 3704
-628 -923
-134 431
-2836 1667
-1029 3974
-2400 -598
-1905 2880
1147 -3941
3578 -3970
-3612 -3859
-2637 2892
-896 1227
2652 1005
1240 -3032
-3343 -3845
238 -453
-1564 2019
1380 3853
-2919 3545
48 3206
-1069 2046
1408 -3620
2173 -1913
1829 -2201
1170 -3604
3424 1164
-2982 -359
424 -602
-2708 -1427
-343 -1330
-1338 -2868
-2768 1426
940 -3695
-2393 -3306
393 71
-2496 -2416
-2458 -3486
-2240 1805
2388 3173
-1028 -2884
3965 15
-2111 -1976
3271 1832
-1168 -1287
1118 -3275
3968 -3997
-2877 -1748
109 3317
988 2152
-2243 2025
-1548 -3995
449 -3888
-313 -2025
-2954 -1933
-320 -1194
-3648 -2020
2003 1450
2642 2219
-345 -727
-2112 721
1014 2475
-3916 765
3736 1463
2932 2294
-1724 -2950
2135 1161
1979 2973
1939 371
125 3937
100 1234
-2059 357
-1714 -3508
-362 1314
-2033 -137
2651 3680
-773 1084
3742 2157
1420 413
-1714 -35
-1509 -343
-933 1190
3779 241
-1960 -688
-2465 2406
0 138
-3165 1508
2779 3489
2507 -2424
-3455 90
-3316 609
964 2769
-63 -1223
-2548 3741
539 3498
391 -3229
-3815 2623
-1798 304
583 -3819
2285 -2875
-306 2917
1345 3863
-1135 1658
-1726 3718
3055 1672
2734 1954
1296 -3381
765 -3690
-59 -727
3188 1155
2774 -877
-724 1287
1910 -3965
3109 -1531
1442 611
1222 -634
-1848 -542
3592 -2734
2150 1474
-2271 1981
3154 1440
-447 -3406
3122 3484
958 2201
3382 3753
399 -3389
1866 -1625
-2481 3882
-58 -3960
3807 934
2375 1833
467 -1099
2303 628
2084 -1310
-374 209
437 -3784
-1903 -3555
-1308 -971
-580 -804
2433 546
-1994 292
-1554 914
-2401 -2218
814 450
810 1795
915 -1054
-3334 753
3000 3583
-2410 2276
-3426 -11
3829 1024
-1565 -1079
125 1858
-799 3428
-3474 1067
3328 -284
540 -2944
-1897 3796
3427 751
1729 2988
3193 -2839
3661 -3444
2988 836
-2570 -677
-124 -2313
1739 1845
-459 1434
1258 732
1320 3152
2487 2939
-1012 696
-3715 420
82 1495
3076 2223
112 1017
-2537 -3834
-2208 2395
-2112 -545
-454 45
-3756 3149
-166 -2221
3688 3095
2411 1755
-1294 -6
2475 794
-2667 3499
696 -3099
-295 1786
-520 1546
1505 -1272
3354 88
1598 -109
-2785 -150
-3937 -2216
-3801 789
-3927 -1703
-2670 -2701
-1531 43
-401 -453
-2407 2321
3987 943
2892 -342
2018 -1332
3008 1416
2710 -3178
-2529 1716
-2574 2686
1869 -2116
3864 -2337
1284 -1042
-3397 -2129
3945 -738
-2194 -977
571 3784
-3603 2056
-3493 -1817
-1266 143
1710 398
-3071 -1902
1896 -2531
-3726 -197
-3497 3803
-1199 -1802
-85 -3753
3815 -542
-2708 -1514
2335 424
1544 -1123
2656 -55
-2556 3527
871 670
2571 -1540
-1042 -3978
2722 961
2142 1350
3602 721
-3438 -955
1090 2121
1793 117
-2970 -3963
2701 39
-3529 789
3036 -127
-531 -2616
1622 3472
1993 3909
2491 3354
2201 21
1149 -19
2265 -3341
252 -2407
2152 646
3250 -3639
187 -3355
-1811 -506
-2066 -171
-406 -916
1860 2026
530 3859
-2512 1501
-838 1627
3097 321
762 -2900
-2142 1296
935 3896
3085 -1304
-3145 1935
3623 -2522
2682 -1973
723 -1489
-1129 371
522 -3706
2886 838
3166 -1089
2970 203
2799 1498
2842 -764
-1888 -3771
3859 366
-1190 3838
1949 -3189
3345 3996
-311 -3609
-2598 -3719
-2756 -31
-2895 338
1460 1241
3627 2763
179 -183
-1237 -473
-3035 2841
2292 -1743
-2282 125
3374 -1515
-2740 -2463
-2110 -97
2727 -369
3632 -983
-236 806
1437 3027
-3247 -1034
-1268 -3449
-49 2483
771 -2192
2162 490
3699 -3842
1707 3772
796 351
2714 3321
2720 -1341
2373 3350
-1748 2009
1580 -2180
-31 -2429
2496 1818
-2492 -1338
3839 -2163
3497 -2308
-3669 -189
-69 -206
492 -1012
3719 -3898
-2880 -994
-2653 -885
1013 1240
1983 -3646
1181 1354
2132 2520
3485 -3905
2810 644
-3159 3793
-3530 3171
1330 -3354
-2697 -1248
-1773 3716
-2711 3467
-317 -1210
-747 -1506
-2027 499
3437 1707
432 3886
-2495 523
-1137 -3649
1602 -792
-3036 3122
2069 -1774
-1576 1773
1519 -2341
-2370 1886
3558 -2517
2529 -3079
995 -1482
2983 -3577
3436 -2878
2029 2116
-717 2191
-193 1047
2642 799
430 -3163
3331 -1181
-3037 2212
-1892 -2887
-1327 -3577
-2546 410
2102 -2313
-1301 -1280
-2966 -2189
926 -1853
263 1153
2114 1254
-3828 3559
-3927 2595
-2622 -1511
-3719 -3196
-2636 -546
-660 -1346
1742 -3984
2753 2743
3956 2971
-2079 968
2459 -1000
-2318 -3295
-3938 -2107
-3560 -2356
-2107 687
3849 2454
-3468 -3676
-3768 3991
1170 147
1334 -2525
-3760 -568
3759 2132
-243 -2786
2305 3014
-3290 -1834
-1316 200
136 2797
-2495 -596
-1895 -2767
2129 -1048
2628 862
3928 -595
2631 -362
3674 -439
1377 332
-2742 -1614
1369 3034
3591 -3633
2534 -2776
2542 2096
2570 -2797
-3123 -3632
-321 -2728
2707 -1174
1449 1902
-406 -2758
-505 3342
-1625 720
1510 2410
-3931 1664
743 1913
2552 1063
-572 2004
-534 3725
-434 883
3729 260
-486 -3311
-3738 -2800
126 -2978
-3117 -653
-2184 -573
3180 1476
3665 1317
-52 -2218
-2139 3176
3087 -1084
-1051 -3477
-722 2313
2084 -1991
391 -588
3180 -846
1628 -306
-3020 -424
-1512 1961
-3606 256
-3819 27
-15 225
-245 990
2349 1191
158 3539
-1844 -3958
2668 3247
2985 2743
3554 1532
2642 -2916
-3472 -971
-565 -189
-1499 -3678
-2987 2107
-3652 1522
-1349 3987
819 2936
-562 1062
2452 -1950
2670 -1713
-2724 -2650
-3210 -1371
3275 2986
-449 2311
2073 2036
-1333 -1919
-2074 -3847
-3007 -3858
120 -2369
-2612 -1230
1038 -3568
-2289 -2778
-3408 -534
-2018 -1510
2437 2428
1552 2529
2330 -218
-3795 2018
150 -2080
1418 -1693
2607 -1623
616 -889
3301 -2101
-1992 1641
-1220 2482
-3252 -2770
-585 984
-3589 -3837
-1625 -1344
1387 -3709
2660 3981
-2399 2154
-873 -2551
-2972 2702
-2424 -3631
-166 3351
-1487 -2337
2482 -2006
2781 -1502
3008 -1295
-1703 -1057
1734 3286
1248 1291
2994 1396
-367 1511
-978 -1073
-2381 3205
-3014 1393
2248 -2181
-1801 -3477
1130 -1746
-1114 -2199
-757 2877
2413 2694
-1329 2862
1777 1324
1023 -3908
-3876 -188
490 3355
2493 -2900
3932 1329
1477 -1015
3109 3820
-2676 -3825
-2931 -1957
-890 -1383
3946 -3829
3893 1943
-1149 -1795
1356 3780
-3799 -3842
-1762 -211
-3146 1852
-47 -302
2520 3132
2112 220
2445 2008
209 -1382
-7 -669
-2434 -185
1754 3770
3729 1368
-1028 2458
3791 -1805
2502 344
3681 -3143
-3704 3370
-2667 3367
2230 2808
2658 -3197
-2586 -1391
-1388 -312
1455 -1621
1163 996
-56 1599
1869 -1282
3276 1972
2745 -1652
1218 -1730
3512 -711
-1019 -165
3821 -984
-1673 -1115
1912 -2980
-2843 2021
2209 -1105
-808 3871
3687 1594
3870 -1483
-3584 3747
1216 -579
1494 -1933
-581 -240
-2309 2257
32 -3360
2364 -1519
-807 370
-1100 3283
-3132 2044
3612 -3920
195 2856
-1764 -1400
-917 1172
-641 -3597
726 68
1797 2405
2398 -915
-1323 -2477
2780 1204
3074 880
1342 3557
-1580 1734
-3318 -3871
3366 -938
-3543 -1267
-260 -1044
1487 2798
3164 2342
781 -992
-654 131
-3301 567
534 3853
2166 2954
512 915
-1207 2158
2524 3021
-78 -2961
2893 -2074
2130 -918
1629 2575
-3648 930
-3846 -2173
1753 -2726
-649 -2704
1704 -3822
456 1556
-2394 1757
876 1769
1048 -1971
-1155 3945
1716 3079
2909 -1543
1642 -3807
531 3029
-128 -3678
-1312 1319
1290 -3699
-3851 -665
-2699 1470
2212 323
246 3866
-32 -595
-79 -89
-271 2073
-2819 2519
142 -129
659 -158
2477 -124
-260 -3706
-11 2321
2395 -2618
764 -3500
2243 3745
-660 -719
-965 2158
-2636 -3072
-2956 -2292
-992 1548
-1723 2148
-3709 2370
61 2418
1384 3209
3577 564
989 -1171
1061 1849
-1788 -1430
2854 3553
-2059 -518
-820 2986
2540 -678
-2535 -488
-258 2193
-1774 -145
-61 2200
2976 -3235
-318 -2601
-1686 2065
-55 3431
3284 -3570
3847 3669
-1664 -2322
2824 -1767
1578 3209
-3215 -1764
1816 2128
2652 1665
1712 2923
2746 3731
-3323 3051
-2258 1112
3498 -2460
-1422 2469
1441 -3274
-2531 656
1461 -1498
-3768 -495
417 1968
510 -348
2572 1122
-1013 -2220
381 3234
1541 -2234
518 -3165
1373 2627
3292 703
-2601 766
-1993 2067
-3154 -1079
3586 3150
-2237 3344
2661 -3452
-768 -1864
556 1360
-605 -751
-3965 1785
-2004 -1372
2369 1892
-3075 -984
-2746 -3455
1339 385
236 2949
1271 -2428
855 72
3169 1553
-2713 -3844
-1323 3995
2322 -140
-22 2003
2648 6
1423 -280
-1145 2732
1645 1233
-698 -3213
-749 -2555
-1079 2040
-1777 3872
203 -1272
-1509 -940
-3899 -272
-1306 84
-2766 -809
1979 -3155
767 70
3778 2139
1494 -1350
756 -3768
1129 -2140
792 -3564
-518 1270
2584 414
-831 1810
-1408 265
3667 -150
-3664 3081
-2995 -18
2643 -1412
2032 901
1252 -2446
3220 -19
246 2101
-2937 -313
137 -3383
2665 -1255
3944 -2096
-1246 932
-2510 3315
3295 2668
3140 -2004
-1849 -933
-2385 3000
3547 -3128
3968 937
-2043 1713
3761 911
-2191 -3627
3439 3929
2739 -1756
-2712 3568
3491 1965
1898 -3416
1259 1169
1908 -3744
-739 -2427
-181 -2306
-529 2147
-3946 2887
1930 -151
-1030 -1737
-3292 -1610
-1651 -3474
-428 -3165
-2016 -3917
-408 -753
-2719 -1163
-3640 -1573
-1631 -2859
2198 -3242
-1948 -3234
2687 -554
-1032 -2865
-991 -2059
-2327 2719
-1913 2094
-1066 -1620
3171 2607
-2690 2518
471 -1420
-784 -611
-3375 -3514
2929 1420
1260 669
2621 409
-3414 -581
-726 -3514
-123 -3005
-1550 -1814
958 2448
-3825 1571
-2811 846
-234 1247
1178 -2470
279 -2776
1398 1264
3309 2989
-2961 1692
-828 -231
-2073 202
108 3833
-1994 3396
-1043 -2134
-3190 535
-1216 -251
-2411 896
-1677 2811
1155 3712
1621 408
-2740 370
112 -3120
-1822 -2183
3411 -1717
-1515 3605
3444 -2028
-3659 -1184
-2900 3916
3373 1019
1400 -3143
-1841 1805
-3723 705
2499 3806
3326 -2701
162 -3004
-1457 2437
2403 -1030
-1230 -673
1578 -757
-227 -1127
3326 1044
-1925 -45
-2755 1903
3314 661
-307 280
-1304 -388
-3707 -208
2156 -3133
-2117 1062
225 -3422
-1855 -3990
2085 380
-182 2359
1194 1702
3324 -2540
3880 -1489
-1103 -2023
657 3679
2645 -2216
556 -3978
-3188 -3603
-2387 1175
2289 -3455
-294 3912
3774 -2017
-732 -3926
309 1406
2958 -2793
2680 -2661
3203 -3866
96 2111
-3405 3042
3752 590
442 -2666
-3672 3018
1343 2342
-1817 1388
481 -1817
-1063 3004
-607 2340
-2680 -2607
1297 -3714
2641 -2509
-1350 -751
1906 3040
-2636 -563
3544 -613
278 353
3936 363
712 -2471
-1646 -2266
-2454 -3192
-2381 3644
-3921 3553
-253 -1184
6 -3589
2022 -309
1134 1985
-588 538
-935 3653
3898 -496
-3123 -3191
-3707 843
928 -3684
3232 -866
-828 1493
1578 -1058
-989 -2114
2051 1495
503 -811
-2040 -1847
-211 3089
3010 -3078
959 -588
683 -2874
2155 3820
-1694 2240
-2535 -474
1947 -1775
311 -3271
3425 -3829
2320 -2726
-1846 -142
2204 -228
288 -1217
-3932 2660
-2448 -2464
1563 2999
289 845
1693 -538
3823 -3558
3557 -3145
-214 2813
-2753 634
-2889 283
-1902 -731
2556 1243
1848 -79
35 -776
838 -3162
-2224 2426
171 -83
-1753 -2346
3877 -2642
1 1011
-3614 2893
-991 -3390
216 1005
3756 -601
2628 -3345
1378 -398
-10 3433
3183 1694
1009 1694
-2503 627
-1496 2073
-2654 -1998
193 -32
-1481 3182
2124 2926
-316 -3179
-2409 -485
728 1011
-3971 3115
160 -2643
-3820 3263
1354 -2594
3856 -1514
-1364 3506
3005 -3747
-373 -2176
-694 3535
-2013 -697
2368 3586
603 610
-315 956
-476 -396
2755 1381
1303 -3396
1466 -3935
-2782 3808
2521 1001
-3341 -1605
3869 1400
1274 2372
1372 -3152
-3153 2050
493 2789
3590 3914
2672 -1996
1505 2051
-2949 133
-379 -3312
1600 -2006
-1618 -1761
3216 2215
-815 201
-3796 2961
-68 -445
-3366 808
750 -3227
-3638 523
-2585 -644
3098 -643
1717 -1210
-297 1598
2004 3067
-1030 -2479
-760 -2532
1502 1487
455 -1013
-191 2860
2112 -3121
3594 -3512
-1155 -3016
-2685 -1055
-3739 3033
-2678 2309
1930 -2087
560 1160
351 -192
1564 -1399
1664 -1505
-433 -2492
-1925 1475
-1122 -2165
2363 2455
-748 -2336
-393 1652
-1242 -1133
105 2704
1782 -411
-1194 409
3081 3416
3849 -2657
1364 -3032
2655 -2645
2753 3780
3840 255
1484 753
-501 452
565 -3966
2802 1109
2664 2108
-1420 -1625
1336 3026
3469 -503
-1263 -1984
3449 -1853
335 -2567
-14 32
-2328 2839
-264 -111
3032 1146
-1311 1183
-2988 3132
-170 -1583
-792 -691
-170 -3408
-2088 -1056
-2983 -497
438 -2769
1745 1704
-162 -3064
3576 553
-3979 -1484
3020 461
-46 -1426
-2609 -489
-3676 -3357
-3827 -3157
-781 -3319
3581 1734
-1364 2303
-3621 -1958
3229 3626
3723 -3326
518 2774
-1197 -1935
-153 444
-852 -1927
3707 -407
12 511
1625 2148
-3122 3536
1583 836
-2932 1346
3088 -3461
728 3194
1251 -1724
-239 -1580
867 3769
-3905 1273
-2742 1676
-2421 525
2753 1965
-1040 352
-23 -3448
903 2797
1676 2170
1663 -3933
-309 -2375
-2022 1184
-3350 -2101
1956 70
-2589 -3707
-827 821
714 -3416
-137 -989
3450 2379
-1911 -932
1910 -1802
903 -686
2801 -1560
1024 -2018
-2694 -3680
2188 -2444
324 2918
-1666 -969
-1887 -1049
3924 -1802
-3196 429
1209 -1195
1936 -3671
2862 2477
-3114 3441
-2565 -1480
2166 -2944
-1777 -1776
-62 -344
1609 2094
2550 -206
2619 -1618
-1147 -2653
1404 3576
-1004 1824
-3478 2042
-2159 -1040
3368 -1294
-3395 3751
-1217 1731
-1772 -766
-191 1385
3995 3621
3768 2762
-704 2147
295 -143
-3074 -248
1610 -1580
-790 -3054
1309 -2657
-2735 -461
-3872 -1230
-964 3551
1556 3959
-668 1537
930 -3141
-1098 3633
-3497 659
-2365 88
-3742 -1902
1334 -392
-361 1998
-3950 -234
-942 609
-1216 -2141
-3981 2501
462 -3055
863 315
-3617 2469
-398 1421
-1097 -246
1983 543
2977 3721
3919 -1349
-784 -298
-3465 -47
-2564 3664
1613 581
-3716 2258
-3140 -1472
-706 3027
2365 -3298
-1160 1670
3858 -544
-1251 3760
-3243 -2311
-90 3290
-248 2645
-951 3476
-424 3796
895 -1292
1824 3674
2291 84
-3872 -1684
1357 952
1676 -2045
3677 2891
1054 -1119
-3506 1067
500 -120
-2753 455
1208 1416
2381 -2685
930 762
-1882 -2529
-3887 -2506
2991 2299
1993 -690
284 2961
-473 -116
3008 -683
-2316 447
-1024 -1921
3664 -2908
-3505 -2842
-2303 255
624 1760
-2412 -358
-578 -1293
2865 803
1478 2562
-2696 -1093
112 -3437
-2193 -3331
-2127 -1085
-899 -2741
3612 -993
1331 -3086
-2794 104
1663 -1678
-3977 3574
1133 -3694
645 2256
-3526 103
834 -2488
1304 3561
2598 3598
-3940 3796
1292 2415
-2815 -3599
-2029 -2715
3596 -2976
814 -1682
-1895 3172
-1744 2066
-2589 309
-500 -3489
-3469 872
3472 1091
-2096 3561
2764 -3616
155 1281
-996 -2898
-1559 -2660
-3876 3562
-2540 3059
334 2325
-280 1695
-1836 622
1277 1535
2758 -660
-2833 -2628
1722 3663
-3098 1991
-950 -823
-3118 2118
-675 -3973
-749 228
-1842 -3031
1661 943
2888 -3568
1639 181
3941 3402
-1352 1041
1744 819
674 -3632
2980 -3732
-1897 -3785
-3007 3181
3808 2962
-3516 -1619
-1116 3537
-3768 -1354
94 -2736
1347 2169
-1900 1072
-1305 2125
-3340 -654
3376 -809
-3467 -2597
2813 -2218
1424 -335
-298 -1133
1305 1764
-1747 606
2623 415
-2569 2728
-2633 1564
2435 -2610
-2368 -1591
-2433 -1563
-2696 65
3602 362
-2358 3251
3210 -139
1014 1010
2427 793
722 2618
-2903 1510
2784 -3021
2219 3820
-214 -3614
3475 -2407
1278 -3749
-241 -205
-2004 -580
-605 1962
1998 -3041
-1233 1425
-1846 2787
2388 -715
3725 3311
-1923 -1993
-1416 -2808
-377 -363
2485 -3326
-3485 -5
-1944 -3617
1517 2888
562 265
2520 -2766
-1726 355
884 1098
2097 2298
-1442 106
2466 100
-3391 -2776
2796 284
-3678 -1124
2605 -315
2897 -3569
-708 -662
796 -1474
-2222 1457
-851 275
-2332 -772
-821 358
260 -1848
1440 -3956
2708 -1026
-3293 3648
3812 1665
-1296 -469
3370 1761
3421 -1390
2720 -3693
2584 3530
-3965 -3041
-2104 3989
135 2277
-1959 -1656
1054 2013
-46 -3453
2218 -2814
-295 545
-1860 1025
2428 -2305
-3360 -2641
-2969 -3664
-3896 2749
1970 614
3959 2747
-2725 3717
-1497 2838
2947 -914
-3589 -805
1328 3816
-3296 -2911
-1531 -2656
633 -2150
-2561 -2407
3910 2472
-1439 2234
-1124 -2475
3845 -1749
1678 -3251
1527 940
-2797 -2253
1370 3611
446 1418
-1476 1576
-762 313
-1011 2741
1624 -1180
-622 -85
1973 3122
-2593 1110
2756 130
-2308 1543
-3818 48
1691 2559
-2691 -926
3249 -1273
3945 2661
3968 366
2590 -3905
-236 3239
3867 -2432
3224 -311
-638 -200
0 -1518
-3552 3137
3257 -342
-3360 2432
-3702 -3865
207 -574
3780 1415
-2753 174
-1473 642
3050 3044
1739 -1631
1636 3040
1513 -1192
-581 783
-2149 2943
-2494 -2835
-2044 -2222
-2237 1752
-2593 -1880
-3246 249
2873 700
-3142 -2167
-3626 36
-705 956
1614 3340
3506 203
1816 3928
-2727 -971
-550 919
-1858 1752
1672 3701
-804 -3081
791 -3517
-3121 -2876
921 -2595
-464 3708
-3935 -3941
541 2195
3166 -3103
-2690 2099
-3736 1894
-812 781
2671 -2024
1183 -751
-2779 1059
2669 -3694
-2128 -2731
632 -3751
-2379 -3322
-2227 -3730
-596 140
-3329 1017
-3197 3097
-1565 -735
-326 -2072
3710 3379
-3643 250
-2390 320
1004 -1242
57 1127
-427 -3494
-715 377
1388 -1750
-1418 -150
-3246 -716
-810 -350
-1131 2366
3097 -719
-1565 -1277
733 -3321
-2395 710
1988 -3011
-3461 -332
2688 836
621 -1466
590 2154
-511 3276
1166 -3920
302 1750
-114 -1758
1327 1509
2407 3728
3634 3233
-975 3321
2859 1799
-3079 2040
3255 -3328
-2785 2854
-3151 -2834
-499 -1615
-681 -1733
-3500 3693
-685 -927
-2342 -226
3217 2566
969 -3910
2943 -3702
-3013 -2453
-3802 694
1928 -3497
2656 1101
2011 3983
1885 -723
-3456 1964
-2642 1970
-2965 -3364
1765 -3676
1524 809
1899 -3774
1517 -3865
645 382
1348 2529
1298 -2231
-3464 1292
-877 -2796
-3433 3546
-2776 -2746
822 3245
101 2228
-272 -321
2794 -2042
954 -1560
2389 3169
-3556 -1912
3720 -3359
2180 2227
385 -1031
3136 -518
1815 -3333
-3536 2874
2917 -591
2985 3355
2905 -1320
-1776 -2263
-1756 3660
-380 3057
-2814 -3898
-3644 -598
2255 2059
-1926 3452
-1976 -3256
1016 -2425
910 -628
-3446 -26
-722 -2197
-2259 486
-76 3846
2527 3830
1129 3543
-604 1608
-3238 332
683 177
482 915
-3477 -550
3949 -261
2281 -12
3950 2425
584 227
-1253 3112
3433 -3539
3464 3506
656 -816
-3804 642
1836 -1304
534 -301
91 2328
-3396 -171
-499 -2547
-803 2901
-2312 405
463 -867
992 -240
1672 -2011
3891 835
-2141 1383
2731 -852
2778 -937
573 1445
1382 3201
2868 -1688
-2891 -1368
2889 -252
1598 2744
-721 2958
-967 -3008
-214 -2445
-1923 -1951
1196 3632
-2473 -2909
-344 2717
-2966 -1760
2034 -3693
1883 -3836
1690 -244
-3386 -97
-1099 -1496
319 -591
3455 -831
-1165 2894
2357 3744
-480 2996
-2783 -2783
1237 -2133
-2044 3094
3143 -309
-2445 -68
3258 3796
-935 -3400
-2665 -1649
797 3162
378 3799
-3467 -622
-2752 2617
2799 -1578
-2953 -2504
-3280 1162
2646 51
3600 -3685
-552 -1766
-2585 74
585 -1006
1491 -2656
-889 -2573
1190 1395
3210 459
-2966 1857
411 310
-295 2138
-1283 2318
-2468 929
2995 -628
496 181
-507 -943
-1465 3947
-3854 1762
1806 -3239
-2525 -1602
850 702
131 -3048
-1066 3094
-1251 -1930
3643 -2258
-425 915
3694 -84
-569 3982
-3879 -1218
-145 3143
-3522 710
-1138 -2873
-3647 960
-412 -3272
-3542 3427
-3871 -1562
3750 705
2218 1838
-2523 1444
-2023 -1056
-2260 -3006
-259 2854
-868 2580
-3894 -3555
-2846 -2198
-412 1423
-3385 -1080
1911 -1963
-3116 -2486
-267 -2245
2803 248
-3308 1731
308 -929
3002 2397
2169 -2133
1344 -3523
56 -3354
3672 -1183
2006 -434
-402 -2158
1592 -3380
1337 3017
-3465 -1442
2792 2663
2205 -3349
3120 522
-2610 -2878
2269 3923
-103 -3392
1231 -1024
-1959 -231
-2640 1140
-3292 -2850
2911 -3357
-2328 -3311
1042 -437
3029 -259
-196 -2888
-3956 273
-723 1434
3409 -126
-2237 2455
879 -513
2059 2632
-1605 -714
-1847 -850
3302 2870
-1783 1929
-1053 948
-342 1012
-1143 -1032
3984 191
3950 618
3629 -527
-2364 937
-2608 772
1350 -1289
17 1417
1066 146
-3513 395
3454 2306
898 924
-3141 -477
-2567 1805
923 -2951
-1350 -2851
1668 3446
2510 1455
1986 -1279
-220 -3355
-998 2961
2050 3537
-2589 285
-523 -3591
-2120 -2910
331 1613
-2245 174
3866 1929
-186 -2971
1477 -859
3441 3585
1051 505
-390 2011
1382 -1835
2178 2602
-70 -3862
3536 1617
1690 -522
2255 -1109
1847 -1737
2389 -2692
-129 3495
258 -1236
-3898 2609
-1021 -2040
-588 3166
-284 397
334 -3533
-426 2212
-1829 2164
-773 2977
842 -1368
846 -1638
2899 -2329
-1409 -2445
1835 2337
-2179 -1386
0 -2993
1471 -2606
2682 3424
381 -1516
-1487 3419
3131 -402
-3839 2040
-136 2086
-616 -3724
1755 3786
2755 -3835
-2742 147
3054 -3030
1919 -386
-1971 3216
-1445 -2529
1378 1810
-3298 -3106
100 -3959
-3226 -3324
-2089 -2817
-2999 -1861
2263 1555
2193 -1027
-1394 2240
2569 -732
-2239 -3667
321 -3244
-3050 -1551
3302 2281
1776 3396
-861 -1198
3547 -783
-2688 1677
1645 -3470
1137 2846
-3777 2932
-1677 -3611
329 -3644
1697 334
-3371 -1328
-1091 1027
189 480
-2671 -3893
1431 3851
2114 223
76 -9
-2702 3816
2078 3123
3984 -186
785 563
2193 3859
1184 3786
3537 2697
-111 493
2940 -3415
-419 992
-1290 3111
-1004 -97
-191 -2415
2032 28
802 -881
456 -2582
2936 -168
3693 -3033
-2024 1091
-3448 -3394
1909 1448
1283 -3054
288 -28
-3814 -1569
-2079 -102
3062 -614
-3139 -2927
133 -1965
2043 -642
-2398 1391
1644 -762
-2144 -1897
1150 88
3404 661
-1629 -2903
-3076 -2889
-990 -3454
3388 -2859
-2824 2237
2074 726
2083 -2964
2280 2735
1461 -2955
-1051 2648
-2425 -304
-1060 -1646
-2496 -2990
-491 3166
-2765 -2425
3645 3552
1345 3277
204 -280
-1522 -409
387 2077
-484 1218
1893 -2261
-3676 166
-3820 -3420
-1920 2809
2554 -3949
-2291 294
-2572 3774
-3410 -3405
3828 -874
-311 842
3402 3351
1427 -982
2413 -1548
-929 2862
-3181 -116
3101 2903
3349 3316
-1003 3685
1571 -954
-3989 -3129
-1783 3274
-3974 3591
-332 -2591
1215 -549
-2712 2585
-2775 -165
-2648 -909
-1257 -2294
-1339 -3096
-1179 2791
-3500 2549
-2043 2114
3402 -3503
3926 -966
-2724 -1197
-3466 -480
3736 2277
-1109 -3907
105 347
-3442 3907
1303 2937
1778 -2301
984 2061
284 -1194
2534 -557
2548 283
166 1378
-1904 -921
-3851 1195
411 -479
-1755 -994
3166 -2091
-165 -3864
1954 -2316
3671 -533
-2593 -1266
1120 3051
-2485 -3392
-2251 766
-832 -2074
3480 -3598
-633 3039
-2897 -3567
1279 1999
-1301 -88
3232 3142
3699 -763
1932 -2877
531 -762
669 959
2411 1872
934 -1290
-3308 -2027
3833 1586
174 -141
3882 -1107
-1808 -725
-1809 -2124
-1228 3970
-1222 -372
-932 1412
-3336 -2595
3265 3456
-391 1243
-2468 1483
2790 537
2115 3341
-2555 2196
-439 3616
-3617 2325
1011 -2910
-2442 3816
-19 -2084
1243 -2957
2450 1902
3118 -172
2052 -1564
475 -1862
1099 -2054
-12 -3570
2606 -1523
2887 383
2956 -1224
-866 -1292
-252 -532
-1941 -2996
-1640 2254
3215 -2834
2171 -272
3568 -1451
-3135 -2772
-2143 -1847
-2883 -618
1946 2322
2028 3248
-1862 -22
3977 -280
-1148 -871
-1880 2636
-1150 2477
-1370 1267
-3978 2108
-1196 2137
-967 3834
-520 -1138
2530 -3523
1817 -514
1321 -3589
271 -1988
1869 -1089
-323 125
654 -604
-3303 -1186
2400 1387
-1565 -601
2847 30
3826 -283
-3299 257
-1457 -542
3592 -2786
3391 3414
1328 1308
-2175 -3802
-3617 -761
1961 1138
-1442 -2361
-1398 1490
-74 -2524
-965 1645
3591 -914
3010 -7
1548 3758
2077 -2832
2798 2015
-1472 -2189
3147 1264
3552 617
-1496 -1759
1746 2311
-1797 -3329
-3053 2326
-2141 3856
-1570 -1639
-1616 3362
-1144 592
1323 2773
3868 -3751
-1704 3479
-1868 -1681
302 -2282
-2410 -3380
877 2581
3145 -3962
3442 3505
422 -347
3997 -3292
182 -2415
1152 3341
3982 3798
2767 1622
-1993 -1290
3851 2947
574 -2657
115 20
-376 2911
3493 -708
3575 -3923
-3857 470
276 -1229
-2108 2696
-1698 -1639
791 3889
707 3060
3369 -2879
-2586 2862
-3624 3316
2699 3931
-713 -2625
868 -3755
2474 778
3962 426
-2049 -3929
-1520 -3909
-2254 3015
3358 634
3456 3083
3077 -3656
-819 -135
-2480 2738
990 -1706
341 546
1329 3068
-109 1261
110 -3592
-696 2158
32 1293
3211 -1223
-2440 621
1576 -2771
-811 1146
487 -2630
-879 -67
-2682 -3284
-2917 -2040
-2533 2133
2059 -1151
1980 -270
-1174 2135
-333 -1028
1679 -1692
-2125 2971
-590 822
-1029 -998
-477 561
-1444 3665
3929 715
2833 3829
741 829
100 3248
1503 3750
-877 3987
-1812 2485
1277 -2881
3398 1478
-375 -3203
-1265 -1434
-3350 1700
1932 3902
3259 3966
-2636 377
650 -3873
-3356 562
2020 -822
-1432 -3999
2646 1812
-3713 1632
2673 1961
2566 3436
3037 -2806
3175 -3165
-742 -3871
3906 1220
2408 -1069
-3596 -70
1401 -2944
3940 1250
1774 2835
-3525 -3412
1505 2083
740 2627
1949 -177
-122 -609
-2198 335
1967 -717
64 -3844
-1865 -216
336 -3786
-3773 180
-730 1268
1849 721
-3093 2867
-3553 -1129
1653 -3545
298 3818
1967 3916
-1191 -826
-3586 3686
-2922 2769
1563 3700
-1240 -2221
-2710 -131
363 -3177
1292 342
-367 2542
1325 -215
287 91
2351 -2090
-578 -738
-1042 1036
-20 487
-3313 -57
-773 -2297
-521 -1753
804 45
2278 655
-1092 1673
-2095 3806
-3682 -1567
1599 55
3476 -2084
3278 -1545
-526 -580
266 -705
1761 -3401
2434 964
1627 2093
926 -1480
870 -1804
-738 227
3847 -3406
1407 -2498
1988 3524
-505 -999
-924 2150
158 1326
-2965 1736
-2934 -3388
1669 3221
2013 3436
3723 1030
-3959 3901
-1143 1478
3318 291
-1457 876
183 1680
-3372 3459
1436 -2062
1191 -1475
173 3980
-1400 -2360
3677 -3232
-1987 -3407
-1500 -2613
-1605 716
-3325 -1255
1935 -3502
2076 1731
-3958 -1105
-753 3383
-3520 -3472
2605 3427
2951 3933
3761 756
1334 -680
-1287 2722
1992 -2241
-2942 3817
3054 3543
3897 2155
-813 -2596
-2070 -3682
400 -3444
2319 -2491
1576 2075
2223 2598
-140 -1186
457 2509
-2222 2113
567 -461
-1139 -3172
-3324 -3407
3754 -366
3774 942
-3750 3438
-3286 -1015
-1642 626
-3057 -1356
-489 -1807
-2845 2400
-867 -3693
1282 -1386
310 -1400
-3121 -2370
2962 1482
716 350
3858 3061
2552 2296
-1956 3727
-3738 1826
-357 -3760
-3825 1074
-247 -854
-2759 2287
3048 1649
2707 2632
917 -3503
352 1171
3419 273
-2160 -3402
1027 1472
1625 1434
60 -51
-2110 3818
928 2911
289 3571
-2261 -1661
3908 -792
3508 711
3600 2596
3198 244
1980 435
-1071 -2755
3644 2278
2238 -3936
-215 1777
2914 -3959
3150 -1088
2855 2150
1426 2371
2653 -2467
1355 889
13 1880
581 -3809
2810 -370
-3067 386
-443 -3813
1980 991
-1782 -3086
3034 -598
793 -1640
3259 -2467
-2258 -1764
-526 2468
-706 1881
-777 -3659
1888 -3513
-2939 2297
1418 82
529 3303
-1351 2333
-843 2641
-3869 2403
-3143 1375
-3859 -299
-553 -3340
-410 2036
-3452 3669
562 2769
-3022 -2939
2096 3733
-3203 3228
1993 -3713
3494 315
893 -1445
-3611 -1259
579 -1044
-3907 1209
357 -1644
-2971 -2497
3623 3704
2231 19
-876 -3229
-2702 2883
-1877 -1412
2137 2600
1666 -2508
1255 3599
1271 2135
-380 -341
-2132 -3380
1729 60
-2520 898
-1661 1494
103 -140
-3676 1075
-3585 -1002
-1444 -1504
-2612 -2640
162 -1794
621 -560
3396 -340
88 -3040
-2572 -970
1231 2994
1650 -563
-1227 2632
-306 2626
2306 400
155 -2843
-1321 2906
-2895 2526
-3656 -303
-3219 3339
-2621 -3952
-1574 443
-535 -3551
3052 1158
-855 774
-2002 45
839 -3346
3438 1344
1547 3303
-2379 55
2856 -3888
-3651 2802
3835 1486
-2590 -35
2579 -1966
-153 1239
606 -3160
-358 1635
-974 681
3140 -1934
-1683 3230
-364 74
782 802
-1141 3860
-1849 -984
3681 -1337
2519 -3340
1152 683
2788 -595
-3924 -1879
-3108 424
-3348 -2485
2601 3826
3261 -1515
2401 -278
1313 3089
2797 -902
-2867 -613
1723 2101
-1815 -1558
3060 1146
-2481 1906
-961 2224
-2888 1391
3212 100
-117 1292
-1099 1539
3443 -2693
-1578 3503
-3729 1813
-828 -3763
-3270 377
1496 -1555
-465 -958
-3441 3249
-1524 -282
3790 -612
-1132 -3168
-2730 -3895
-2034 2551
-3747 -1525
673 288
3341 375
3192 -3218
-1839 -2911
-1182 4
3156 547
-2070 1207
3050 3455
272 -3163
-3323 56
3961 -2312
1392 3065
2199 -1481
-64 2287
1527 -2479
1536 -1297
2498 1376
-676 2322
-1020 320
-3543 2847
-147 -3554
-3825 1203
721 -2314
1827 3252
-2704 1246
-3784 512
422 -86
-3032 -3536
1348 526
388 1024
572 2077
2177 2058
2741 1227
-421 -761
-2620 -282
-1 -3591
-1247 978
1796 1549
65 -1558
1936 2717
-796 -627
2323 -2139
3570 3717
-3829 137
147 -661
1362 -1602
3716 3124
1782 -3266
-745 3859
-269 -483
1840 3370
1034 -2912
961 -661
1111 2294
3955 2324
3236 -2692
1384 -1113
3410 1662
-2562 2375
-279 -1759
1057 -3192
3735 1886
2300 -2619
3462 -2341
-510 -415
3544 -3842
70 3481
880 -3794
-382 -3391
2476 2086
1300 -1906
-2657 -2120
-3859 -24
3411 -1126
2751 1315
3906 3841
3802 -3397
-2714 -2052
3272 72
-1161 321
-366 1951
2188 838
1416 1251
3428 -591
-808 -1347
1277 78
3809 -1880
-2366 1509
824 1290
2042 -3090
3325 -3691
3097 -1753
-1995 2650
1448 3576
74 -362
-948 590
-2260 -1302
3491 -18
-3749 2073
2650 -1008
1112 3573
-2310 501
1873 2078
-737 -3688
-27 -112
1057 -3279
2436 1665
2249 317
-2186 3585
-3924 -119
1515 2412
3766 531
859 685
-802 829
-2648 -3273
-3888 -3785
-593 3149
431 3235
2446 2642
-2840 260
1435 1173
-3490 -144
1209 436
-588 1793
-1462 -808
-1808 3652
-1332 -668
-3817 232
2177 -3145
-1770 -488
3286 575
473 1625
2328 2281
524 -3624
-3067 1180
-1954 -1989
-1484 -1143
-2997 1541
3000 600
2236 610
-715 -3148
-3246 -3065
-2264 -1378
-3957 -380
142 -836
-2058 -886
3794 -1236
-2993 -2621
-8 441
3048 -1194
3064 1452
2436 -285
-1908 -3116
3956 1744
3778 -2738
-1513 -3777
3584 1985
1406 2595
-1049 -3502
2636 2277
3602 1536
-2621 -2248
3171 -2590
-908 -2442
-1996 -884
-3095 769
-3210 -2697
-3351 -2152
2761 1390
1857 2245
509 849
541 2921
-1970 2504
-2755 1896
1446 -2142
3812 -2724
-1066 -3190
-3462 2639
-2350 -3202
1735 -1506
-2900 3246
-1431 2438
-1851 2356
2814 -1976
2966 -1351
-1477 -2291
1538 3308
3908 1157
-3095 3250
-2435 -1938
2144 -1021
2986 -1019
-821 3672
-2381 -1838
2781 -1418
-2928 3085
-1228 684
1848 -1516
-837 1714
2883 3819
3129 -993
3354 754
-1027 2294
3726 2859
819 -1559
2627 1849
-3364 -3790
143 881
-827 -381
288 3937
2823 -1028
-129 -879
-3094 -369
1646 -3356
-2284 1649
629 3591
1785 2834
-402 -2974
-937 3374
-2723 -1245
-2657 2117
413 3125
-1934 -3329
-1148 3408
-3317 -114
-1063 -1098
-1881 -64
3051 3597
3410 -3922
3711 -1699
1434 1302
-2334 -700
-2285 476
-1402 -1741
-1411 214
-3511 3689
3633 590
1383 425
2013 -1054
-733 3754
-463 2404
-2068 -635
-1520 -1609
-815 -2957
3853 -736
-3597 -2958
1573 -1625
3444 -2676
-1925 -1811
62 1359
3239 -3218
2450 -49
-926 2884
3230 534
1380 -223
1141 3692
2756 -1256
-3119 3088
2567 1400
3999 3829
3091 3109
-3558 3237
-3103 -3176
-729 1285
-3463 -1915
2314 -2535
0 -463
-2085 2583
3905 -2820
-2354 -3948
3264 2763
833 3400
-306 3054
1886 -643
3282 3371
1897 -1493
906 -331
674 -1390
3561 561
305 -1127
1413 -3911
-1449 -981
3527 3627
-2195 -1284
-143 -2737
3068 961
-148 -2945
-1688 -2723
3155 3014
-1193 -2957
3140 -2756
-2545 -1890
1634 2570
3826 -3201
3001 1148
-422 -1347
1794 -2128
-898 -3157
540 -2912
-2273 871
-3221 2968
3449 204
-2706 2042
-1835 3763
-3452 775
507 -1320
-344 3692
-3068 -3514
1800 468
2262 1938
3807 -513
1987 -3104
-319 -3199
-312 -797
198 -969
-3527 -1700
-2719 2627
1008 -2751
-1407 2064
-3390 1167
-1002 -92
128 534
-3272 -1682
-218 -3389
3751 480
-257 1221
1612 -2481
-3679 2396
-3888 1885
-322 881
-1513 3844
-3465 -1712
3355 1509
-1012 -342
-3517 3092
2498 1476
-3506 2344
-1665 2675
2022 843
156 -3084
-711 1639
-817 -523
-3026 -81
1248 -703
3305 3721
-1653 2249
594 -613
-1396 -2514
1020 -3729
2411 -1338
312 3427
-3672 -1815
3014 -670
573 -2957
2352 -1688
-1580 3600
3300 2334
-3590 -270
-746 1791
1342 -104
2787 -1565
1133 -1665
-2695 3181
-1914 3224
2943 -605
-3150 -1270
932 -1599
3242 -3890
3664 -3639
338 -2482
-2936 -1724
-1355 -3043
1395 1760
-81 1782
506 2367
-2922 3481
1521 -2369
3898 1891
-628 -3387
-394 837
-2919 1645
1164 1138
1570 3064
49 3211
3803 134
-3577 -3
1414 3999
132 3688
3534 3356
-3366 2778
-641 -3306
840 -2852
2048 334
3182 -3526
1905 -2878
1515 2980
1307 505
2280 -2459
2720 -3112
221 419
182 -507
-3823 456
3962 -348
-1084 3234
3664 -3739
-334 -224
2890 1336
2941 -1391
-1388 -1059
460 3500
-1244 -3599
-1598 -3048
51 -1376
3932 -2460
-2977 -1546
-3095 1443
2074 -3630
-3231 -969
-2056 1495
-738 -3917
-2648 2745
2066 2312
-1477 2068
3617 -2971
-703 3157
407 -667
-1109 -3411
1594 -1987
2922 -3738
-2570 2254
-1853 -1847
3929 2602
-1591 -1268
439 -1928
-1341 -905
3187 2095
1411 -328
-3411 -1015
-105 -428
-957 -166
2159 1950
3146 2338
-3213 466
-2325 706
1351 1738
-1590 3896
-326 -3121
2814 -1360
-1098 -470
-235 2230
-1149 2496
1967 -3169
3544 1928
-2555 -1991
-1249 1126
1333 1539
-2638 -511
-1486 1965
802 3652
-3018 -3817
-781 3874
-2402 3334
-18 -1275
3778 543
-2809 -2362
-3096 -3479
-1906 3439
1633 1856
1969 3878
63 -2202
-1177 -1687
-3439 2564
3300 -2910
2314 1810
-427 -3200
-3878 -488
-2514 2438
1564 -2334
-2874 -2322
-3255 -629
-29 -3196
869 -1610
2172 2538
2489 1078
-947 2808
-1150 -472
3710 2697
753 -1943
746 1165
-1420 689
2377 1785
-1526 -990
-3166 593
3486 1789
1722 -1686
350 -3936
2118 -1407
2776 -210
465 -1515
-3380 3052
-3056 368
-1064 -2287
-1233 3539
-2091 709
-3027 1170
3823 -289
1538 -2085
-3300 3556
2289 -662
3897 -25
3830 -1505
953 1271
3833 -2670
1104 -749
1328 3241
-608 1312
3206 -1981
-2051 -3231
-1020 -523
-2 1583
3885 -2460
-2697 3340
791 2106
-2747 3919
-2135 1956
1453 3428
-2162 -1939
-2356 -2827
-2232 1048
-3048 3944
-2523 3237
2967 686
-1543 2477
1762 -2411
2852 227
-3022 -3072
2162 -359
-2725 -1522
-2323 -902
-1118 66
3181 -3536
1685 -2128
1337 1528
1243 -2708
-1843 -1563
-702 1762
-2633 2563
3811 -2383
1986 1165
2254 2111
-3706 -1720
-3205 996
3383 1716
3253 -481
-85 1633
-2859 -1505
-3886 -3954
3758 -2895
-3982 -1215
3325 -3680
-45 -220
256 -621
2581 -3832
195 2482
3405 3648
-2932 3892
-1509 -1407
3393 -3124
2161 830
-3731 -563
3795 661
-1101 3545
-2588 1508
-2767 2579
-1458 3782
3210 1939
3967 -95
337 -1672
3212 1048
-289 -82
265 -2915
3366 -3325
-2198 2286
-3273 1298
2276 812
-2876 2841
-1442 -2466
-1155 2725
-2658 -2274
813 -3029
-2570 -763
-3017 -3360
3983 -871
3701 -2934
-758 1455
-3228 -866
-2298 -328
1591 953
1629 343
2759 3465
-3191 2202
-1348 -2942
-3229 -1808
-2003 2029
-3685 79
-880 3742
3940 3316
493 -2459
-91 2204
-579 3049
-75 77
125 -1763
2060 -3912
1224 -3441
312 1298
-2517 1868
-1727 2200
3976 -2809
2722 1372
208 -742
-481 -1092
1432 -3274
960 2346
2370 -1792
-3102 3261
733 -1195
1172 -755
-1636 -1449
532 2942
-3461 1209
-2998 -3065
-3087 3106
-1253 -3395
2766 -2800
-1204 -3203
2681 -662
-2444 1947
-1541 3678
-2122 -2505
-975 479
-1512 -3243
-1696 -2009
-3063 117
-579 -3062
-1214 214
-3639 -900
-453 1981
-2892 -1289
-3990 -237
-2503 2965
-2145 -2633
-3533 -356
-2930 -1213
1083 3866
-528 -2525
-339 284
1728 -1585
3479 -523
591 3888
90 -3884
-3400 706
-171 -542
-1623 -191
-3830 -41
-2331 2515
-296 3363
1628 1360
974 1318
-2616 -700
1135 3625
792 -2763
1280 -541
2322 -3823
-2448 -589
-3684 -1028
-2470 981
-2502 1481
-1853 1120
2383 2121
2253 2702
3298 -3859
-3758 -668
1090 -3370
-3513 -1406
1127 2101
-1862 1937
47 -1337
-2304 3569
1748 -857
3005 -2711
-3525 -1798
2768 928
-3620 1313
2346 -895
-3193 -1345
3577 2183
-3430 -1701
-2452 2941
2845 -1210
2656 2105
2878 -3013
-3931 -2004
-2522 1266
-1469 -2261
399 522
-3212 -3973
-2995 -1971
216 2170
1151 -3868
1042 1175
-885 -3130
-3573 1852
3380 981
-110 -1530
1509 3423
-975 222
3784 1378
2117 779
-3754 2881
2235 -3547
714 -1425
1557 -3971
-1202 3712
-2832 -1940
365 464
193 -1581
-3116 -349
-834 192
-5 451
-2368 1466
2091 -3733
-478 2361
-3794 2772
3448 622
-2681 2364
3087 -604
-3685 3553
2946 -740
-921 516
3314 -2595
-3155 -1114
852 1808
-310 997
-3759 3538
-830 -2807
-2511 -172
-3619 -2589
975 -3694
-1661 -817
1950 -1217
-3652 -3717
207 -2741
3127 -1342
-3182 -688
794 -1092
-3747 -1203
3322 3460
2934 777
-3017 -278
-3807 896
2290 -2147
2784 863
-2675 3494
-2375 3531
2858 1587
2998 -987
-1447 1615
558 3567
-3470 -1029
-1479 -2518
-8 1746
986 -1075
70 1190
2967 3792
-2026 -858
3662 -3233
1506 3189
-288 369
3416 3902
-2380 521
-454 -1628
-1785 1131
3605 446
-40 500
2472 410
-1848 -3167
-798 -2513
3441 2898
-1465 -542
1852 917
1514 781
1399 -2040
-143 -1983
1583 1697
-2926 -1045
1535 2092
-81 1775
-1782 -3405
513 -1339
-1907 -1292
-1379 2671
-2188 -1729
-1175 3368
1967 -3432
2966 1470
-1378 389
-13 58
-1731 2419
1409 -853
-899 -3176
1022 -3892
-1124 2707
-130 339
3391 -1938
-3501 -1364
-492 3131
1476 2173
2859 -1387
-1490 -1388
-3150 841
-1943 -288
2193 3185
1176 -11
-741 -1956
3391 1338
600 -2576
681 148
-1416 -197
294 1346
633 -1030
-116 -2056
633 -3170
3524 3001
-821 -1343
540 3616
-2183 13
2566 3377
-2863 3595
-3836 2871
1489 3502
-1677 -2756
2320 3936
-3456 -2614
-2451 3105
-2269 3271
2116 -897
-3025 -1959
2784 -1208
354 -2143
-3574 -2746
-784 1154
1544 73
-3036 3830
-580 -210
1200 3994
221 -938
2146 -651
653 640
2558 -2147
-887 -2046
981 2223
-1951 160
2943 -1033
3167 3761
3796 -1001
1292 3375
-3768 3564
3168 1037
-2950 -1959
2175 -1609
-2401 3321
-3138 3399
-3633 -77
-1593 719
-1482 -505
1580 -1382
1758 391
-572 3331
2709 -3965
3892 -3942
1058 -808
766 2186
2068 1949
1790 3260
1598 -1972
3457 -2955
1605 3192
971 428
173 -3039
-2941 -2663
-3566 2368
-3273 -382
3305 493
2798 863
-2177 2533
-1023 -2607
3851 -1351
3382 3113
-631 -2629
-15 -240
-2012 2314
3993 990
295 16
2277 -3882
586 -1868
-982 -3298
-3074 839
2301 1048
3038 2214
-2985 1626
-652 2418
3352 -3304
3530 1979
2484 1918
-3677 2041
-2694 2535
1827 1364
-1049 1628
1445 1968
674 -2691
-3423 2720
3878 -2857
3600 1771
542 3896
1174 659
3991 2695
-1253 1007
3881 1928
220 1133
-2514 763
2051 2527
1797 -1107
2599 1032
3684 -2905
-2579 683
-1763 540
-2793 1576
-1318 2175
-562 -3273
-1320 -637
3364 2793
1470 2910
-3240 -2324
354 -2090
1953 344
1117 -1712
3987 -3062
3502 -2245
-715 5
1506 -1172
3058 951
1224 -1133
-2239 3057
-1828 3577
-2829 158
3441 178
1329 -2111
-232 2449
2290 553
502 2133
1797 3079
698 -2329
3260 2118
-2033 -2006
-2000 1253
-2567 139
-450 -3584
92 -1323
-2124 -3026
-949 -1547
3669 1609
-2432 1930
3488 1970
541 -3598
1287 3217
1004 2591
-3005 980
1383 709
-3923 -1145
3747 -1259
3624 1468
1947 2787
321 3263
-502 -1482
-2320 534
242 304
2323 -96
-1687 2378
3594 262
-2457 2335
-372 3392
2497 1589
2089 -3189
-572 3883
-2896 -939
1925 3714
-2555 -1484
761 -2456
-1080 -75
2306 1911
3918 2295
1145 -3892
1425 -657
-2043 -1221
-632 3630
3376 1869
3997 -362
2580 -2429
64 -2599
-2561 -3572
855 2974
-2393 3536
-3228 872
-1435 2764
-1106 -3232
3602 177
-1907 -3901
1894 1376
-3446 -97
2310 3198
-2874 3027
-1739 -3759
-3220 -1949
-1176 936
-530 594
-2361 403
1071 -1642
3432 52
-3411 -918
787 962
-2323 3790
2694 -2746
2586 1024
-2388 -2765
-1047 -2571
-773 3841
2419 -2056
777 -121
929 -3042
1775 3865
-2440 191
-2879 766
-3901 1685
1091 654
1171 3188
-2639 -2624
-3528 321
1125 -3487
-3192 3329
-1325 -2512
1922 1826
1102 366
-3337 2843
-3357 3971
2864 -2389
1975 132
1421 895
1105 -2562
-3719 -2650
820 -1402
1729 2192
-3533 536
-3870 2709
2679 -2411
3308 -3600
-3036 -2308
-2808 1266
1392 1208
3766 -378
-2550 -1958
-2655 881
2953 -1068
3114 3258
-1798 3376
1331 -1157
-1081 3325
-3963 -2510
-3696 -3154
3037 -1975
-611 3190
-66 -1311
-1871 -1776
1309 369
-2885 -1103
-1225 -3963
-2561 1508
2351 -2041
245 694
-3204 -1375
1660 -3354
3727 -36
1248 784
2062 -1682
-1157 -861
-3002 -252
-460 3927
1938 1669
-160 -2647
-3977 -3592
-2642 3377
2491 -1833
-3751 1267
3978 3042
2395 -1087
-2143 -1921
-3362 2487
2084 8
750 3749
1603 3200
1580 1260
-2890 1468
1688 -2872
2132 -226
-3951 2309
-1338 -2501
1788 -2666
2116 846
-323 3253
-694 37
-2031 -45
53 -612
1447 1390
541 -1035
-3053 140
-2076 -600
-697 -1370
1658 -3415
2659 -343
1005 -1659
-753 2358
-1480 2800
-2838 -2497
1881 -3880
-1563 -1984
1289 3252
-3448 -3110
-1353 3949
2820 -839
2143 2707
1451 -653
3377 -3650
3839 2815
1990 -10
-440 -1258
-1133 -437
721 -135
-759 707
3825 -1997
3675 -323
-3087 282
