-1385 2080
3069 -653
-399 463
-182 -1519
-1273 732
-437 2666
2003 -3156
2182 -592
746 988
-666 -1261
-2568 -2685
1712 -1261
1521 -545
-1864 2198
1219 -3165
-2096 -12
938 -1220
-2547 -1481
-2434 -1404
443 2677
17 -1332
32 -987
-525 1561
-1030 782
-2486 2594
-17 1461
2625 -1956
2212 -1893
-2939 -2701
-939 2607
-408 3135
-260 2035
65 -1978
-819 -880
-1574 -1358
1925 -2917
-402 -1827
-444 -1525
-2355 2112
1784 -2746
-1525 2798
2914 -1239
-761 -373
-1733 2651
-402 524
-1597 445
2126 921
-1727 960
1335 -1053
-797 -478
-3115 -2871
-613 2410
398 546
-3107 2658
-3036 -291
1769 2472
-179 2519
-3024 -2207
2447 1631
-3174 -1504
2077 3153
793 760
-1264 -2183
-2924 2503
962 -1010
-935 -572
-1782 -1340
456 401
250 -3025
-948 2319
133 -2321
1477 1386
-834 -2951
211 -2824
1456 3087
-3148 3015
1493 -1827
1117 -2323
1234 1543
-1166 -270
-2060 -759
511 -263
-14 -924
681 -2116
989 -116
1693 -3185
-2590 -2174
278 1889
1859 1411
-927 448
-394 -766
-2472 1701
2400 -3112
-2285 1052
-2551 -2123
-2046 -122
1148 -1403
3101 -2408
933 2205
-1069 2826
-34 -901
3139 2365
-1685 -1614
564 -1518
-3110 518
-1978 -876
-1528 -919
1657 1815
2820 -1318
787 733
2920 599
365 1622
-339 2321
-2995 2237
-1302 -171
1598 1995
2347 2796
777 -2090
937 -23
2760 1526
-1609 -3076
337 2145
2780 -237
1480 -1955
945 766
-2389 2813
-982 657
136 -471
-1353 199
2210 1282
1918 -1975
2815 -2188
3027 -3131
1866 556
1247 362
1923 -2297
-854 2581
-3074 2945
1308 895
-1929 -2645
-2953 3148
2531 -2915
632 118
2469 2906
-715 -2506
537 -1053
-862 334
-1745 2004
2133 1870
-2454 1847
-2407 -2795
-1246 1664
2500 202
1518 -701
593 1335
3145 654
-3021 2375
-218 2898
-2504 2927
-2887 -1332
-540 2700
-2760 -1677
-288 -1083
530 -1127
2925 -2818
2438 1609
-3190 -1180
-599 497
-1738 2207
-2111 1980
2635 -2470
-2326 -1155
-1909 -304
3077 1420
-520 862
-2632 -1016
2477 -2294
1006 -1966
-486 -701
-1385 -264
-1487 360
-139 -1390
2731 -1864
-2332 2174
-2192 2487
-2551 223
-2992 2677
880 2477
2324 -1983
1633 -2512
302 -509
-2509 941
1765 -856
-824 -3115
-558 1939
2035 2989
-1449 901
-2576 2016
-108 -552
-2781 2407
392 158
2462 -827
-640 -2914
50 2612
-1072 459
-2636 -139
439 923
2104 -1002
-816 -251
-1462 122
-75 -1818
-2909 571
-47 -2009
1043 -348
2830 1976
-3016 -2087
-544 -685
2846 1338
1926 1720
-2860 -2729
-44 -2285
-1114 3085
-376 978
-399 -963
-674 917
-2660 1691
-2971 -191
643 -1195
-2404 1462
-3053 -1753
-1797 -2179
-2631 1257
-3076 -2409
182 2460
2431 -227
-622 295
582 1797
-2064 2946
-2644 727
1148 2026
-973 2060
-2705 87
-637 -199
340 2461
3025 2355
-725 1302
-2719 -2884
1656 -275
-80 1911
1315 1758
2594 602
-1324 604
-1397 -1790
-1434 724
1409 458
-1902 2075
-2325 -2042
-2013 3015
1784 -1306
-1188 420
761 2667
-3106 1342
465 -2808
-182 -1037
-132 1054
767 988
1839 2907
-2567 -153
2738 2087
3153 2649
-462 1630
-2211 -1111
2707 -3079
-724 1649
-891 530
1873 -2281
2206 1916
-2203 -630
1788 -1875
-1287 -2155
-1999 -2599
3141 -1298
-1002 -2131
-2461 461
-2252 763
9 1760
3178 -2372
-3043 -979
-1671 2140
-1094 -2318
1410 -2376
1943 -1992
-1250 -1910
-1687 323
1420 697
2702 -3075
465 1894
2324 -1101
2015 -487
-2613 1730
728 323
-2617 -239
3161 -1881
1536 -461
-994 1053
-1888 -15
-264 1702
1441 414
-325 3005
-1290 -2664
577 -446
2250 2093
2229 -1400
698 2085
862 -131
-3125 -2561
-2573 -3042
1465 -1525
-2586 -2586
-3125 -1128
2182 1088
2422 -2736
-2599 -119
-606 -2005
1265 1669
1206 2384
-1974 -2843
2533 -2166
-1812 451
-2057 -2067
-367 2518
-2387 725
1739 1121
2400 -698
1066 2013
2727 2870
180 3028
-1528 2715
-1893 1803
-1154 -3011
2311 2824
3174 1756
987 138
2441 -1120
2266 -2180
642 -2072
-944 161
-1671 144
1627 -710
289 -2125
563 2176
1873 464
108 1566
2796 -2115
2038 -1191
3060 -723
2016 1516
-1656 2695
-749 -1932
791 1067
-2267 -1742
1495 -765
-197 -1438
-1724 520
2613 514
794 -484
-1037 2666
-1682 -1484
567 258
-2944 -282
-2823 1478
533 -761
-496 842
-1189 -1535
-1527 1393
-2271 -2200
-2101 -2534
-1484 1347
987 -2688
2240 1402
2494 1379
-451 -2107
-1155 -2489
295 675
1957 2484
-777 1220
-3000 2002
2791 1408
1317 -3087
1046 -1000
-2515 -2187
-2267 -1907
-372 3040
3042 -1252
279 -2215
1542 2720
-354 -2643
159 74
-379 -2441
-1516 643
-817 -2399
2001 -3085
2991 2127
602 1329
-1460 -2600
-1700 -832
-796 -183
1426 1439
2442 2236
-1854 762
2006 -108
1449 -754
2924 2164
1818 1987
2837 2036
-2995 2617
1559 -102
2428 -2904
749 -2082
-1419 10
3083 -3095
1002 -180
-2467 -2146
-1017 -137
-2771 1720
1028 1816
1260 436
-1024 2240
-1618 -1679
1302 -2527
-117 -2694
1229 -1440
3120 -443
1080 -1116
2487 -1891
193 785
2411 -1296
1180 -1550
-2131 -1715
-2875 771
1342 -1473
-958 -1906
1604 -522
691 -1278
765 -1899
2985 1741
-309 2012
788 -1758
-677 -1596
2879 -2713
1545 -735
768 1365
-965 -289
2454 650
812 -1064
2939 218
-682 -2585
2481 -614
2379 1874
-2667 1910
-2173 -2704
-1560 -368
451 -1347
-1024 -3090
-1047 2470
299 -2150
-1106 934
1297 296
417 2630
452 1168
270 -1740
2881 2555
371 -2176
3002 -2241
411 1254
-2399 892
-1376 965
-1154 -2136
1315 1123
-1043 2135
-767 -3055
2972 -1081
-762 -3189
-1755 -1382
-2307 -2282
-3191 -1436
2363 -314
975 -3110
1509 1630
-2383 1799
-284 -2439
-428 1472
232 -405
-1403 2097
2900 2278
-2030 -1724
929 -467
-1502 1089
2327 -521
551 3113
-2843 -2670
1975 -1341
1129 -1618
1029 -859
-2966 -3091
1506 2078
-2797 -2986
2105 -1768
853 -1947
-1895 1988
2993 -111
2339 2126
-543 208
-1957 -931
2262 2780
-2954 -825
2184 1683
1227 404
634 1609
-3165 -305
2444 874
-1570 2202
1985 865
-1353 -618
1710 1345
2607 2643
265 -1407
-721 -1420
3182 -1423
352 727
1198 -3033
2241 2050
3132 -1785
-930 2529
278 -523
2374 2263
3156 2057
1521 273
-1310 2153
-1765 2024
-2233 1977
-3022 75
-430 658
692 -520
2137 -1976
2157 2962
-947 -1745
1352 907
841 931
1237 -1002
896 1297
430 338
792 43
505 -2458
1950 -3136
-3091 1005
2021 898
-1080 3064
-348 -1664
-1008 1679
2318 1479
-2625 1143
-2391 3182
-703 485
-249 1770
-1688 1665
-329 3147
1591 47
-2900 2041
97 2264
-2672 3078
1913 -629
1026 -1927
-1410 -991
1655 -185
1291 -2103
-2403 2367
-2880 177
-172 2169
898 351
2596 356
2119 538
-567 1820
2453 -186
-1349 1830
2411 3161
-991 -1461
-93 1224
1581 -2578
2187 -1815
27 -819
1222 1971
823 2764
108 1562
-2051 1067
-901 1358
322 -3047
542 2427
371 -2417
3030 -2794
-2448 -1276
-2631 2072
313 598
-2836 -216
2250 590
375 2799
627 -829
-2866 -1081
-264 1157
3066 -1558
1600 -479
3159 901
1986 -177
-2880 801
-257 -1468
161 -2598
-1453 -1080
-499 -2990
2602 580
-2615 -967
-1539 2300
2275 -3149
2028 -2869
-896 -1010
-2336 996
-66 -2136
-2897 2918
-1928 2572
2262 2183
1058 -1550
-433 950
1713 -2362
2927 -737
3156 -1181
983 2132
303 -1414
2011 103
679 1582
-2370 -1828
-858 -2676
-1766 1656
1871 -167
-2025 -2442
1560 1818
1752 -837
-360 -266
3143 -3134
-2410 -1128
435 -1806
-3090 -1767
-2785 -2815
1888 -663
-1819 -657
2857 -1862
-1443 -2077
594 -793
-1919 -2612
1266 -2826
1042 -2209
1091 -1205
-3112 -45
2620 -1955
353 2400
2733 -168
1171 1910
-1235 -1473
1414 1104
2551 -2082
431 502
-1042 -981
572 -1106
-2043 2127
348 -2926
1340 2579
1743 -1211
1274 23
-2962 3177
-1356 -3140
-633 -1863
-660 -919
-1299 125
-3038 -1423
-3032 -146
-2243 1955
-2082 972
2419 -457
-2620 2824
3072 -1367
-2201 789
2555 472
-1765 1293
2476 2451
-1582 -571
2844 397
2347 -935
2256 -1336
-1242 1015
1182 3116
3026 1144
2221 2129
590 -1602
2373 1295
1930 -1753
2544 -15
2316 -2841
-2982 2859
-2905 -423
221 -1697
-2008 1039
-2746 -523
1961 -1856
-2008 2972
-1646 -2615
-638 2589
-2174 -2402
-1073 -2977
2702 2035
853 -1208
-1070 835
-61 -2584
-782 702
2885 -2011
1434 2994
-1002 736
2578 3034
808 -2629
-1319 1056
519 -3
-1514 -1583
-714 -588
-2820 1892
-1476 383
-881 916
399 -275
1344 -630
1992 1786
-847 1207
-2022 3002
602 1542
2067 704
1163 -3112
153 -1138
491 -1434
-108 1780
-763 -966
1403 -2579
194 331
-2065 -1218
-3182 -2404
-334 2031
-292 -714
17 1641
2015 -2130
2175 3000
-111 -2982
2868 2204
2797 -1325
-2749 900
-1399 -1929
2035 -3118
2886 2050
-1167 -664
573 -2408
-1833 458
2401 -1290
-2978 -1857
2624 -2565
-2289 -336
849 3059
1432 487
634 -2635
-2773 1539
-691 2031
984 -2337
2337 -836
-236 425
-582 -2869
-1837 -583
-478 -920
-1887 2591
-1599 734
2167 40
2078 -3161
2154 -466
151 2875
1378 2438
1135 -157
-2847 172
6 3114
1168 0
-1130 2784
2984 -3039
-1581 -1055
-2933 -3087
1051 1291
2757 -1456
-2021 2941
-1868 1912
-2058 -2555
-2769 783
-2620 2499
-671 2545
-849 1375
1459 -18
-2413 1550
1749 -1094
-2303 2779
100 115
-1405 -2675
1900 -1673
2492 2968
988 -477
-1159 2754
883 2015
-1525 1286
1818 1654
-1939 2752
2685 -2917
2404 -2291
-40 120
-360 2994
-1982 958
-33 -1744
-2177 -1341
-2730 -1377
2116 2064
-605 -1348
2597 239
2740 -898
-1066 522
-3162 35
1606 -2848
493 -2545
-2252 2355
2298 -3034
-1523 1868
-2243 -2309
209 1390
1378 1137
-1430 147
1494 -1737
-2536 -2500
-1563 -562
90 -2640
-1817 -2622
-3053 -1014
392 2557
-2301 -2097
1257 -2023
-3082 -3037
413 2807
647 2292
2236 -1778
1116 -2862
3088 524
-1322 -608
2353 -298
1195 -2382
-71 -2264
2488 3163
2333 3194
-3059 1386
-2384 73
-784 -588
2319 1797
-2095 48
-1781 -816
-2267 2299
1586 2069
2887 1494
-1385 -955
1006 -295
2070 2983
81 2884
1123 -2373
341 3199
2123 -1457
299 -2401
-3003 -3091
-1692 -2284
536 1064
2133 -2439
1175 690
-1580 -2904
437 570
640 2775
745 -387
-2852 -2637
-2084 1293
-796 -1304
1117 2014
2727 -1256
-642 2743
-1424 -358
-2850 -1944
-2043 243
-2035 -855
2750 -1894
-1156 2131
2630 237
1443 2272
-335 1368
-352 186
2424 -340
-292 -1679
-2030 -766
962 1385
-936 -348
-184 609
-2104 2733
-3084 -1672
2981 -130
967 3181
-172 806
-2208 65
2527 -1103
1590 288
2227 -2812
-633 2923
2905 -236
-2272 1604
-279 -3076
-1032 2564
-691 -380
-2436 194
169 -847
675 -1286
-150 1768
1716 -944
-2029 3158
-1504 3170
-2079 308
2900 -1144
2381 -2061
-1661 -665
5 -2027
2616 -1698
-2670 3094
407 1470
-1025 -2162
-739 2557
-1303 90
-353 -1263
2077 677
-298 -1664
-874 -2316
-545 -604
471 3029
-857 3089
1572 -3036
-2906 1841
-905 -1027
-2709 2933
-1183 627
-3173 2272
-3075 3046
-1140 -1289
967 1509
-402 -3191
1239 -1856
-762 -2764
-3015 2188
2887 1517
1101 1799
2533 -2458
239 -2493
1162 136
-295 -2108
-761 -2051
-3053 619
-1851 -255
1989 793
-1281 183
1874 2798
-1049 -1412
2773 2189
2167 1175
-1409 2022
2848 -1699
2997 388
1647 3156
-2569 166
-14 2333
131 -42
2834 -2525
-1957 -1767
2380 1626
2765 -909
304 772
-3081 1427
486 1333
-609 2963
2171 -266
2747 2728
524 -3153
-1382 462
-2278 1424
-1599 -1648
-1386 927
-2751 -3048
41 -2522
1188 558
-1080 1375
3023 -1131
2900 -2496
-2987 2008
-945 -935
-2726 1195
-127 800
-778 1105
1948 2557
-501 -1567
-2239 942
-1780 938
-180 -2052
705 2871
2717 -2084
-1763 -1534
-940 -2674
1116 -1967
-2488 383
87 1346
2876 2112
-909 -140
340 2340
1549 2659
-1898 687
-2739 3112
2846 3167
-1017 -1074
599 -280
-2462 1577
2523 898
1011 -2336
-2304 640
2985 -2877
770 -1044
2700 699
-1147 682
1399 -2576
-597 -2252
-1752 2265
-2178 -2898
3015 -2619
-1958 1770
3013 -2305
3085 414
1575 -1542
2826 -2360
-280 152
633 72
-1637 164
846 862
443 432
2669 403
50 1905
-2856 1995
1614 -1583
-1694 3028
-1229 -2573
1496 2800
1268 -342
1445 -790
2044 -3120
1009 1815
-245 86
2292 -1279
2582 -2069
948 1593
2741 2675
1704 1888
-2802 1735
220 2602
2137 2686
2022 2221
-762 -1583
-46 1631
1747 1324
2392 -156
-3023 1847
-2024 1321
2500 421
-2986 1180
-2415 -2407
431 649
-1931 2776
1934 1092
-2897 2207
160 1779
1301 -418
-3186 2911
34 -1456
1059 -75
1896 -1649
2490 -1026
2612 -341
2854 1227
541 -820
-1633 2305
2520 2778
3104 91
-2453 1563
-363 -2336
-2861 -463
-1929 2592
1192 -2398
1601 1764
-2101 -912
-2335 -1415
1016 -1403
-937 1729
412 3158
909 -2067
68 2898
2452 3163
-1238 1633
1538 -1696
-3044 -5
-496 -1498
-399 1314
-1053 3116
2105 -1310
-1505 637
-313 -332
-2269 -1289
1467 -1615
2692 471
858 2599
-158 -273
81 -3105
-2385 2991
-2698 1268
1366 -1856
-2063 1819
2340 -2683
-489 -2633
1173 -1409
1748 1294
896 -665
982 1502
-1757 -2240
-1324 -1247
136 -53
61 1296
899 -2261
-1199 312
1341 -851
-1032 -179
2395 -2497
-1196 -1370
777 581
-377 2608
437 -2023
2453 -1376
1608 2764
-1693 -535
-894 96
-1659 -2287
2023 -756
1970 1680
-2818 2499
1667 1185
2776 1479
1023 -1489
511 661
-257 1321
2173 -2510
1428 -896
1629 -2686
777 -2300
-661 -2307
2918 1334
-538 -2844
-3160 -3092
2568 951
-2626 -642
-853 -1104
-1042 1890
2816 -2935
-1022 2497
-2415 -756
-3176 2748
1921 1913
-2233 1314
349 -526
-2089 1618
1204 1504
-1376 -2538
1985 390
1635 -2934
-1528 2712
2109 -2036
-2285 -1273
2579 2205
-1769 -220
2784 -2267
173 -423
-3196 -423
3158 -42
-973 1364
-1983 -2879
-1115 -198
1246 -2645
-2816 2417
-400 -960
2082 1456
3030 3181
871 21
-620 -1141
1286 3162
-647 -950
-2940 -179
637 443
1535 2943
-331 1515
-3044 -909
-627 2064
574 -1741
-1073 -1072
-685 2252
2174 2671
-568 1749
-2158 3181
1410 -600
-1090 -1416
679 -291
-1802 -193
-1122 2071
-1762 -1959
371 -486
-1212 -2574
463 1702
-1209 -582
509 236
35 1593
2102 -649
837 2148
38 -2533
1310 2057
747 960
-1543 -625
816 556
2164 46
1983 1960
2643 -1063
2571 -2667
1114 1430
2632 -563
178 -648
877 1280
4 -837
1601 1289
-2120 2583
-2632 -2156
-2045 2036
-2222 -2973
2662 -160
1015 -1551
-1060 1983
-605 -2819
643 2623
906 2887
1014 -2269
518 411
88 853
1329 -1311
806 2240
-2953 -1505
-141 289
400 -318
-2688 1379
1071 3030
2564 -1316
-137 -397
-190 -792
1212 2500
1244 -1522
869 -239
1524 -1061
-2637 3087
-1982 1880
-212 2569
-2536 590
3055 1091
-488 -257
-358 -1195
-1553 1943
-111 -1227
-499 -742
-3180 -2820
1359 -2560
2823 -2177
-815 2713
277 -718
-1137 -3159
-6 2319
1922 -1679
1253 -2705
-1845 -2517
-564 571
-2348 136
-1276 3118
854 -868
779 -721
-1383 2921
1826 -2470
-13 -1511
-491 -564
-2365 940
2480 3194
528 -2051
-1365 -2982
-3082 -2658
2608 560
1118 853
-2206 -2960
1084 2734
2812 2463
-2230 -947
1793 -747
-2424 -2405
1710 -3143
1601 -1391
2648 -1524
507 1119
-834 -98
218 3057
-487 -603
-1213 355
-1773 2440
-1235 -3137
935 2470
2907 633
2218 -2326
3072 -1122
283 2336
2457 -882
-1407 -2131
935 1254
-68 -3024
-38 -1481
-436 729
-878 1202
1459 1038
285 369
-23 2041
2574 1846
2279 774
2817 2112
2398 -771
2993 794
2314 767
470 -1796
-1309 2436
848 -565
355 728
-2488 -131
-2741 979
-3163 -2787
-276 -1853
2250 141
1228 962
-787 679
-340 -959
-2980 -2005
-2038 1915
-980 1963
1667 1428
-1742 -1404
2729 -550
1234 -1925
-2361 940
1128 -2077
2587 185
3066 2471
-2229 -799
1505 -58
63 -1650
-2171 1924
-2072 -2796
1731 999
-522 -519
1202 -1120
-1152 2309
-2202 -772
-2054 -926
2326 -434
-777 2285
-1648 -1192
-144 -1627
-263 1669
1493 2214
-435 -296
-1526 349
2166 -1407
367 -2306
1488 -2897
-2116 888
-2537 -281
2487 2562
-482 -2826
2892 -1796
-3194 -2673
-718 1365
1390 -216
2132 307
690 -2037
2220 -808
141 2781
3176 -829
-2931 897
1696 -2504
1451 887
887 -3022
1296 -97
357 1356
595 -1391
-1352 -1276
1903 2956
-1872 -1236
-2166 601
-1133 2162
-2195 2124
-284 1380
1855 2109
2411 -1463
583 213
1869 1004
-1886 -2692
577 -885
-1315 -2349
2370 -1664
1267 -636
2419 1761
-2887 -1805
-2386 -101
-1044 -2746
1086 -1034
-1712 -2290
1189 2135
-1064 -45
1956 2342
2472 -1369
2291 2482
2805 237
225 2652
-1006 -1661
1985 2073
-67 -920
1953 -2855
-2113 -2729
-1854 -1711
19 2934
-1389 59
-408 -2596
2702 -1033
2730 -2725
-1273 -1487
313 1712
-2780 2112
2802 -2567
-2104 3187
-2114 1251
-3182 1732
2662 -2229
336 -744
2955 2068
-2717 -1200
-213 199
2048 1355
-2082 -1418
-2225 -2002
809 -2527
781 2054
-1190 48
-1231 -1941
827 -519
-2751 1614
-575 744
-1958 -2083
2305 369
-1595 1292
824 -2724
2747 -2295
2422 -2887
-3185 -2404
-1682 -1934
389 827
874 -1043
-2264 -2683
-2104 -2783
-479 -680
-1438 765
750 -2019
1381 1793
3000 3128
-2409 -2705
-2049 1518
-2918 -1654
2233 2741
1800 1811
1126 2599
806 2077
-800 -621
-538 2090
3161 -2956
1642 931
727 1782
950 -383
-1925 -253
1339 -1241
1409 -973
1038 -2200
127 -875
-1493 -1352
-1195 -2834
-589 -1342
-2382 729
864 -599
2934 -2040
-2949 -1443
2594 635
3163 3007
-2678 -2112
2905 866
913 -361
-1996 532
2364 -2317
-2735 931
-944 -1918
-1225 1428
3109 1409
-1734 2796
938 2342
-2054 128
-2192 -1482
1969 707
-857 -1199
3121 -685
2917 674
-3184 812
2580 -92
502 -297
-1053 2033
-1114 87
2631 -201
-2235 2167
1581 1938
-1595 1111
-1032 -1553
-816 -769
2518 296
-2499 2122
3089 -989
-2163 -1472
-379 -955
849 -635
-3182 -215
899 903
-1573 -56
1627 1968
-2669 -2621
-3138 -1870
3050 -3095
404 -2818
-1987 157
-905 -701
-3134 1091
189 -2634
-2495 1362
989 491
-1766 -2183
-735 1007
-1798 -2666
-505 -423
2878 -1744
-1370 2341
-2186 -2927
2268 -474
-2656 -1395
-2319 235
-778 2955
-710 2909
-855 107
-1854 -3057
1445 1629
2930 1772
-2338 1780
-488 -1844
152 -685
-266 723
-2223 849
2751 1788
2137 2941
-2091 -2534
-1305 -863
2395 2912
2186 -2658
-2224 179
-2039 2415
-243 -946
364 2319
1981 2813
-2881 1356
1342 907
-1464 633
-1687 865
-192 1098
79 -2531
-246 3105
3132 -2484
1149 1656
2565 -988
-2651 292
-934 2721
835 -595
784 1352
-281 -267
-1052 -2505
-2864 -1751
-484 -1993
-2329 -2598
2485 -2806
-2524 1524
1035 2068
323 2405
-2374 -2742
-424 2031
-2433 2854
-1592 -1282
280 2399
1205 2042
-2116 1502
-3028 -1787
-379 2685
2163 703
901 2589
-1262 1592
-2231 -1666
2106 3055
-2923 365
116 -944
1510 -2559
-539 -2299
-3158 -162
-474 -3082
-1941 2085
-1760 -1068
-2704 -669
2 409
-315 -195
-817 1163
-1611 -2847
2581 -305
450 -1706
-1943 2280
2208 -3020
1222 1303
-2939 1938
2725 -1873
1002 990
-1866 1634
-2936 -3184
-966 -837
-437 587
2310 -868
-3176 -428
1906 328
-2407 1699
1323 2571
2892 -3172
-3080 3108
87 1727
353 882
-803 108
1530 -1544
-2656 3132
138 2315
883 1347
-3174 -25
-1367 3099
-1775 2802
-1972 -431
588 804
359 2699
-2841 916
-2759 2186
-2672 -1980
1527 -2614
-1548 -729
-396 1944
-724 -428
1740 1826
1129 -2235
-1852 2516
1998 805
1763 -2671
-297 -1482
2897 991
3030 2366
2673 -1150
-2831 -892
727 -2923
-2436 2126
1207 -1360
-903 -2853
2027 -1964
1212 -2246
-239 -464
1184 -1200
1420 2789
-2114 -244
-167 525
-2854 -99
1353 1409
386 -1187
562 -2778
-3070 -533
-616 2216
-3034 -772
-22 -2553
2111 -1757
1587 -2080
249 1530
-1830 2582
2074 507
-1880 1424
578 -1962
-3163 2889
-1400 560
-1460 1921
-1431 2016
-2396 -1775
-2289 911
2135 690
-1070 -1733
3162 -415
-1232 2005
-2320 -358
2756 -1060
1235 502
-329 904
-985 2822
-1267 -364
2606 -1478
163 -453
2930 3108
56 -2808
1233 1360
-314 -782
522 -1691
2720 1782
1272 -1185
590 -2147
2083 -688
-1628 3179
1435 -1798
-2846 1987
-1264 890
-2625 -237
1507 -1220
2793 2803
-3161 2594
100 2138
1447 -222
3141 1670
393 2360
-3122 1574
-2894 -2564
-630 -577
-2529 2257
1809 -2529
-2636 -1490
613 -407
1878 -3010
-695 513
-452 2440
-1289 631
-1881 599
-2671 109
2313 2029
-1522 -1479
-2381 1971
-982 1548
2455 2838
-840 -2763
-94 -2619
264 3108
435 -857
-2937 453
-485 299
907 2523
2682 -550
-2193 -2062
1874 699
-447 2256
-2527 -2170
2618 45
193 1260
1243 -2617
-1982 64
-1308 2555
1358 -2883
-1582 1918
-1605 -2347
-1961 2452
-1509 -2233
2357 -1775
3124 1882
-1948 1297
567 -621
-824 2895
-1553 2208
1014 -1599
747 2894
350 2576
-2703 2760
975 -3167
-2992 2187
1045 1117
-2780 -2012
1608 2081
1142 2467
223 -1299
-754 -303
2297 1205
-680 2784
1397 356
547 -1128
54 1476
1845 -353
-2367 -687
-3090 -3065
-1092 -2031
1345 -38
-2778 -2634
630 -553
781 -2903
-605 1159
873 -1856
-2113 1290
-1711 737
819 292
2820 243
1580 349
-2133 -2042
-1900 -451
286 -292
-1103 1513
878 174
1885 2803
-2670 23
-2406 35
-92 -2827
2471 -558
-2912 -2489
-938 -1139
-2138 1000
-1766 -2747
-2742 1088
2949 963
1525 775
-1727 1452
-1176 -127
2620 2501
376 -1378
-2329 -1560
1261 -1590
2628 1423
688 -2237
2200 -1893
-2544 -2218
1461 -646
957 993
1706 -1850
2334 809
-434 1772
1062 2566
-2215 -2215
-2733 -431
-1718 -2469
-1604 2900
975 -2094
229 1053
1715 2702
2583 351
-2480 3101
-210 1211
3168 -573
-374 -935
2471 -2238
-1899 -1635
-3046 -1264
2665 3130
-2382 -1900
166 -2139
416 -2780
1840 877
2216 1907
-627 -241
2198 2137
-1584 2314
1383 -1321
-1872 1389
-2445 401
2829 2360
2552 -488
1633 -2988
-2043 -1935
-508 80
-775 3038
1201 3175
-190 2533
-2063 947
454 776
-2843 -751
1096 527
-2826 1170
-1928 -1043
-2258 495
2789 -777
-1147 -508
1275 -2971
2443 2759
-2556 1184
1667 305
1035 -914
-1014 159
194 2933
628 -902
-2894 1626
-1611 -2765
-196 -240
-2773 440
-1911 -1323
-261 2555
-3050 211
2508 -1218
2570 2099
1881 -1169
-2187 -2314
-2498 1024
2960 -274
1675 1331
-1034 1740
2596 -1246
-2357 -492
-3182 -1937
1201 2966
-478 -2095
-1323 2351
75 1896
1921 2822
1541 -2273
-1718 -2572
2947 -1488
501 -1720
-513 -1958
-299 -1406
1176 -2057
1478 -1715
-747 244
2102 1364
-2258 2373
1960 -2918
3196 1055
-2879 -2567
2957 -1195
2509 -2597
636 -1150
-2132 -211
1690 -2787
-906 -1039
2303 2001
1248 1041
145 2029
-1438 -2735
1555 -1744
-2803 393
-2583 -1639
-750 995
2782 -642
-748 -541
-2551 -2418
1541 943
3023 1561
2114 3186
-577 2922
-382 -2044
34 -1349
-2598 -313
2205 470
-3179 505
-788 83
1212 3196
2459 -577
-959 113
-188 2100
-2444 2813
-324 -199
-225 -1559
87 2010
-2360 411
-2680 -2135
-2335 1486
-1436 288
660 2767
-2659 246
-658 312
2280 692
1719 938
-343 222
413 -2291
-3178 1056
2078 -2915
637 -839
3004 1046
967 943
-2206 -207
-971 -2244
1883 -879
-2413 2824
1142 108
113 -1508
802 26
1185 -2224
-2719 -295
-2232 -1656
666 -2516
-635 -1261
2533 -2184
-1191 -2855
-1233 -2968
-229 359
1973 -1242
2074 -2543
1495 -1670
-188 2037
-116 1063
-138 -1048
-3024 -2216
-1281 2003
2351 1252
535 -1657
2018 520
411 -146
2405 2065
2343 1077
-1354 335
1974 1766
1324 -2611
-2732 1436
-605 3046
2573 -1371
-1054 -2714
2111 -1958
2234 -2530
-1156 -2313
2594 -1824
488 -1790
716 -2558
-1639 -2038
-2939 3165
891 -1823
-1018 -1671
1232 -359
-1151 774
1707 -1777
2057 223
-2565 -1522
-477 -2527
1181 -1900
-1737 2073
-2893 1027
1375 2652
-50 3022
-3056 563
-2561 2127
-1752 671
2990 1615
776 -2838
2581 2076
-892 -2626
-2607 456
-1751 -819
-3009 1702
1646 -272
-813 3044
-445 2250
-1762 -1620
-2518 6
1641 1806
-78 854
-3086 1184
2608 -875
-1716 2173
-802 -1671
2450 1849
-466 2964
-578 -3043
-3073 2171
-719 -287
-903 -2483
1046 2832
-1070 -1528
-3038 1302
2815 -138
893 -2816
2621 -3110
1095 -17
183 2003
-1879 -1702
287 2418
2260 268
2532 -2595
-2196 2367
2749 2133
-1410 -535
1499 23
-1707 -2087
-2170 -818
-1197 819
-2288 -702
-1354 -1765
2865 -191
-1053 -350
-2684 883
965 2151
869 1672
-1960 632
-2809 -2614
-3137 -380
-418 1246
-2143 -1879
442 2903
-726 -317
-166 1358
-2311 70
3035 -1191
-3141 2154
438 1470
2885 -1353
2760 -1807
-2196 2480
2049 -257
-2781 -3110
180 2792
-1354 -814
-398 -911
-2918 -2296
1173 -955
-3040 546
-644 -1733
-39 -2628
293 657
1914 3107
2187 1811
-405 1822
2586 -434
-1657 -537
-1269 1044
-1352 2287
2269 2255
726 -2466
-1994 1591
2529 2155
-1688 -2680
2352 3168
-2441 1613
-1223 2870
540 2431
-2368 2680
3134 -602
-1576 -925
689 1402
1226 2763
2710 1716
-204 2835
-376 -491
2013 1187
-284 -402
-860 3189
-2047 -1856
2689 131
655 1306
1318 -797
-319 -1399
3060 2748
1177 2785
-1800 3197
-3107 -775
-2162 -802
-3006 1374
-840 1959
1113 2946
-2644 1181
2884 216
1327 -251
2972 2632
-1952 -4
617 -2792
-1 -255
-622 2872
-2501 -81
602 -1321
431 -254
-1348 -2369
-3097 -1220
496 -2733
268 2754
-1176 -2421
-652 315
-3196 2181
2995 -137
-62 -2244
1154 -2653
2281 492
2866 -323
-2437 1749
691 796
-2017 -1522
-1485 889
2367 2648
-500 -814
-50 -765
-1907 -1754
-2243 1788
-2260 -2787
-192 -1597
-463 -1496
-1191 694
391 2059
853 -1794
1613 -967
-264 -717
1042 436
1689 -3157
542 -1533
1888 2901
1265 3003
-1388 1462
-952 1642
2336 -2314
-2762 -2426
2782 -671
-1358 1841
-2553 2397
1200 -247
-583 2613
-1219 1759
-126 -569
614 802
1799 2248
2503 1842
-1384 -2845
2599 -1806
2567 641
-2199 1395
-1877 -2534
-685 1436
-2531 297
703 1901
-1079 2337
-1308 -2957
2435 -233
-1836 -2824
1340 2815
-2257 -1181
-803 -1261
1498 566
410 -2123
1271 -2256
2240 2919
477 1049
-892 2567
-1583 -1570
-28 1698
28 -2380
-1588 66
3047 -1998
-1932 2050
-3179 620
988 -1320
-3166 1630
-2118 -1117
-2261 -974
2903 -2007
-571 -2274
295 458
-1729 3105
627 2822
-1034 3027
-935 -1278
435 -1701
-2676 1174
2528 1414
-337 -55
-2123 -283
464 -3162
577 -1340
-1123 2333
-1845 1501
-2004 -3155
-601 950
2745 794
240 871
-2129 2820
1969 1811
2094 -1680
467 3065
-216 -757
-1516 -366
-726 -1420
-667 -1775
-79 -2762
-2650 -742
2133 780
2402 -1169
3167 2143
1100 -2574
-1140 189
-2673 -2476
-421 -1341
-375 -1678
-705 -639
-603 1125
-2049 -2198
-2848 -1765
-437 -1711
-2733 -2502
-283 -483
1420 1567
-2762 -2688
-3129 1454
2785 1528
1048 -2389
267 -3008
-1649 1158
-1444 1098
-2874 1913
79 -11
-1571 -778
-2674 1887
3071 -1125
2501 2369
-2954 -1260
-2672 1353
-1239 1373
514 1763
1485 -2721
-193 -279
-645 -3127
-1534 185
-2775 2250
1372 2727
-2330 -982
562 172
-2886 -510
-1150 -1604
1285 2948
-310 839
529 460
-1350 -1571
-3155 2563
-2260 2080
2918 730
-1312 -318
1942 -853
724 1155
-642 -2491
2078 -2090
1862 2790
-2544 -528
-2255 -1890
1819 2042
-1252 -2358
2646 586
1275 -2466
-1093 -1219
-739 -2819
-2761 1270
-1808 1012
2687 -1832
-1251 -2614
-2805 -1761
-1542 2533
2298 -2055
2326 1977
-2823 2783
-1428 -1628
1984 515
-3073 1189
-2071 -467
547 1049
-2844 358
1116 -1718
1397 -1637
1482 1561
-22 2088
1127 421
13 -2720
-255 2072
948 3020
-895 962
957 2104
1404 -277
-2337 -2766
-1982 935
-169 786
-679 2175
-405 2181
-1155 -2405
-1030 2961
1331 -2896
2543 1661
-2336 -2579
810 988
-47 -2126
-1663 1376
-2531 -2573
-2052 -1712
1617 1229
-2564 -1898
-57 1781
2293 2799
-1712 1607
-1132 -2106
1605 1569
-2620 203
2651 -2893
-2905 2768
1170 736
212 -102
933 547
1867 2053
923 8
-1677 -1207
-1041 231
-2532 -133
-639 -551
2807 -2476
-533 2232
-228 2922
-499 -1356
-971 514
-73 -354
-28 -3089
1303 771
553 -3083
-729 -2579
1356 -1148
-583 2753
-2411 -2151
-2845 -1002
-1200 -724
2673 131
2324 2164
3002 -3021
1761 32
-2626 -1512
-1594 1364
-3172 -1152
-1553 3168
1961 -771
175 1488
3077 -1213
-2873 -112
-2460 -425
91 3008
-1282 181
663 -2570
229 -3041
356 2942
-819 3074
2257 1680
-982 2468
-11 1825
1808 359
2436 2953
2694 -829
2141 -251
-791 2573
-2279 1150
-461 308
-681 -698
1349 -2517
1786 -659
-266 -759
-1909 2845
427 1905
1552 -1223
-618 1306
-647 -472
-277 -6
1804 -2031
912 3073
-1064 3075
-1135 -1011
5 58
2317 -2831
-1790 -1804
2350 -105
-3103 2290
-2751 -667
3087 585
-1881 2070
2914 634
-2421 -74
-2123 2012
1818 2391
2068 -638
2085 -312
-2826 2254
1597 2383
2881 -2186
2848 -3195
-941 -1452
-1775 -31
427 -1416
1005 -1308
-2807 3155
-2216 1634
1497 -265
-1311 -886
-151 1293
1356 2877
-2292 -718
-442 -2714
-895 27
-681 1505
-3019 -3041
772 2758
1423 365
-1313 1264
1426 -896
-788 -2874
2038 1585
-1682 3190
443 2074
-2034 -2020
-1628 1210
1206 2913
-1735 1637
745 929
-1476 450
1103 953
782 535
2610 -481
1632 958
-2533 2613
-3136 870
-150 2858
-1045 -499
-1622 -1489
2993 1525
-1351 -1993
1273 1583
-1740 1558
-1540 -3148
-2647 -2283
-2527 -145
1999 237
2314 37
1965 2178
286 -900
2316 3165
932 998
1688 -620
-2326 -1526
-1999 -395
-211 592
-641 2311
1008 3173
1432 1321
1087 2216
1168 1243
-1052 -1405
-1771 33
-1540 -3030
-267 -1109
-1430 775
2618 2653
-1642 -550
-1107 -2896
-2166 -2217
1800 978
2580 769
2314 -2702
-2634 1436
73 2821
3131 1452
-1721 1656
1207 1612
-2401 -2762
-2537 401
302 -2675
2553 947
2588 -3156
1705 -3009
20 -2975
-3110 2170
-1822 1084
2734 891
-2467 -86
2574 1076
-2031 1038
2664 1062
868 511
78 1388
-494 825
-2563 524
2971 2322
-2897 -1092
-1515 197
1484 1150
-2562 775
-386 -803
-2273 -216
1737 -2902
-163 -2289
-3187 209
-2252 2376
959 -1308
-1765 2431
-742 901
2143 -1893
-1529 1410
1341 1555
-1818 2430
2211 -278
1056 1776
2319 3079
-2792 2194
2839 -2601
-1495 -2820
-2137 -707
509 1712
-306 -1487
-208 -2124
-1016 1956
3026 -219
-1492 -618
-2867 -2233
-2867 -2420
-2035 1534
2527 30
1937 -612
-1941 -1388
-794 -1168
-1883 1772
-2514 -1855
662 3182
1056 582
2142 -542
346 -1192
-1954 -2392
-2250 1265
-400 997
1777 -1913
2784 3092
1134 1435
-1746 -402
-2890 3133
-2328 -3149
2981 -2742
-34 -1478
-832 -2630
2717 266
2708 -1507
-2903 -2185
-2671 -2915
2873 1137
-1016 1561
1637 1205
-1746 -1783
866 -610
-1204 -495
1072 613
-2076 -1648
402 136
-3148 -2930
-985 -307
-1413 -1045
1736 -2936
1293 749
-573 -1372
261 -3129
-2744 -2811
-2215 -6
-338 -1586
409 1303
1081 -1179
1577 2221
1543 1243
-1393 -1079
1133 2530
3189 263
116 -1978
-1770 2483
-1132 2167
-1081 2048
878 -355
-1199 49
2718 550
-1783 -2034
2736 -2551
-200 954
2871 44
-2461 -1065
702 2281
-32 -1181
1386 3063
1521 -1809
-47 -410
-3057 -223
500 1516
1074 -571
2479 -1229
37 -3017
733 -185
-1151 -483
-437 -1791
188 -2005
-1971 2487
1278 1214
-1530 2608
2704 2079
2734 1401
440 -1486
-1759 473
-361 -1150
2476 -760
2542 430
-2652 3125
-2997 -2736
-2675 -1368
1472 673
2478 -1283
2459 -383
494 3197
2239 610
2858 2647
2309 3146
1802 1494
2311 2564
-2256 -2988
2998 -1733
1492 2517
501 852
-107 1298
2775 -1923
-329 965
2201 -388
-2930 -215
-2477 947
972 1702
-2187 -1590
2379 3018
-1623 831
-321 -2365
1573 -2900
-530 -2350
1984 1500
1707 1639
2833 2508
-176 1206
2991 -1049
716 -2046
-3021 2007
2173 -1538
-784 194
-71 64
2446 -1410
-2354 -1603
-893 1072
114 516
-2550 -1142
-513 -1994
-2060 886
-2651 2855
-369 577
961 -851
-456 -1082
-2623 1158
1483 2398
-2915 2296
2013 2608
-2596 -1860
753 2374
2581 -1429
1812 2082
2937 886
1852 -1688
120 2321
1897 1579
1719 -1162
300 -1829
-2364 1663
-1707 1666
-2456 627
2237 -863
-2435 389
-2062 437
-2786 -3172
-1786 -2005
2425 -107
629 316
-944 -1193
-2310 1029
-2833 1719
1089 2307
1003 -1667
1872 -3123
-2502 -2216
-1627 3102
3088 1347
-1087 -1856
-956 49
1454 -719
-39 2934
3082 -3159
2941 3140
2217 -1982
-939 2502
1171 229
693 -1137
-2551 -3068
-728 -182
-2695 1724
1121 -3105
2295 -300
876 -2698
-2967 -929
-1768 1052
-809 1250
-2363 -2772
-2902 820
-1979 971
-1731 -419
-564 -3171
-2284 2134
-147 2203
2917 -3196
1087 -1238
-1809 2140
2417 -2210
2061 -1540
162 -1674
2284 2254
-2881 -2902
-2770 2522
1830 87
-2617 -3086
2888 -1021
-2786 3103
1564 2917
1054 1730
-323 2647
-2048 -2886
2116 2875
1462 -701
-2969 -2274
-1141 2868
1208 963
-2775 -1932
2187 -1941
-373 -1104
3134 -2030
-1642 -1870
-687 -53
-73 -51
333 -1363
-1260 -1478
1896 3005
429 2457
529 -2228
2502 3082
-1249 3080
-1225 449
-2521 -676
2777 2683
-384 2645
1310 -651
2547 -541
-1559 2864
-2391 2509
2636 1490
-59 650
1651 1085
139 -2149
1758 2785
-2792 -2580
-2957 -1362
-80 -3192
-2697 3123
-1345 -2463
552 -573
2481 -1739
1791 2792
-312 -3076
2756 654
-2156 1406
1425 -2915
-698 870
-897 1231
2338 -225
576 2159
-2447 202
-2522 -2268
-2564 -2905
-2556 -436
-2362 -1790
-2456 -3070
-2825 850
1265 2031
1791 173
1845 -1263
-2552 2136
-1659 -3190
-1746 512
-1256 957
-2861 -3155
-335 -2086
2091 -2227
-433 2107
1157 2416
-2582 -1251
3153 -1115
2835 -708
196 366
-1678 2115
2326 1318
3163 -1002
415 -1185
2699 -964
-1036 957
-2327 2602
-1298 1260
-1952 -194
-1318 -1692
1941 439
-881 2195
-835 -1675
-2837 2890
-485 -2967
1371 -2582
2049 1899
-408 -1179
192 2138
2513 -1566
1994 -2028
2536 2600
-62 605
-2886 -2793
-2495 -425
1116 167
1611 -1108
1122 1854
-743 -643
2663 -193
1369 -1948
-1749 3130
943 2797
-2272 -2448
747 627
-2711 1910
-1597 -770
817 -1086
-2752 463
-7 -887
-2127 -302
-265 -847
-2528 2073
757 -1726
599 -2912
-499 -1289
2402 2579
117 2203
-2589 -60
2922 -2350
-721 -1147
2872 -446
2085 -1427
1800 -2301
2471 883
-1109 2709
354 -1053
-3175 -2646
1805 1994
3000 1647
141 -1106
1768 -958
-1669 -1061
1596 760
-925 527
2015 -2223
1982 2883
785 108
502 676
-967 -856
1553 3140
1304 1683
-375 -1255
-1170 816
2198 622
2220 1341
-2621 -960
2420 1451
-3103 -702
2656 -986
-1113 -1006
306 -26
2304 -973
-2050 -2576
-287 1086
223 1080
3010 2835
279 -468
3133 -1680
-2642 -409
1833 2038
189 -2652
-1940 -163
2672 1065
-2228 228
-1779 -2486
1624 -1449
-3039 -3084
2846 -2023
686 2698
-3116 1769
-151 -560
-555 2451
-3184 -2578
816 -2137
2981 591
-2593 -205
84 1340
294 2398
-1788 1533
-335 2462
1368 -1392
807 2358
414 -829
473 -2621
3130 1545
-804 2671
-1841 3106
1047 -94
-1725 2846
399 -3114
-2547 -1947
-2970 -2134
2096 933
1461 -1004
-998 -1308
2625 243
-2253 3096
1993 -130
582 51
-1379 -2817
2831 2244
-452 1279
2580 -820
305 -2089
-813 1479
302 574
2701 3182
1334 1213
635 2335
309 -986
-512 -2185
-846 -2109
-2430 2091
2893 -409
262 -322
1995 -2602
-1238 2398
-1334 167
-1270 3025
2305 2127
2055 1032
2551 2146
-2154 -1376
-1015 1536
2338 -2192
667 -1090
1604 473
-1097 2347
-369 2467
672 -559
-3054 -1371
89 -2550
-2678 1988
-3191 -3038
-187 1133
-954 1723
1365 -90
1677 -1191
-2202 -3093
2174 3027
871 -1282
-2450 -1432
983 -608
-2612 -1855
1707 2723
856 -2897
-1783 -401
-2919 -2862
748 -1165
-126 1493
1634 -2026
2935 2729
1187 2265
829 2909
-931 -1894
542 -1468
-1858 -202
-3137 52
353 499
-2508 750
-235 2434
2242 1981
364 -2144
-1458 -807
-2882 -1553
1501 -3046
-3195 454
-1293 -1007
2384 2661
-2522 -2899
-2423 295
-128 -1499
1497 2602
-1691 1572
-1044 1796
570 2731
1566 511
2599 -2437
587 -1102
-256 626
3154 -116
-1215 -1347
-3057 -2423
-683 2336
-2180 -2077
2716 -111
1652 -1191
-1599 -2450
-3058 2159
-904 -572
2742 -601
-839 -1694
-2923 1456
-422 1363
-2001 -694
1167 -1502
-161 2409
3173 -827
-1114 -711
1056 -2486
1159 589
-1821 -1606
1842 -109
3124 215
730 831
-756 -2026
-2214 1601
-3116 3099
866 -2384
-385 -1504
2633 1203
3 -2741
-2393 949
1780 -1671
-2705 145
-2143 1165
484 2781
-3065 -2094
-77 -2442
2907 -2890
-2614 -1830
2085 1970
2085 -265
-2044 -1291
125 -2158
2840 -1584
1255 2711
2462 -1480
764 2345
-2910 2718
-1141 2164
-2807 775
3090 -754
-2799 2636
1095 -3149
784 275
895 1571
-2820 -2253
-2626 -1783
