-614 412
2276 -580
1787 598
436 961
913 -874
744 2187
700 315
-456 1913
1696 1334
1413 -280
506 131
-438 94
-938 1336
376 564
345 -1327
-1434 2138
-402 -703
-732 1194
2130 -1307
2185 1514
447 -1518
152 1644
1464 -1566
-809 1836
2181 -213
75 777
438 1969
-365 275
1938 -1841
974 -882
781 -1448
34 964
-504 491
1179 1476
1398 86
-1207 604
-539 -1683
287 -1007
-2143 1644
2212 74
-1463 -64
-239 -1262
950 -2161
-559 360
-1439 -2155
1113 -5
623 471
773 2095
-242 1387
153 1460
466 -615
360 1528
-1175 -1020
-167 580
758 -1787
1449 -84
-827 550
1067 -2022
-2202 281
-297 -1549
448 -758
1007 -1937
-629 440
623 -1965
-30 715
1788 -1897
2199 -1625
1130 1290
-1527 -1806
1751 540
-2063 -506
-182 1621
-865 -2099
2080 1727
1832 -1769
426 440
-842 -1678
-1469 -1242
-1849 -447
1793 -1757
1969 -1948
-1917 2094
1149 2222
868 -1637
1032 -2256
324 1351
-782 1908
-218 -1013
-2173 -369
-512 -1579
1663 -229
-129 762
-1916 40
-183 -2172
-530 -1258
-1086 -1328
542 -933
1328 1786
1990 -1581
-200 1607
-1790 2112
1531 -1254
15 682
-1415 39
-520 -1611
46 -209
1077 -2130
-748 1076
-576 -841
-1181 -991
-1080 -707
-2169 -1559
-1727 -1071
956 1859
-2289 1268
-700 -1054
-279 -123
-1423 -25
1212 124
-1582 -1702
979 1800
1006 1922
-2199 1636
-589 -2085
1488 -1001
-583 667
1029 -102
-1238 -733
-1462 -946
-273 -1250
-447 945
-871 766
-1017 1436
-825 1815
-2016 2060
-652 373
-770 -802
-724 -1953
213 -246
-1374 -932
1756 -836
1866 1984
-534 -537
-1009 1446
-349 2007
474 -1381
-896 1079
420 1700
-259 -287
-1219 1935
1977 15
-2008 -471
-319 -1506
1739 1688
-778 -1363
770 -265
1085 -1799
-383 1088
-209 1065
1323 981
-635 -1642
-1397 -319
538 -2296
621 -1264
-2145 979
970 2199
241 2148
1138 975
-1601 -190
-70 1967
1064 1959
1632 1208
-126 2010
254 -1054
1957 -1335
680 1661
515 672
-1274 -1325
-1195 752
-1228 1281
1035 1658
2170 -668
-1896 133
-870 -2264
2086 -2150
1041 -1751
1485 527
-630 -1477
-35 1216
1617 -206
-2228 1757
-547 689
-583 475
263 -1513
369 1501
1949 990
-872 -1546
543 -271
-1205 -1011
179 -1757
-1343 -768
305 -868
-2154 88
1524 1436
-1489 277
1247 -1074
1688 1383
996 -1532
-1590 -55
-2014 -1478
-896 968
655 -2078
-58 -359
1413 -1384
-1968 2066
1451 -103
-2047 -444
501 -391
-2213 -287
988 1387
1377 1747
-2201 -771
-31 1687
-312 319
1156 -1236
2099 30
-673 -1946
549 257
1839 708
851 1761
-1855 1780
-1917 567
19 -1560
430 756
1453 -1094
-887 -626
908 895
-1809 1266
2176 2022
-281 976
-106 524
-295 -1218
-1403 1836
136 2172
-327 -2055
-1995 -2261
349 -911
-2041 2051
1328 1889
-1666 -1610
-1347 1283
-2232 -1800
830 -135
-1683 -878
1840 -1388
-1750 -2198
617 1879
174 1881
-753 -977
1809 -348
1057 -1421
-624 329
-1816 1129
838 874
2144 -1773
1056 453
-631 988
1761 469
914 -11
1699 370
-1948 1151
1907 571
-1157 1240
-1092 -247
-1917 736
1029 -1746
-2179 -136
1257 93
-320 1600
1629 -1351
1252 -433
2172 -423
1032 -2137
-602 -1473
1182 -145
-2102 1231
-186 -26
-1563 1007
-2108 -570
2020 -947
214 -1533
-329 -970
-1627 1524
913 -126
91 -908
-588 -227
1024 1641
-1950 1964
-1663 -32
-612 -2251
-1930 -882
1859 -361
-647 -1249
-1504 -1348
742 1485
1585 1549
1855 -636
2098 -609
1448 938
-294 860
1777 -1829
-1587 1088
-155 -19
467 2253
-1202 -349
-86 -416
132 -1134
-2168 287
1764 -2249
412 298
-1572 1209
-1967 -2053
1856 -1720
-1383 -275
-1408 -1320
-1823 -1002
-1575 -2187
933 1089
-521 -1966
-210 905
-1926 1370
244 -449
-1093 -1471
-585 -2184
621 1252
2080 2174
977 -931
687 -347
598 1570
645 1961
782 603
1485 949
1827 -615
1422 1067
-201 -1951
-1723 -243
-2170 65
-308 172
717 -1451
365 -2062
721 -1505
208 866
521 -1751
1864 -1896
33 1436
-1132 95
1830 -1910
-1619 -194
813 1976
99 -1776
-749 2297
-1440 -1284
1751 2069
-2274 2074
-159 -410
160 -1665
595 987
-79 802
-69 1852
-1885 -1156
276 2015
707 -556
-1896 27
1139 -2055
-472 -1115
-669 -1680
1078 1654
-2142 -1787
-1083 1189
-163 825
-1193 -1697
-1503 -1713
-844 -1826
-2091 -121
1214 2055
-1183 1538
1939 634
-24 270
212 1559
-757 -1154
1653 -1754
1156 1883
2297 2119
1742 -1803
-1100 1919
1550 -1274
2264 -1959
145 259
-1097 1627
-1072 -757
-329 -1998
-881 -443
431 -2200
-1750 950
-153 -36
1606 46
394 -1184
1361 762
2210 1894
2264 -1716
-953 -2186
1183 -646
-1809 -2281
-2033 -1156
1074 -1579
1249 420
2180 1058
34 -911
-210 -857
-183 2286
2155 -2103
1768 1057
1801 -893
-1496 -1169
-1712 1814
-1387 -944
-1112 1605
-36 -1344
44 233
-1544 -1567
1952 2226
1660 -1004
652 -179
2088 -1980
75 115
-1441 -820
-511 -1415
-586 -1380
-1351 -1534
-514 1639
1578 -1481
540 -90
1902 -1722
-1314 186
-1917 -978
-2143 -133
-485 -223
1611 -2160
1825 -145
103 -1844
-284 -561
-1813 1039
1472 2154
55 1514
665 -687
-1318 -1973
-1907 1776
729 -1946
32 483
126 -694
-789 -2023
812 2011
1234 -330
718 -1507
-1592 204
2149 195
-1014 -110
1434 -1841
1849 -1467
2071 529
1512 1315
-388 -1933
-1285 -2228
-1087 -2143
752 -683
-1191 716
-997 313
-1221 -98
837 -471
613 -1709
1178 -1354
-964 -147
60 1057
391 -1777
1659 -1724
-1320 -635
2105 1329
966 -1424
-1718 919
-464 -1654
80 -970
-489 355
851 -1419
168 -2181
2205 311
738 -2154
-1364 -1920
-646 -1070
-1004 -2173
190 -417
1376 162
-529 694
-1699 -924
2181 369
197 1046
1382 255
-1852 -2294
128 641
-518 -1977
1871 532
-1575 -1238
-95 476
586 289
1272 -858
1872 -1567
-2155 -2129
-1208 1335
-2109 -2021
1918 -623
964 -934
812 -881
2141 425
2108 1277
-1308 -738
-2192 -302
-1302 1083
-2008 -575
-1017 -1011
102 843
2277 1689
688 2251
-961 -1635
1846 -616
-329 622
-1480 1735
1166 35
-2059 -1883
-475 1147
-1987 1899
1520 2114
1945 -1460
-1406 1919
1565 196
160 397
1008 -1058
871 -1215
997 1743
-740 1906
1218 187
1806 489
-1661 273
-1191 -2284
531 -339
-1868 2267
2013 -1134
343 603
-1032 970
2190 384
-1726 2039
-1862 1218
532 -783
-589 -1484
96 -646
-1710 1173
-746 -695
294 -640
954 -1395
1456 2052
-1908 1787
-925 -970
-2258 2280
1155 677
216 2267
1915 -1652
-42 1435
76 688
705 892
-1095 281
-1426 -2048
2040 1085
-1345 1306
-991 740
-2072 -1720
-1853 1718
259 -2120
-54 -524
-989 1080
-966 -2173
-1640 1872
647 -805
-1614 -2207
705 1345
-2098 1879
-446 -1043
-810 1631
-2056 -1017
1508 -1125
1329 -1768
-431 2156
-542 2054
-677 -262
529 1594
-1309 1201
93 -783
-797 1461
-682 1363
1796 2005
-38 1564
1139 -576
-2151 -581
-2274 -746
482 -1865
276 -969
-1669 1827
-1527 542
537 -216
-1708 2008
481 -779
1520 500
-1388 987
-554 -446
-526 2225
-991 162
-1203 -1569
929 1117
-1390 18
-2031 -261
1284 -589
2125 -67
-491 986
-1407 -128
480 260
-1276 -1638
-1864 -1720
-1727 1626
1276 -1105
-2206 1076
-2222 -1472
-1729 1203
727 969
-933 240
581 206
256 -482
-1441 -1301
-786 1007
259 -2161
-527 1939
-151 -919
-1111 -1183
-316 1988
869 -1561
2008 96
-1985 482
70 1770
-1736 -1675
728 -1469
-1822 -1731
1578 105
362 1721
76 -734
-76 445
1115 142
21 -1916
-656 1628
2298 2215
1885 1804
449 378
-678 -697
-648 -1793
-229 -448
1654 538
-1709 -687
1624 919
175 1230
-1257 -269
-281 2284
1444 -1564
521 1603
-1158 1320
-358 -2213
-228 2055
-1059 1722
180 -1812
1030 2061
1878 -110
-1165 847
2202 983
-2186 1044
739 1561
-1447 -833
1720 -1332
1152 -1509
313 1556
-2028 127
306 1421
-2243 2187
-1341 -1940
-290 -2278
-1372 -220
-2081 -1397
-790 -1668
2259 -353
604 1576
960 -382
34 -2044
1888 389
829 1242
1279 -2193
-510 711
-1716 -1163
-1207 -647
-1625 -977
-1987 -293
76 -233
1865 -1738
-1652 -1369
-38 -1986
-57 -457
-1493 2025
154 -1142
2136 964
505 -1161
-695 -650
-2187 303
-1803 822
-1366 -975
850 1453
-1279 -1609
1713 -1297
-2127 -246
-50 900
-380 -1733
-239 -641
286 -1937
-1750 -816
833 -1537
-1509 -1599
-839 -358
-1679 -991
-1979 525
1302 1068
-260 -1124
-2060 966
2190 1806
533 -2183
-256 409
-277 -555
1891 -1261
399 -2055
554 -242
-821 1358
-1158 1477
-1992 -1773
1491 -2012
-1814 465
1013 2146
2255 -732
-214 -2083
99 2129
919 1053
1367 -554
1566 -658
-1009 1395
233 -1373
-2046 -1330
-224 -1765
-311 -2230
388 -72
1654 -690
208 548
676 -2167
-421 1596
-631 2024
-1291 -1967
1785 -604
912 1188
-2203 -50
2219 1830
-1372 -1973
847 1048
-369 -1134
-999 747
433 -1845
1742 -1609
1209 120
637 2053
-1265 -1713
1567 423
-550 -784
-970 1026
-560 -772
-2285 -1301
1613 -1076
101 -2014
2049 -2046
1621 -987
388 160
-1886 -1272
-521 -69
2280 1934
2149 -614
-584 -184
-495 1012
1837 411
-406 -573
-1369 -1868
1021 1621
-761 2201
1896 425
-1 838
2025 2054
1450 -1303
2087 -1503
-1620 -728
-2201 -2102
294 593
1704 -2112
1133 197
-2079 297
1332 -151
-2291 2143
-1512 2067
-113 1195
-861 -898
-1174 1552
-1896 -1807
844 -2059
1489 -2098
1606 -1710
1555 -2023
1334 -303
-866 995
251 1419
-671 -1357
2053 -1018
-273 141
-396 -1309
-2247 2055
413 -1380
1933 1598
1859 567
385 2220
-569 1573
-1623 -2165
-1504 143
947 -1070
1198 1021
706 -654
59 1882
30 2240
-202 43
-1594 -212
-376 1918
-814 -1821
-1216 -602
-1314 1833
1452 1572
706 -985
1406 -1159
1582 2257
-811 -1083
1211 -964
1021 -1227
132 1551
588 939
451 -1740
310 -645
11 -1315
-768 -1154
1931 90
1703 0
-977 1801
1731 1940
1491 482
-86 -1330
1336 -625
-638 1332
-2083 1111
-541 762
-58 -1493
-465 -1984
1032 2010
-1595 -2030
-79 -995
-855 1045
55 -723
291 -1847
-88 -1597
-887 -711
-1255 796
-2228 -98
2077 76
-357 -1251
-356 515
1444 -220
-2177 -2281
-371 -2150
236 76
-110 1772
1888 -1995
1816 -416
620 2265
297 -344
1587 1844
-1123 -397
423 -1606
1199 711
1872 -867
-528 863
646 537
-1608 -608
-1478 885
-1820 795
-309 483
2058 -729
-1964 399
1272 -691
1523 591
-1714 -1217
1624 1
686 -1082
-50 720
876 -22
577 1931
1304 1586
657 1331
146 -496
-704 1031
776 -1124
1281 1224
-1669 341
580 -323
1694 -906
-1931 1702
361 1199
-639 2114
-934 -1659
1483 -2067
159 -198
-50 1773
2181 1247
-1760 -795
-907 1468
-489 -818
-671 576
796 1330
-2157 -2071
1132 1959
352 817
-93 1219
648 2055
1474 848
-1187 1830
339 2145
-1549 -23
306 -287
226 -2236
-903 847
-198 538
2191 -809
1867 1608
1120 -701
187 -118
126 431
-706 1113
-1491 -2247
-2282 2012
1112 -102
-623 1320
1357 427
-1293 -1788
-1653 -2048
-2285 1952
-2070 1926
-763 -2120
-1681 -873
-908 -1800
-1023 1859
-1093 2159
609 1497
-229 -1951
204 -341
-1636 1428
-444 1334
-1222 -202
1617 954
-2288 697
-98 -1023
673 -1206
-1760 -983
306 -75
-1715 2197
1060 1550
420 1704
-71 -31
-1421 1501
-2171 -1029
556 748
-466 289
1453 -1279
-1319 -1273
1912 2101
486 1631
1656 1256
1250 1846
1083 -1916
-1032 483
86 1231
1448 -1763
685 -2241
-240 59
2070 1396
-559 1889
1295 -1444
-993 -708
1992 -1039
1413 429
963 -502
-941 681
1606 682
-1984 -1589
-413 1127
76 799
83 1107
-1867 -844
1972 -1800
1623 1975
795 -440
-8 1024
799 -60
-1981 2076
-1776 -700
-1057 -2192
-10 -1183
-1625 -1388
1474 -2240
-976 1642
2189 -1440
2195 -1444
287 930
1145 2233
198 1639
556 -1157
1325 -443
1707 -1915
-472 250
442 210
1536 2287
-209 2022
-773 2134
1965 -1351
1068 1345
-1576 -1982
1860 -453
1940 1035
-1579 367
369 2272
485 -2161
1842 -2279
-965 664
47 913
1996 441
-683 720
686 -322
1911 -2279
195 17
-1235 -195
-1603 1350
214 1742
1650 -910
-512 -1970
2112 -2078
-1214 1955
1607 1784
-795 -309
1779 -1265
-1167 275
1516 -2278
1320 -426
-437 -1120
-1090 605
-80 1580
1672 546
128 -2227
1759 -75
-3 1464
628 290
-1750 -435
865 993
-17 1514
146 -491
-453 2009
-1070 -1604
-1733 377
1802 -2288
922 -29
1213 1171
97 1275
-129 -985
1007 -1310
1441 78
182 -1196
1565 942
1673 912
2122 230
-584 -912
1844 192
-371 2091
1890 1847
132 -2275
-2238 -167
457 1443
-1403 1576
-984 2047
-313 -1006
1214 1007
-1726 596
-2062 1435
-2127 -2157
-765 -1837
-1790 2292
-1007 2107
383 1174
-1429 1258
931 1793
1683 223
1970 523
425 -2085
2048 -1534
-1579 -1770
2212 -1366
1879 -55
1858 -840
-2197 367
-806 -1319
788 165
-240 -408
525 -2002
1151 1389
1251 -468
666 1372
1102 -2060
-1542 -855
1417 1976
-602 -847
-2262 990
466 -1281
1741 -321
2097 2297
-1572 -75
-902 -357
-651 255
-2213 272
-1255 -1577
-1821 -1072
-273 1293
1198 -1761
-128 -1648
333 2060
-108 -1796
-518 2142
-1363 535
713 -1710
-436 2136
-151 -687
2029 931
1278 2016
1381 -163
-766 121
240 2062
628 1021
-793 52
1744 451
-1003 914
-1633 -1577
640 -493
-730 1811
1552 -1550
-1076 610
2295 1538
1936 1731
2002 -1149
913 -2248
-1536 902
-733 1609
2160 -63
634 -1603
-793 1160
826 2114
996 370
-1886 1501
-1780 -1162
-1863 -1171
-1242 -196
-205 1892
2183 -1512
-1086 1128
-730 1468
-640 2162
-126 -274
720 1898
-348 275
2096 564
-1177 -318
2202 1562
-773 408
-1601 -827
920 242
-520 -2064
770 1793
112 -441
1035 1411
-834 1685
1390 1730
1612 389
1946 77
-2101 391
-947 -656
16 -1329
-1424 808
-1047 -2299
563 875
-1463 2143
697 465
-307 2272
-465 1947
868 1671
-1168 1557
-228 -1293
-183 -2276
1103 805
-25 14
-1682 -1765
37 -584
-2208 -1517
-1205 26
109 1296
-1364 -63
2116 1340
-559 -691
1289 -345
1731 -1734
2124 695
1885 -268
-82 -321
-1100 18
-2141 2173
1252 -1792
-393 -1031
1910 295
-1946 -655
-843 1236
-1351 1415
-1194 1987
-1073 41
-398 1928
-425 595
-1151 -275
-971 -976
-41 1993
1649 492
42 -1248
-602 -1244
-2118 1415
-252 1127
1850 1192
-742 1863
-625 -784
414 2010
-1701 -888
-1370 1155
567 -703
-1938 -709
-1798 1123
1981 -1156
-277 -1906
-2013 -399
813 859
-213 367
517 922
-719 1192
-1097 -854
-1972 -1637
1030 38
-985 -138
-317 -303
1197 258
787 401
2049 133
-98 481
-1850 -2241
-429 870
-1023 -469
-207 -534
1244 -1610
-330 710
44 2294
-879 -2208
1840 1269
1369 1240
-2155 464
-2094 -1610
682 -1826
1045 1203
-459 -598
-2029 -813
1531 -642
-2220 -610
-888 356
-2013 -379
90 1922
1753 795
474 1062
-1136 -1104
1470 -935
2028 741
1076 -1730
670 -2190
-650 904
-314 740
-1483 277
1014 -1303
-1624 1935
1823 636
1079 -1098
1377 -820
1454 1493
1886 99
1250 -1374
1438 -384
-221 775
532 -2296
1194 -531
-632 -788
-47 -2280
-1812 -19
955 1425
-1161 -1619
-458 2165
2032 -1240
-721 -1687
1635 -1554
-1678 -1681
-757 485
-1706 -1032
-1908 135
254 -1176
1323 -844
-125 -62
957 -1109
-837 181
-1307 1826
1006 520
-781 -875
2018 -84
1611 657
1273 366
-630 1749
-2259 -2094
-254 -1861
-88 -778
756 -1370
1303 2017
356 157
-2175 1123
1200 -449
543 -465
-1925 -1527
-1889 -1077
1416 -1124
2189 -379
1795 2128
-192 -1060
935 1792
2176 213
1527 -913
-904 -470
-2257 1191
889 696
-1572 1914
-439 -517
437 -193
1085 -1169
1568 1306
2070 -1696
-1548 -1458
1047 -999
1966 1956
1158 2214
-2006 1922
1212 161
-79 -911
2167 238
-2019 705
-2274 2030
1868 -1149
950 69
2123 -1348
1877 216
742 -1636
-2123 -1578
-1084 -163
1360 1933
915 -1244
-549 853
-1187 -1820
1200 -1516
-1789 1462
-1222 252
-1780 -1732
-1787 2061
1380 -979
889 -922
-1295 1067
1538 -2032
-1373 335
-924 651
-653 -315
1386 274
-748 -1838
-1887 1703
924 -726
868 -61
1137 -740
2048 1133
1963 -1837
1533 298
-1975 -325
340 -275
51 1779
-8 266
-818 320
1091 -1141
-857 -438
-1060 -1774
-1632 -1824
284 -1735
1734 1727
270 -1133
342 0
-2125 -1443
-1829 -614
-312 1666
-1848 784
-2085 1697
-1356 -2225
-1203 1536
-2070 -871
98 -974
-1767 2199
1204 1055
549 -1349
383 2102
1075 -1643
1690 -1902
-2229 947
1166 -2093
896 2115
1685 1196
299 1301
407 932
292 1958
-1973 1928
1325 -462
-754 -1371
493 230
-1096 369
1043 -1858
-195 1813
311 1706
-2104 1408
-1981 -2255
-1749 -1168
-1916 1536
-908 2073
1624 1177
2281 -236
829 -1835
-1107 347
1284 1694
2220 -636
-78 -1815
1411 1930
-338 1090
786 1338
-2003 -358
-1661 -2070
1835 -1213
811 -654
-1890 1214
1705 -1969
887 -68
-1497 -196
733 -1482
-1673 -2160
1451 -323
-1218 -1978
147 -1156
-580 -570
-248 -1428
1416 -375
482 -524
1309 -1696
773 -647
-206 1075
-724 18
814 -1704
-2004 966
-1478 587
-2085 745
-1494 2120
-1367 2188
2019 1519
-1693 -68
-2246 4
-899 782
992 -958
1468 -336
-557 -1605
583 -1712
-1355 1867
1856 -1407
-2026 -1514
-712 -1363
9 -639
41 1836
-869 1065
2165 -781
-614 1671
2259 1169
-1265 311
405 1688
1932 1141
-485 -570
163 -658
-228 2027
1710 -1263
-1712 -2217
-1848 -1350
970 -1336
543 1214
1226 -948
54 1731
-754 -1153
1461 1715
-1644 -1329
501 544
-118 10
-970 -1018
-1708 362
1297 1170
1492 2182
-811 1167
1315 -1793
-580 -533
1305 -1697
1237 -1819
1254 1286
462 1551
-397 796
-118 -2004
-1444 -1112
1069 1202
23 -1631
2065 -1824
-1206 -58
19 2149
-996 266
-782 -436
-317 977
2194 -408
149 -136
-2270 64
-1636 179
-804 2055
-1479 -1260
2 -420
1300 1514
-1049 1017
519 -1023
-231 -2280
1885 30
-1641 -704
-937 1371
1327 -744
-2220 379
1222 -1253
-359 -2225
-84 2040
1575 2174
832 762
818 2149
-473 -1556
-473 1930
-484 615
-485 480
-1479 -453
-1782 -1892
646 -764
479 -196
-1363 444
1233 690
1728 1968
1431 -1003
2230 -618
-1818 1931
-86 -1991
-28 -492
472 591
-963 -597
-489 -1857
620 552
-2179 847
677 -1946
-1670 -1990
1413 -1939
-403 -2292
-947 1950
-102 2004
482 -1401
1086 -1241
565 -1711
-1477 328
-214 858
-700 -1463
1218 1830
324 -167
-1920 -367
-910 1328
-204 -912
1911 -1167
-1376 -642
288 -951
2120 692
1323 -345
-1602 -2135
-344 -1528
2193 2167
2012 1992
423 -1288
1175 124
713 -555
-599 -471
-123 1219
1831 -2167
-1499 -346
463 -1200
1669 1311
-725 101
40 1010
-807 2271
-491 569
1 2042
-861 -360
2085 -113
-620 -903
-1398 -1287
-1966 -541
1205 750
1400 -486
945 -1505
2031 -2146
474 -255
2263 -32
-213 878
1924 -815
-370 401
-1086 1188
968 750
-1035 -1063
-2181 342
-1793 -1429
1781 -307
-469 2062
1742 -1481
1658 410
-1023 1262
-214 2235
1452 1844
-35 -418
-719 669
144 1653
2184 778
-731 1869
1810 -1273
-1445 407
-560 -474
1183 -832
1144 2170
115 574
1818 -879
2236 2240
1135 1157
-1070 -2270
281 -1615
1431 544
-1470 -1297
-380 -1862
-128 674
1118 -1651
-2218 -2213
-101 -167
1061 1762
1349 1509
18 191
-672 1137
-1544 -363
-1788 659
2249 -1312
-646 131
1320 -743
-2176 2268
-1931 534
2260 313
-1233 192
-1010 -784
-138 1822
-585 2081
555 2229
-127 -947
-2151 -1084
148 2166
463 799
-2184 -703
-2124 214
1979 1338
59 424
-1449 -1988
396 -1991
1767 -1162
1938 1906
1620 332
448 -657
1437 -871
2180 -1622
-1024 1100
2170 -255
-220 -2050
-850 -1971
1846 -1460
1159 1063
-187 -1461
120 526
1768 -1543
-482 956
-2033 -285
-851 -2133
-1841 1800
-12 -2242
649 -191
1958 -2077
612 1752
332 398
-49 1794
-16 1185
-1969 -718
1043 1992
-2247 1542
-789 237
-1766 1246
-759 1043
-1489 2029
-917 -867
-911 -1522
-2041 -978
-2143 928
1808 372
1692 610
1367 743
-6 1326
217 306
-2065 -1390
-173 -801
1347 -129
-774 -1830
-698 -1544
426 1177
-1282 -189
-1652 2079
125 -758
-1193 -579
-1477 931
1816 -1887
-346 1633
810 564
263 -2263
-152 1465
1430 449
1273 -1509
2098 -11
-897 1737
1674 -972
-1417 54
-632 -1138
2208 1837
-2151 1412
629 -289
-1348 903
-1728 1636
-811 -659
1878 -1505
2100 181
-69 -604
-896 -243
-128 -1605
717 -704
-1976 -2237
-694 1748
1011 863
-1957 -2071
481 2284
1891 -1482
-1189 -1993
-584 2137
1236 1531
1721 -1632
983 1290
-247 -1669
2050 1859
-1183 57
-1153 2023
-666 -1945
-233 -2171
1043 1579
-895 -1862
25 -1371
-227 -401
2276 -1595
3 2222
-61 240
-1919 607
627 1970
2010 2061
1045 462
-266 -29
-1774 -58
1713 -2110
-552 -1316
-188 1994
-1164 1734
1593 -2048
-1863 -1883
1665 -853
-2295 1116
463 2258
425 -1200
955 1183
613 1679
-465 1038
-1403 -881
-1390 -537
-163 -894
390 1667
1039 1587
1188 445
1478 -689
-57 -2121
-266 1314
468 1332
1991 900
-2262 -1457
1845 1185
-1176 -1882
1438 304
-3 -90
1987 2294
934 -2091
-380 941
1258 -2092
-1776 2146
-712 -692
513 -330
-703 287
-348 2082
500 -2208
1053 -1420
-1108 -485
2158 -1079
-1962 588
1190 -710
-1978 1889
2081 1392
449 -108
-226 -2117
1768 -2098
-944 -1948
3 1598
1682 -237
-18 -803
298 -2260
-2269 934
-1551 1269
2299 1870
-1696 -2014
-335 -167
712 1015
-107 -850
889 118
1401 1124
-364 -707
400 2094
485 -2212
2246 -1459
-2279 215
-1457 475
695 140
-628 1045
2259 244
-1022 -453
-1477 278
966 -2178
-25 -1542
2170 -1807
1193 -1467
1904 1323
1545 709
-1426 451
1269 -1928
-10 -1184
2112 151
-850 1791
475 1898
-1381 -1874
-665 552
-1936 -1537
-953 31
-1970 298
197 -1814
-929 380
1912 1243
1457 -178
-543 236
-893 1567
2219 -761
-726 -826
1189 -2220
-1461 1317
421 -1044
1141 -1915
-326 1186
-1743 207
-1277 -232
-1260 1760
-2065 -1475
174 2008
-781 -842
407 1544
896 2283
1224 -1465
-1584 -1224
-438 2189
-621 1313
-288 -1619
-435 510
2119 892
-837 -601
1798 679
997 -191
108 -812
-1311 1051
-1288 134
-1990 -1617
568 1129
-515 -539
1319 355
155 -191
-763 -1629
1203 -340
-821 -137
-1976 -1314
1240 -929
-1332 766
2009 -924
-1348 -1857
-1041 -2270
-509 258
776 -448
1526 -334
-2216 392
-810 1619
-541 104
-134 -2262
2262 16
-966 -1356
-1639 150
1003 -842
434 336
1262 -1786
-431 -1173
1071 630
-856 -864
224 1948
501 -2081
2120 2001
-1356 -647
-1656 1645
-2155 -555
-43 224
-1619 -1975
-1214 -1410
-2269 -956
931 -2276
-1833 801
1427 -1827
1552 493
-1711 165
1529 540
2299 1398
-2224 -365
773 -1824
1548 2199
-2197 2198
424 2090
424 -2275
-336 -1953
768 647
1314 -2204
2160 -568
-1322 713
-1623 1903
-1380 399
-241 -1611
-276 -1007
-720 -544
-1278 -1337
165 -938
1925 1412
1063 2206
-153 -777
1415 -424
20 -2000
92 478
-665 924
802 2046
-628 -1646
1350 1763
-1461 -379
689 945
-49 1739
851 1397
-1087 -688
-1107 -726
-1403 -165
1720 -1693
-2224 2048
-2277 2235
249 -1079
2007 1478
-1991 761
-2070 -921
-2236 -1120
-747 1617
1078 326
126 98
679 861
-1842 -1465
-54 1357
636 -838
1286 1688
-318 1236
-1256 1921
2048 61
2038 -1423
1611 1560
-105 -52
114 -2245
-438 1322
435 1611
1641 -1333
1780 -114
1007 -349
-735 1565
-435 123
1484 358
-2102 149
129 -1820
566 597
408 1850
-1479 18
1497 -515
-810 -1707
-1876 1339
311 531
38 -2111
645 1812
2210 1035
978 -1255
1389 1480
1329 1504
1394 -2117
1117 -1734
-167 -947
-301 258
687 -2073
-1825 -1705
-1648 -2266
1172 -830
1962 1814
385 -530
-922 1850
259 143
-1447 824
-1531 1813
1076 615
-2158 1341
-1583 981
-410 -1175
2210 1150
-2255 -732
-453 1971
-720 502
-1693 1948
1407 -1327
-1131 1295
-1872 -343
1677 782
2286 385
2006 -1313
1013 -612
920 -1141
1111 -1847
-2140 -66
2226 -22
1342 937
-83 -1712
1075 2014
-2280 998
1237 -1495
-1716 -1087
-148 -2191
-2066 1965
-337 -2185
-1998 103
1857 -1620
1980 -161
-958 -596
480 -2193
-387 -1607
875 1206
-667 -2210
843 -1658
-194 -34
530 -842
15 2238
2114 -529
-5 -188
1104 -630
-304 -2160
529 136
-333 2089
-697 1719
-1891 1853
-102 949
408 891
-1467 1247
1822 -1114
-866 32
1658 1702
-789 -122
-695 -465
-613 -798
-311 471
-2172 -1566
961 -817
185 -211
-1403 1094
1554 -560
1718 1077
1135 780
1848 1483
1910 1757
850 2248
-720 -698
57 -891
-632 1439
-1288 -1654
952 -817
-565 -918
1718 561
1604 216
-845 -2234
-1506 -223
-1619 -697
-1883 1010
1963 379
1166 1146
1354 -1664
265 -658
917 -1857
-818 -746
925 -1686
89 1180
-619 2215
378 640
-1885 -1808
1720 -2072
1328 -1133
1319 -621
1069 -115
273 2015
72 -1016
1546 -1269
-2096 295
890 1804
-1559 -1931
1568 -466
-2125 -1083
2182 2228
1049 -323
1412 -1829
-685 -259
-1712 1433
-1309 -1177
-668 1320
1488 1169
-292 -1421
-1857 -2188
598 1449
-690 980
634 350
153 -675
1478 753
2174 -1478
1029 -558
-402 922
2015 2194
-235 499
-340 651
245 -2116
1214 -2146
1157 1034
-336 1173
866 -2158
-1633 -260
-1196 -159
353 -1594
-2015 1249
-2208 -1633
-187 -686
710 -1439
1115 -563
1643 -2242
1405 677
-201 513
-2291 1757
-438 677
76 2073
-1165 -543
-677 -1262
1907 -1550
1006 -1955
1662 899
-1856 -805
-1128 -2143
-2 -603
2250 -100
-103 -68
278 -800
-1240 1599
-336 1135
1336 700
-695 1696
504 1191
-761 227
-2108 -1073
-1197 -1408
-1601 -143
1300 -388
-2268 981
963 -923
-1880 1354
-1734 70
1331 602
120 281
1968 -1551
2150 2132
-1285 356
1295 -668
-1911 -1272
1439 2132
935 1423
827 -1359
-464 1354
439 1058
-700 -1479
-40 132
-348 -1045
965 -534
-43 -470
-772 -946
1188 1762
-1024 -1116
2086 -1457
839 -1618
1739 -459
928 -882
614 -2193
1374 1581
-1390 -1302
1351 340
