5 -36
-4 8
20 -2
-2 -9
-15 17
-4 15
10 -43
18 -24
-15 -37
-19 0
-23 28
21 -6
47 -39
22 20
12 32
-40 -28
-30 23
-49 -30
-27 -3
-22 -48
-2 8
-1 -16
-27 11
12 16
-3 -49
46 -35
-1 6
41 -18
-11 -26
26 -8
-13 38
48 -25
-4 38
16 7
-26 17
-22 -46
-47 9
43 -4
25 10
-37 -44
46 43
-19 -16
4 6
-30 48
12 43
-2 45
23 17
-5 46
2 22
-6 -18
-14 -39
-4 17
-20 -16
49 -2
36 45
42 -29
31 -13
44 27
-41 -47
31 17
-6 -18
44 44
-16 -11
-3 43
18 24
-41 -23
12 44
-5 38
-49 -16
4 19
-42 5
-31 -44
-21 41
46 -4
-42 -29
5 11
-26 16
-11 25
23 -6
43 47
45 -28
39 -5
19 -47
1 11
-31 -15
-22 37
-20 6
24 22
-38 0
-15 -33
22 -6
-29 37
21 -13
29 29
13 -15
1 38
42 -42
20 -37
-14 0
24 -12
-15 44
-48 -27
13 39
12 41
-49 30
13 -25
8 -7
0 7
3 -35
48 -40
-18 37
28 -12
33 40
-26 -31
-23 30
0 45
34 -8
-13 3
-4 46
30 -6
-19 39
34 5
43 35
-41 -29
-6 8
29 -41
-20 -14
13 -19
39 -25
11 25
46 30
-43 -1
7 28
1 13
18 23
-25 -45
-49 -34
16 19
-10 -31
43 -17
-5 27
8 14
-19 -8
37 -35
43 -39
-34 -43
-38 -18
22 16
37 -28
-9 -45
-10 41
-39 7
46 -5
31 5
28 21
38 -5
-3 -14
42 -8
-3 23
-32 15
-32 27
-7 6
49 20
31 -15
13 11
-46 39
8 0
-19 -26
-17 -2
27 47
-23 39
-6 -34
-48 17
15 -16
16 -19
-34 35
-10 35
5 -22
-25 41
-20 -26
25 -8
-41 -34
-24 2
-23 -33
-20 4
19 30
22 43
37 5
-24 -17
-46 -1
-16 20
27 -25
-30 2
22 -8
38 8
-14 45
25 27
30 -49
20 -46
42 -18
-46 -13
1 -37
-14 5
6 36
-18 32
-22 -42
-19 28
-49 -24
13 -40
-49 -22
1 6
-7 -19
20 34
-45 3
-38 -9
-49 3
45 -21
-6 18
6 -38
5 -15
23 12
-23 30
-46 4
19 45
-43 29
-9 -21
37 4
-13 28
-12 -10
21 17
-16 27
0 34
-36 18
7 21
-41 39
-14 -8
-15 -22
3 -13
-45 -27
20 -49
-28 31
-36 -4
2 -46
38 -13
10 15
-22 -15
44 36
-1 -40
-46 11
37 38
-15 17
-42 -41
-29 47
0 -20
5 24
-19 36
3 4
-35 41
41 4
-21 -1
-47 -5
19 43
8 42
-41 22
-1 22
-21 1
-42 4
18 7
45 -26
40 47
0 -21
29 -25
28 -29
48 32
5 -47
-12 -13
39 -1
0 42
-1 -46
26 42
39 -5
-32 -37
-27 48
13 -27
-22 37
16 48
11 -31
-7 36
38 1
27 -3
7 5
20 -1
-20 -49
-35 34
-19 9
31 38
20 -14
48 -38
-46 -31
17 10
21 -23
18 10
47 -42
-1 -16
48 33
1 12
-5 -19
47 -9
-1 10
12 -4
-33 -44
-34 -5
-38 37
-30 29
-6 8
40 48
22 25
-25 14
10 -25
26 -9
33 -12
15 -30
45 20
27 21
14 -16
-17 -36
46 45
-18 39
-44 -32
-7 10
16 22
-38 38
37 -6
-11 0
-6 -19
-40 -6
-16 28
39 -47
0 41
0 -12
16 -43
-36 10
47 -33
18 -41
-10 -19
41 10
-36 -21
-11 -44
-4 -39
15 -4
0 -48
-17 -43
-7 41
-32 -42
6 -2
9 -30
-10 -42
27 33
9 -9
-41 20
-10 15
-33 -27
7 -7
36 7
-28 -3
-37 -31
-17 -4
-9 -28
-36 33
-48 24
-6 -19
46 12
49 38
-4 -29
-6 45
-4 42
-5 8
35 -26
-13 -16
38 -24
-11 15
9 14
19 -10
30 -23
45 -34
-44 0
-23 32
17 24
11 -11
19 45
14 21
44 -29
-46 -16
-48 -48
-29 -43
-24 -21
48 40
-41 -45
0 42
-37 0
-9 5
32 23
-26 -2
42 9
-24 -33
-7 36
-4 -6
-41 -13
42 -29
-5 -48
42 8
36 -34
-17 5
3 -31
-48 -18
-48 38
39 5
31 39
-35 -15
-24 11
47 -38
-11 -35
46 -29
-9 45
16 44
-9 0
18 -38
-1 23
31 -24
34 -49
-28 -32
-24 43
27 5
25 32
-41 -35
44 -1
-22 -21
16 16
-25 -25
-41 27
-21 -7
-1 5
-22 17
36 24
43 -3
-44 -10
5 33
-25 46
23 -37
-32 -11
-4 -8
28 -37
22 45
12 -16
11 37
-41 29
-23 6
31 -19
28 38
-45 -12
8 -35
35 -28
37 41
1 7
-13 5
-34 -14
-24 42
46 44
41 -48
46 31
-26 29
-20 -35
25 -4
-1 -8
-4 -39
43 -36
6 27
-19 13
8 -18
22 -19
47 10
-7 -2
0 -10
-19 -12
7 6
-40 -9
36 7
-37 3
-47 30
-32 33
30 16
-36 -42
-11 0
30 17
-40 -26
22 13
23 8
13 38
-45 -5
20 15
45 22
24 -22
48 -8
-25 25
-29 8
-38 27
49 0
-49 -37
-25 22
-13 46
0 10
48 -32
46 11
38 17
3 24
34 33
5 27
29 32
-46 -34
9 7
-28 43
-25 44
-2 40
-47 28
-13 19
-46 37
1 24
-26 -39
25 -34
4 30
16 0
-38 -43
45 0
-8 -5
-44 1
12 30
-46 -15
12 -45
31 16
-18 45
0 7
18 26
16 -33
-18 42
32 31
-22 -32
17 -34
34 -42
-49 23
-9 -15
-7 12
36 10
-39 -44
-41 4
37 -16
0 -34
19 15
45 2
22 27
-15 -11
4 -13
-17 -48
-37 -22
22 48
-28 -20
30 30
47 25
13 -39
-38 19
-30 8
-36 31
28 38
-16 26
-1 -8
-11 -27
-39 18
-12 -44
-39 0
33 29
4 -16
-8 -47
24 8
-26 -17
-41 -28
39 -27
-11 -18
-15 -32
-23 -25
-8 -40
-7 -39
-30 2
17 46
-14 -40
44 7
-31 -7
-40 -20
16 -35
6 8
-42 -32
-7 21
19 -38
-9 -18
-13 20
0 39
-40 -43
-35 47
25 45
-19 48
-47 2
-34 -35
8 -12
-9 -24
-12 36
-35 28
-5 -45
0 9
9 18
43 -15
-15 -24
-16 -37
-9 12
-29 13
-35 -31
7 -40
-3 -34
-19 -14
-27 -24
-32 5
24 -25
4 -8
-2 -12
-2 10
-22 34
8 -13
-46 27
-49 -17
-12 20
11 28
10 12
28 -5
17 43
28 -22
-41 -16
0 0
-7 -25
35 -12
24 -26
41 -35
43 44
48 24
-6 -33
-6 6
-26 43
-19 -27
-1 -39
6 -8
-36 -6
10 20
-33 41
28 17
-13 -34
-22 44
39 15
-48 -19
4 47
-24 27
17 -19
32 4
46 9
34 -32
-9 22
29 -12
14 15
-8 -17
49 -46
45 -7
-47 -40
-1 18
-9 -41
-38 -30
-22 45
16 -11
-38 -7
-5 19
-41 40
-6 31
20 48
21 11
-5 -43
31 -42
-12 -2
42 11
25 44
-23 8
15 -31
-4 4
-23 11
3 -37
24 11
27 9
19 -7
-34 -41
-36 -33
-17 1
3 37
39 22
-13 36
-20 19
-5 -8
-14 6
-26 27
-28 7
1 -20
-7 -4
28 17
26 12
19 32
-9 27
28 47
-45 -40
-22 8
-46 24
5 -32
-23 45
-8 -13
2 -42
1 -35
24 47
-30 -41
2 -31
5 -33
-5 34
-12 34
18 25
-26 -8
5 11
-30 25
43 -3
5 -9
40 -49
11 -4
45 -42
-5 4
-38 -15
-49 -20
-12 -27
10 24
23 -34
-31 0
1 9
-43 39
46 13
-36 -44
41 -10
19 1
2 12
47 46
36 -31
12 41
31 22
48 -46
23 7
-39 23
3 16
23 9
24 -16
-1 15
-30 -36
6 7
-3 34
-38 11
-7 20
-39 38
-17 -37
8 41
35 -6
-7 -28
27 9
-6 40
-46 -12
-43 -7
47 2
-25 -15
12 -47
-33 -21
-45 32
42 -6
33 4
-33 -22
-11 -12
-10 -33
46 -34
-39 11
-2 -5
-42 8
-18 -45
-25 22
-21 7
40 43
46 36
14 41
-38 -41
24 46
-37 -8
-48 39
-5 -37
-8 28
-39 -22
23 -12
-15 34
21 45
-36 -13
-44 43
-21 -24
-31 34
-10 26
42 41
-8 6
-5 -3
-28 -23
15 48
32 -7
-8 -40
-22 -4
19 11
-22 -41
15 11
-47 -18
-39 16
-24 0
19 -17
45 13
-14 29
4 46
-35 9
-15 26
34 -7
17 14
34 15
-2 -2
-47 -15
26 -26
-10 -8
11 33
-46 -11
18 0
36 -43
-30 14
-10 12
23 9
-5 39
44 11
-48 -45
-47 -38
-11 2
-48 -19
5 14
-21 13
2 0
-26 22
-38 -5
-49 49
-38 -39
-45 41
-6 34
40 1
45 -3
39 49
-7 -24
-34 -41
31 23
48 -4
-2 -42
49 15
33 17
16 27
44 -22
3 27
-19 41
45 -1
36 -22
43 40
48 41
45 -11
7 36
-24 36
49 -42
-44 5
47 -20
15 18
19 38
-19 -33
6 34
24 4
-10 35
-18 0
-7 -7
-27 16
12 3
-4 9
33 -29
-30 -19
-27 -40
-4 -34
-25 -44
26 -15
17 -36
-7 -38
17 -8
22 44
-7 22
-48 23
29 -45
-1 -24
42 26
-23 48
-13 -3
20 -8
30 -16
-24 35
18 -23
-48 49
-5 -1
28 28
-31 0
40 34
14 18
-6 -30
-4 34
29 37
-10 38
47 -47
-22 -21
18 -18
32 36
39 12
-14 -1
42 -2
32 -9
-7 -10
48 -40
-43 41
49 -10
0 -32
25 10
37 25
29 43
-13 -44
-48 11
33 -6
-27 -49
39 -14
23 3
28 -40
-26 -20
27 15
-49 -36
4 -6
25 -15
-39 -10
-23 -6
12 33
-39 42
-40 -17
-47 31
1 40
-37 -14
43 23
12 -7
34 35
-22 -11
46 -10
-7 -26
22 -18
0 5
24 0
-14 -20
46 6
25 -24
14 -30
14 49
30 -25
-13 -46
-44 -20
-7 1
16 45
10 21
-10 -5
-20 15
27 -8
-19 -10
-8 28
-45 29
30 -42
-32 -2
3 26
-21 13
44 -19
-18 -27
-28 28
6 43
37 4
-42 0
5 31
-27 3
11 -38
-39 23
22 -41
-40 -26
-7 1
-3 -38
27 4
29 -11
37 -8
44 34
-46 21
-28 -28
49 17
-42 21
-36 -44
-3 -16
-33 -42
-2 -15
-20 -45
-15 37
42 16
-2 49
3 4
-36 -28
-41 34
-36 13
30 -28
-22 -25
19 6
-31 33
-20 42
-32 11
30 -18
0 -1
-8 3
-18 0
-37 30
48 6
-36 0
-19 25
28 -4
-28 -12
26 -40
8 -10
-34 -40
-46 48
-20 -22
44 45
-36 2
45 34
39 -10
-48 -31
0 33
-25 19
-28 -9
-7 36
-28 12
31 -9
10 -29
-12 42
25 1
-7 -26
-21 -29
8 -28
42 7
31 8
-26 -11
-42 -19
4 12
20 2
-29 -18
-26 0
-26 -5
37 -13
-28 49
49 20
-49 -2
19 -37
-10 -4
-36 48
-12 -11
33 31
48 -13
-43 39
-18 14
49 22
-48 -18
17 30
-25 -35
48 -30
22 -12
38 -47
18 -26
-13 3
-45 -46
-34 -18
6 39
7 -35
-7 27
-41 -38
-30 31
-26 39
47 31
30 0
-28 22
43 -9
26 24
27 36
-22 -33
47 23
4 -35
-23 21
-26 -7
2 10
-10 -13
12 -43
44 14
-6 -20
-42 -40
47 -7
-39 46
4 8
45 -9
-34 -27
15 -2
-27 18
40 -19
39 -18
19 -26
6 28
-1 -40
10 32
-49 5
-17 24
-13 -47
-28 -10
-6 2
18 -34
17 -42
49 32
46 -28
-13 13
39 26
-15 -7
-35 -25
15 -32
-10 -10
29 23
-46 2
-18 34
18 -38
40 -14
-34 -10
11 -15
-39 24
23 49
33 2
29 40
-9 -37
-47 -32
-43 -29
24 31
6 10
-17 42
22 46
25 -6
9 30
14 14
24 10
3 -1
-6 26
-5 37
26 -41
41 49
-49 -24
-46 3
-47 39
48 -30
-40 17
9 -38
29 29
-7 -26
12 42
-6 17
8 -38
-10 -1
-6 -31
-16 27
29 40
-18 35
25 -6
38 4
10 22
-35 -15
35 -35
-19 13
-15 33
-23 32
15 4
-41 22
4 48
46 10
-31 -16
-4 37
-5 -22
-43 -1
-21 23
7 27
17 4
-19 -23
38 -18
35 22
-14 -10
-8 34
15 41
34 -44
33 33
-37 -3
-41 11
17 -39
35 -49
-8 25
-34 18
34 -49
34 15
29 -1
-48 25
37 -43
0 -31
-7 -11
12 29
-17 -22
-35 0
-6 -22
-35 15
38 -16
-24 45
10 -5
-12 -35
18 -19
-30 -34
-14 -46
28 45
-39 6
-29 -11
26 25
32 45
11 39
48 47
43 -13
-4 9
-5 26
7 23
-48 8
-23 -1
-32 -36
-20 -4
10 -2
6 -15
0 -10
38 -46
7 -14
-33 43
25 -25
-25 4
-25 41
49 16
45 11
-11 19
2 -47
4 43
-4 41
-10 -38
20 -13
42 -5
2 -22
7 10
15 42
47 -41
-17 0
-34 -21
30 49
10 -44
-33 49
-40 -31
-31 -26
11 -24
-47 20
40 36
-19 33
-18 -14
27 -49
13 44
22 42
37 32
-12 -40
-22 16
0 27
-21 46
-28 -41
-19 -46
-49 -12
-35 16
-21 -33
-33 42
20 0
39 -3
30 -23
36 -19
38 -18
-43 -33
8 -25
44 4
-8 -42
17 44
-39 7
5 -20
-37 12
43 41
-22 33
-9 4
-17 5
22 -10
-27 13
25 26
-7 -11
19 -2
13 38
33 -23
45 -40
35 0
-10 -22
-30 -29
-28 24
45 23
25 3
44 31
-15 -30
-35 -27
-43 39
-45 31
26 -44
13 0
41 19
32 -32
-39 -8
-18 38
-29 -45
4 -1
-47 39
17 -1
-6 -35
24 20
18 -29
-11 43
-19 5
1 -25
23 -24
-14 14
-13 -1
-40 -27
-49 -23
-25 -27
-11 48
-13 25
-17 19
14 49
4 6
-43 -8
-32 39
-3 -40
27 14
-46 -28
-44 12
-31 1
16 29
1 43
25 -48
-46 32
48 31
-4 -16
47 5
-18 27
9 42
1 33
46 -34
-15 39
-27 21
35 18
-41 -1
22 10
16 21
-30 7
-1 46
-44 24
-46 3
14 -30
-16 -27
-37 -11
-12 -43
-29 -6
-26 39
-20 -23
15 -29
-35 47
32 47
7 -7
44 -47
-8 5
17 -21
15 18
-7 -14
40 -27
36 13
31 -44
-21 -23
-18 -23
-37 14
4 -11
42 39
30 13
-31 5
-23 19
33 -1
16 -35
16 -15
-8 49
-32 32
29 20
-48 44
-48 13
34 -28
26 -20
43 -3
-30 -10
7 22
-2 10
-8 17
-3 38
-1 2
-47 -11
4 -34
19 -44
38 -19
-35 -47
-17 35
-47 18
-6 -26
-29 41
0 -47
-22 -19
43 34
36 0
44 19
-8 -48
-21 47
30 -26
-37 -34
-14 35
-5 6
43 22
32 -29
47 39
-11 24
-22 28
46 -45
-27 -22
-3 38
-20 -17
-20 -37
17 13
5 -21
-16 -43
-19 -27
28 30
-49 21
-1 18
11 25
-42 26
-28 -48
-44 36
13 36
-1 -48
-18 0
-4 -26
-11 -49
-49 -39
-9 28
-37 -24
12 42
-29 34
-28 -12
39 15
27 -22
-29 -8
-32 -39
32 23
-29 -11
-11 1
-28 -38
0 21
48 15
12 -35
40 -19
-29 -30
-43 49
-41 26
14 -40
17 46
-1 36
27 32
-49 -40
-48 -40
-28 -37
-21 49
2 -44
-22 45
1 9
14 6
0 -44
23 -10
-40 -39
-47 27
2 48
18 1
-12 1
25 -33
49 7
-4 14
15 17
46 -36
9 21
44 -10
48 21
24 -18
12 19
34 45
49 40
16 -13
22 15
-19 -47
-33 39
-46 -4
-25 -12
36 -43
49 -21
-22 0
-13 -30
22 16
-22 27
-34 22
17 19
24 -25
-5 -26
-49 -13
45 -13
34 5
2 -2
49 0
-30 0
6 -12
-21 25
49 -21
-33 -47
43 13
13 -46
33 -42
-41 41
-38 30
-22 11
41 -19
-28 -7
-26 -34
-29 31
-19 47
-10 -11
-3 -7
17 5
-49 -28
35 -27
-17 33
-8 -28
45 -18
27 -1
17 2
5 -43
36 45
3 38
41 45
-8 -37
-49 35
5 -14
-19 27
-49 -27
13 34
