38 483
-335 -1167
-1622 279
-1300 -1275
-1466 1252
1519 -491
1116 621
320 -833
-178 -1889
-1500 247
1538 1448
-1814 -1309
-2096 -922
-805 -1240
131 -468
448 962
1016 1607
-1096 -472
-1645 -609
-425 -650
-608 1136
-448 -1668
706 -335
280 -186
-1418 1880
1411 -1099
-601 -799
1335 1141
1094 1304
1435 -1820
904 -774
1798 1550
559 -29
-1104 1007
779 1078
2120 612
956 1593
1347 -1502
-991 59
-1909 1735
-251 7
-1383 -489
-310 -920
1860 -441
-1981 -729
1208 -1077
1508 851
-2176 -721
680 -170
-1343 657
-205 116
1777 1674
1659 -858
-1999 -991
42 -1543
1348 -1338
-1512 -905
112 -1194
-136 -632
1115 -1093
-1760 426
1463 2151
-1330 -442
1002 -1426
-149 666
50 495
-1356 -2064
1581 -1889
519 12
-1533 -1239
1295 860
-953 -55
257 -1325
-1758 -1917
576 -1079
-284 -2185
1688 1078
-1756 1296
1028 1605
1409 383
-1057 -533
-2148 720
-1843 1734
167 885
-1028 -1491
-2099 1357
90 -2177
-1748 -774
913 -1571
-2092 1700
-867 1234
-705 -696
1036 482
-2018 619
857 105
-452 2179
-511 -1510
1722 -1252
-452 -1706
-1521 -763
-607 442
-89 -966
1049 -2077
284 1382
-1295 2109
-503 -930
1623 1999
958 621
-1625 -1552
694 -321
-333 252
679 -942
-1368 940
2078 -1842
-506 -719
-1224 -548
328 -707
296 1664
-1746 753
9 2182
-1424 570
496 547
962 -236
446 1765
984 -1570
1876 896
-276 1660
1462 -851
-1628 -1054
-1340 1131
-471 -336
340 -1254
1620 1845
-1702 888
-1889 1808
-590 -157
-29 -121
-1782 -373
27 -1105
1986 1915
621 -1465
-101 630
1067 -603
-320 517
-1680 -2175
-599 1997
-1066 -1177
687 -153
1828 2145
137 1318
-685 -1533
272 -1121
-1068 2147
-1988 -2169
696 437
-1944 1364
-2116 1209
97 -1068
-383 -676
670 -30
-1650 1861
-1600 -530
1920 760
-2133 267
1160 545
1667 65
314 1477
-2024 1862
102 653
591 -100
-1611 -1522
-1370 143
1293 2047
-2023 1620
-410 -675
-1534 -1444
-2049 1182
-1008 1190
-475 -2191
-1725 291
1096 1850
-1487 -1851
-924 -853
-1639 -2125
-972 -1938
-746 1290
-298 -402
-48 2154
1071 1678
-1305 1447
612 -1951
2017 -624
1071 -677
-1687 -1424
990 -557
-839 -1153
716 1369
1717 -183
-1659 1822
524 459
752 -649
193 -1240
1551 -555
-1619 -1602
1213 1176
-1934 -37
-862 340
935 2082
82 -2094
-625 -50
263 592
-1366 -712
-1474 -1539
1688 -237
-1201 -519
-1703 -1321
-70 1428
-68 2063
-2191 -18
952 -297
-134 -1450
-148 -319
-245 1778
-1684 -1514
415 12
-2166 -1205
777 -549
-2028 -1324
-220 -2017
-756 -2159
2142 -389
422 1667
1612 1466
-973 -1658
239 1457
1837 155
1601 -460
-1040 1749
1203 708
673 57
-2076 1453
659 284
1739 -1217
626 155
-1486 -361
-1850 1682
2037 199
-952 687
-835 1911
-700 1217
-1055 -139
-504 -1169
-3 -1275
931 315
1090 -1819
179 536
1328 747
1903 535
-1272 -459
-866 37
265 1627
-1224 -383
-1815 -980
896 -1721
1653 -981
2155 -217
-1303 -1318
1738 617
907 1311
-1453 -7
1699 -1014
1985 1231
-1429 1387
-824 2140
-1431 -28
-1684 -2027
1903 991
1630 683
-1718 -388
-2039 -1081
756 -1135
-802 1091
-821 -223
1080 552
-1554 2038
-2091 -775
-691 586
-137 -2174
-935 2018
-1994 15
135 226
-5 -561
-1049 -538
-1186 950
-912 773
872 773
360 -721
-850 -1044
-1678 -278
-397 44
454 368
1646 1158
999 760
1333 -917
-2155 908
-282 -863
-1768 -724
1997 1710
-1586 1608
1757 -668
-612 342
-1401 1753
-1136 -737
-1320 1031
1148 480
-296 -2191
-2114 -807
2005 -794
-1422 1928
1098 -1754
-1979 1522
-799 -1811
1778 1713
-1736 -1451
1908 891
-329 1302
855 82
-1586 -2134
-1025 713
-1685 -186
-1092 -840
362 -506
1273 221
1444 -1089
776 -1006
-423 -1649
-871 1596
1375 701
310 -726
2050 -827
-1316 2001
-1714 1719
1219 -1529
984 270
1015 -1952
1863 1928
2109 870
-1105 2008
-886 491
-867 1317
581 -923
531 -977
-222 907
-832 893
1956 1838
-156 -59
-649 315
-1898 -466
1722 2179
-1444 635
1725 -278
-666 1321
-125 1891
-1792 956
938 -1244
537 639
837 -1650
1007 1981
1406 1348
975 1413
2131 -854
-1238 1130
306 2038
133 407
-1912 -932
629 -813
-1445 -1942
-642 1955
-437 326
1959 -838
-2106 -1414
1726 620
1361 -423
-39 50
-67 -698
2041 1381
1726 -1594
267 -1579
2062 1456
-450 -1565
-1016 -1741
-851 -1331
-527 1767
1104 1995
1515 -933
2016 -1301
-789 -633
1159 1205
361 -59
-810 -1942
501 1112
919 -1265
-4 1405
1370 1864
-2132 -1117
-1975 -1444
1583 932
777 -608
-1333 -827
-1894 1105
1296 1050
-2189 -1578
-611 1600
-615 -491
1347 1988
972 -363
-1858 58
-552 -1938
1743 324
1338 -1226
-1361 2103
-421 471
-964 -1391
-1311 -207
1740 1726
774 39
1827 1224
-803 1393
-732 98
-168 675
-858 -740
-2004 -461
-888 -1572
-583 1951
-781 1042
703 1296
1782 -1869
-1277 1266
-2179 -1068
-1759 -1914
-777 642
-1578 1330
225 1604
-390 1418
1804 282
1906 -945
2198 -1776
-414 -970
-646 -111
340 -968
-904 -850
1367 -1702
724 845
508 -882
1015 -243
-238 -583
-1641 -586
1580 -2114
2148 1032
-1277 1464
148 381
-411 59
-1186 1717
1842 400
-755 -1436
-1673 1510
2169 1058
-985 733
-65 -1449
2068 -1881
1464 -464
33 2118
-1181 -965
1825 -2124
2025 -756
-196 -2000
2020 1130
-1274 -860
-758 -2119
-1523 -1835
1847 1
-756 220
1741 -2186
-1389 139
250 -587
1661 992
-1965 0
-725 -1733
295 1927
-1312 -2071
-398 2021
-627 1617
-2014 -1030
225 1447
-295 -1414
1532 2169
-937 -747
2194 -42
707 1602
218 -1400
-1489 -1184
18 -1491
-218 1154
417 1728
-1992 -636
1282 1420
-28 1059
-39 1566
1232 -2062
1953 -1401
308 -217
1629 195
-1525 -360
1683 -1275
-1050 -231
-897 234
1472 608
-1610 -399
416 1750
697 -1876
1298 -414
223 -1734
1523 -1075
1965 1780
446 677
1728 -651
2058 127
-312 862
-1487 1832
-311 -1127
-579 -2085
133 -625
1242 -152
2083 982
-2132 881
1931 1473
540 -168
-2156 -1388
-1825 -86
1010 809
1787 525
1413 -249
570 -1280
165 -1565
-109 -1581
1229 1742
2134 -1879
-1899 643
203 1852
-1281 1867
1739 662
-100 1960
1131 -940
-83 1629
310 2016
-399 -756
1566 1118
-1085 -1571
-1515 -1660
989 323
568 379
-2162 -991
-740 253
-1286 534
1839 -1650
-836 2180
-2113 1221
1232 -1622
1402 -1432
-323 606
-377 -1223
-2120 -550
-379 1883
-1124 -259
1380 980
2184 -1508
595 -1338
529 317
2096 -28
1116 891
-1739 1918
383 1878
2068 1178
1787 883
-1988 -682
-1864 -2065
1049 -151
-1309 1992
590 -2158
-1928 446
1587 87
-1986 -840
-734 1650
-929 431
-1221 1043
-910 1486
-1569 -2055
2185 1366
314 -764
1334 -340
1251 360
-892 -794
-1386 -136
528 -1227
-1304 -1895
-1697 -525
-1694 290
1000 807
2169 -1058
1549 269
1053 -2047
959 -1898
293 -1136
-1335 -1385
392 1262
1738 662
-1353 -1642
924 -397
759 1186
403 -1951
-1189 1470
-1608 -9
1208 -1356
1070 -319
-1457 1015
248 -1748
-226 -791
-2194 -693
-801 -1686
1545 572
766 2077
1842 877
-1145 1402
-1941 2191
-405 -1823
2192 2169
-959 -474
477 -640
-31 2155
578 794
1315 812
210 337
685 -1039
-1232 336
1826 1176
-1370 491
266 -860
-2153 -125
1871 -53
1442 2111
-1572 2149
-299 -395
799 -1560
-189 -2180
861 -1972
2042 -763
270 -1999
509 368
-283 -1894
1454 2077
1616 1934
1338 333
45 -1471
-2006 -738
1127 421
-1714 -1731
802 1436
415 2071
-2015 -2137
2047 -560
-1515 -210
1375 2174
-111 -2046
-1376 1112
-1032 100
-1350 335
-705 -691
963 -904
-2153 33
-1249 -1160
-110 -1640
998 1725
645 1745
1969 -835
-1948 1728
2046 996
1369 2136
-181 -845
1100 -1379
301 1202
1794 -929
-679 -1773
-1907 -1183
803 -178
969 936
1690 -1745
-2032 1019
411 1197
-103 1622
489 2087
195 -651
-1038 -467
1495 -1538
-626 -486
1741 501
-268 779
207 -179
-2077 2047
82 -1187
1014 122
727 900
677 -243
1506 -1688
-707 37
850 -189
63 478
1019 408
-764 1028
2105 -507
-664 475
-1904 118
418 -564
-1451 -652
2010 662
-802 -360
2154 1390
816 -847
944 -1152
-1303 813
-1430 1533
-402 -688
1290 -457
1318 671
-1298 -631
-1786 226
-1678 361
755 2190
1943 -347
-1313 248
-655 -1225
1761 678
1025 1516
-1622 1571
-321 -1957
-1832 -298
-2151 -299
-1841 -653
-258 1080
750 1570
969 405
-2174 769
1810 -308
-1233 2103
1042 -1852
-493 -1167
897 -1487
-289 -1507
822 1907
1358 -1928
-1494 -281
-1904 -1831
1436 1966
126 1613
-1282 -1182
-1986 110
1728 -1271
250 1866
-31 -1010
-317 288
-1828 312
1894 730
1359 -293
2124 -723
373 -1997
-1418 -1711
-533 71
398 -51
-942 170
-1396 54
1104 1230
925 1866
534 -467
1911 1540
-614 2086
314 88
778 554
1628 -1993
-2048 1263
1849 1607
2091 1691
1300 -2035
2107 1768
-357 -1060
473 -146
441 -1890
-2069 -1717
-2006 -122
513 1980
-1136 1626
-1294 -1473
-1818 -2062
1272 -1057
966 167
1527 -743
426 -2110
-990 -1169
-2126 -762
1653 1306
-560 725
808 -2155
-1222 679
2028 -354
1496 -1350
347 1272
-796 -2192
558 -130
-335 1026
93 1344
-663 275
383 -706
-1083 -1097
-1864 255
1916 1221
1500 -538
-849 1202
-238 560
-524 -1611
-813 -764
-742 -350
577 614
1387 1551
-1802 -2103
-1545 2085
-918 -1329
-1677 -645
-32 -796
-1376 -2149
890 1505
376 494
387 -355
-714 1499
-67 -608
263 1341
1609 -1961
-77 1105
2193 -2118
40 1544
-1575 -1285
-895 -750
349 15
-1044 1106
2080 -787
-1472 1512
-2142 835
-511 1485
-1710 -1442
-795 2000
1837 -1
1772 -813
1276 1642
134 -1093
1930 -213
1674 1026
1627 758
2084 -568
1850 902
101 -1083
-1608 24
-1795 884
-176 733
1440 1555
-1008 -53
320 1869
34 -101
2076 1475
-803 1261
1209 1796
1864 1947
1896 -970
510 298
-1275 802
-1552 1017
-2048 -832
239 2000
1856 132
-474 1736
-258 -810
574 -1343
1597 -326
-2064 -2039
1126 -75
565 -127
515 -725
-1893 850
-1070 -889
1928 -1958
-1925 -1643
1685 1060
-194 1647
-855 1037
1434 -1760
496 1750
2078 -1123
198 982
557 -495
1734 599
1897 2171
-2172 -163
1545 993
1396 -1876
-581 1588
1417 -1962
2049 -612
-940 681
-632 -1338
-1188 -1254
467 -1847
-1390 864
1485 -502
-16 2128
-227 601
-2178 -1738
-580 641
-1172 434
-1304 -1942
1600 1497
-1049 1277
-1574 -1118
-716 462
-2013 1923
1529 1644
-159 531
-612 -568
-77 -1533
1403 1412
792 -38
1276 1276
1705 220
1717 -295
-1128 893
-1660 218
-694 473
-1135 -473
-548 -777
-318 694
470 564
-137 -1532
-1266 1576
-444 796
21 265
-2152 1440
1513 1059
2055 -462
-1968 70
-944 -63
-2115 117
1406 -624
-1089 292
2165 -248
268 -37
-334 -1486
880 559
-796 -149
1201 313
-412 -624
-329 1
-2131 2152
-557 1474
-540 -794
505 -486
267 1081
1064 1913
257 175
-1574 -200
1738 -328
65 -1237
1334 -1657
-1987 -1217
-253 -1125
1369 -192
1582 -144
-449 1865
-484 250
566 -619
2095 -452
-1490 -1946
-197 1707
-1355 -675
-1340 -1093
-2032 1213
465 -2154
-926 -1150
1905 768
-535 1667
-171 1987
1690 1436
845 -1673
509 18
-698 -1941
143 31
-2168 -810
1623 1391
-1340 -27
-455 -340
2063 -1303
549 -1010
1633 1305
1698 1316
1873 -1783
703 -1049
-179 -478
-1253 -330
-1284 -1967
501 -1196
768 -1496
-412 -188
2098 1147
1645 110
27 -118
135 -2183
178 -583
781 589
450 -903
-1242 -1469
1056 -1877
437 112
-1684 -1103
957 -55
-1105 -183
1439 -1132
2145 1204
-1950 2193
1692 1346
1709 -2127
1623 1049
-1909 -881
-948 1872
1061 -53
-1338 -1492
-792 -566
150 -1195
-515 1519
-1785 1735
-1009 -1949
465 -1927
-467 1972
-1681 -345
-1698 -406
871 243
-1890 1107
-2066 -1640
-1452 -760
1440 -94
-1927 434
-1741 807
1378 -1250
-1020 1640
742 -1334
719 -327
-1133 205
829 -208
-1264 -681
1492 1510
516 319
-1838 -2048
-1584 1009
1147 325
-638 436
1489 -8
1177 -669
697 86
507 88
243 -2064
1458 -487
420 2065
-1032 234
-278 706
-1108 555
1350 1573
1552 -568
-546 -737
1094 622
1600 150
-532 -1926
-1890 -2061
-888 -212
-1591 781
1770 548
1177 899
-199 -663
-917 -1195
-1056 1851
-55 2147
-1820 -2097
1124 -119
-265 -905
1409 2172
-1767 -964
-289 690
-466 -942
650 680
-1818 1895
-1787 1122
-786 -1577
-506 -483
-1874 664
-1464 -975
919 -1964
391 -1817
1055 1763
1952 -1114
738 -770
-2042 697
1350 -1325
-582 910
-681 1761
479 784
-43 -748
1834 -341
-215 2001
437 1520
-1449 -882
-934 512
-1395 -86
-1029 -928
900 -1755
1548 1744
-1830 -1927
1098 2007
-2071 494
-1677 1049
533 -941
854 437
2065 -1374
715 -1498
69 -121
-1460 -1731
-378 1156
-1103 -177
-1700 736
1035 -1390
-1034 172
-1639 -1493
-749 -1774
1203 640
1422 268
925 77
1994 50
-494 1356
90 1126
-1672 -1144
-679 -1646
64 1111
-1515 -1083
-811 -916
1400 -1838
-1890 -222
-1986 -1993
1237 1790
-1201 612
-1181 -2172
1185 -817
2163 -1341
282 92
-1295 173
-637 2072
-1613 2055
392 -1662
-1838 -330
-1443 -1042
1317 709
1212 28
509 1889
1466 -139
591 -18
-1689 -466
-2038 -80
1487 -2074
-1549 -1188
300 329
-1152 -1853
1458 752
-1432 -1497
-1428 -242
1919 401
690 -703
869 -1188
-1549 441
677 2042
452 -2181
-2138 -494
-253 816
526 305
35 684
-183 266
529 1918
1924 -1253
589 -1902
-1483 1698
-2091 -1740
513 283
-149 -1642
327 -1893
252 945
-801 2059
1544 1347
880 -2177
408 1477
1784 2038
-1607 -1770
-855 -2068
1388 1365
-1497 1963
-1295 -157
164 -218
-2145 613
-1141 1178
480 609
859 -1268
-1718 2010
1136 -1055
-1587 1421
-1666 1509
2126 1267
182 1959
300 511
-290 -1953
1488 145
-204 -299
-320 -1199
343 562
-1410 1617
1560 -1092
2173 1309
-391 -251
737 4
253 -1574
1762 1731
1324 1444
-461 2132
-551 -2083
-2105 -46
-180 251
-605 -2158
445 -1327
213 -2178
2096 -1539
-1345 1702
-2033 -172
-361 -1259
1279 -639
-537 -1521
-461 -1197
-14 -1795
-1961 1896
274 -35
-1412 1490
-1370 1838
551 -1660
879 -434
-405 404
-576 -1334
692 -262
-1912 -763
1119 -1099
1378 -1238
31 618
-250 -1459
2031 -2099
100 -777
1909 -2093
-2161 -542
587 -980
493 -1393
1390 -278
880 -1905
1065 -70
740 764
1542 435
-1744 1528
-197 -1530
1050 -1559
2061 633
-1552 -859
-1645 1111
-602 -1462
-321 2172
-1609 -737
219 1716
-866 -1957
1368 1986
1761 1093
1432 -1212
1703 1093
-389 609
-1618 1732
-304 1726
-1655 1600
896 -1513
-1629 -1554
-667 -254
2187 2087
1759 -1757
227 237
-664 101
472 -232
1305 1361
1865 -2148
1203 1520
-1943 -465
-472 2065
1983 853
-373 -1505
-1054 263
2182 -159
1807 720
-678 -1121
-1955 -1284
1303 389
769 1607
1273 -1286
-771 -763
-1657 -2130
-1625 1905
-509 75
2137 943
1605 -1606
-1996 47
-281 490
-1990 1185
1168 647
723 -2093
-2164 -2098
-1651 -2017
363 205
240 -1783
1957 -857
-1864 1622
-811 1597
66 -2029
-1410 -1100
780 718
2151 1308
240 -1566
1845 -1495
-69 705
903 -1635
-1128 702
271 -1434
-865 -1311
1954 -2116
2047 879
-301 1748
1865 1613
-749 448
1572 -27
856 1534
-2093 -2135
-718 2077
-115 788
-2019 -126
-389 283
715 -141
-198 341
2136 932
-2166 -1911
-1179 -597
1068 639
1694 -315
-1156 -498
-1922 -593
-1664 173
-2119 -1676
1019 364
-165 63
-1655 -41
-751 1048
31 1143
-992 -379
363 1871
774 422
-2079 -2193
-1502 1615
-568 121
833 422
1373 776
-1702 -703
-1734 -1397
364 -799
1 839
981 1554
1587 -37
75 873
121 13
1543 -1326
-1483 1336
-610 -840
1457 2055
1074 432
1396 1987
1993 -29
-1146 -782
1257 -1355
-701 -1613
-1301 1593
-194 1722
-652 2103
-2035 591
641 1757
1328 -830
35 -1811
-2161 -747
-1026 824
-1659 -647
61 106
540 -1513
1045 -2195
96 683
-640 1040
-1146 2175
-565 -979
1455 1919
1218 762
-1251 719
-367 -1256
2087 -22
237 -1413
-71 1987
135 2197
640 -1865
1950 1620
-1161 1713
151 -319
1953 -395
300 1593
-9 875
1265 -410
1733 2178
-1343 -2183
560 -1698
1288 486
2192 1931
-1673 -242
-2080 -2156
1623 -988
-1147 1879
-1522 973
444 164
2169 -430
-1371 577
-385 896
1065 -1320
-1498 1593
-1616 -1641
-484 -1977
1708 283
1558 -1475
-534 -1598
-2001 -2036
1884 231
-48 1696
-1559 -1481
1592 1761
2176 -14
1749 -2130
903 1453
-1694 -1911
-307 -411
-1155 1010
797 2193
1354 1739
2017 -1596
1747 -749
726 -130
-2148 1456
-659 -443
-1072 -572
277 -647
315 -1930
-1701 1331
-459 -1263
-746 -469
-412 -1789
2196 -548
-1735 100
-2182 1557
1646 1572
-641 -1104
1271 -213
-1338 1072
1878 -1216
459 -210
-1722 74
-204 -125
-2095 -1947
-400 -2182
-110 -296
-1529 -1151
-2070 -1333
-1026 1085
975 -493
1427 1039
300 2099
487 495
306 158
-1802 2049
253 -1401
775 -1046
974 851
429 -1119
1719 221
780 -923
838 5
580 977
-16 -1211
-1853 -286
913 247
-852 1997
-1131 1111
2170 -54
-859 -1033
-33 -524
-378 173
2190 1499
-338 -339
1759 1089
983 1632
1736 1610
-1566 1201
2065 1310
-1767 1693
-1276 283
-488 -1977
-68 1339
861 -1652
-176 -1402
-1375 -1042
-1921 1109
1684 210
-117 986
-621 -1257
1958 -1142
-1551 -1634
-866 346
918 96
983 -345
-1476 -355
54 708
-1825 602
1957 177
-37 929
1637 1316
1722 502
993 1730
496 748
1114 -941
1790 626
1336 -1000
-841 318
1098 1289
41 368
785 -1274
310 109
-808 -1812
658 -2066
1127 403
141 -901
-182 -1113
-1434 564
686 -212
-1556 577
1139 -870
-687 772
-1814 -2099
313 -1313
-1003 79
652 -1114
2038 -663
-12 127
-1859 1041
-1057 -668
659 -2048
1668 250
111 -84
999 1575
119 1931
1339 947
-190 1156
1135 -1072
-1075 1733
-169 546
1914 1242
-1392 -465
-356 1090
-267 1362
-974 2034
-189 1380
-215 -834
1426 -1929
-357 -2162
-961 -594
-2185 -2134
1411 -821
1680 1921
-1249 -1635
-1457 -618
1611 -1448
1846 -1054
-633 1740
-1241 -226
-155 -132
340 1211
-278 934
1137 -1332
-1273 -30
1041 616
2015 -1157
-82 -2118
988 971
-375 813
-1418 1839
1746 -1952
-95 -1095
1569 -1547
-1902 -1107
1013 -954
981 -1054
-1291 -975
389 410
1657 -2076
-2181 -1582
1281 -44
1633 -644
-1825 1104
2092 -1379
-866 -2096
-1497 -168
1206 -1625
-32 2053
-366 -920
476 -137
634 1231
-1300 1107
542 -642
-940 988
2179 -1493
-1690 584
-792 -1205
2116 -422
1796 33
1522 -1279
-273 1923
670 -503
894 1461
232 2071
-1561 243
587 -1165
-736 -786
1089 1135
-403 461
1882 1310
529 871
-126 1869
-228 318
-1339 -1528
33 -617
248 -1820
-540 -249
-950 1912
937 -617
1969 345
220 -175
-472 -977
-127 225
-879 -2156
-372 184
-1209 1678
-1081 -184
-734 141
1762 -1937
984 2007
640 825
696 930
530 1781
-1163 -1972
1159 1999
-1950 -1642
-269 -1989
-1298 -2107
1792 -2060
-325 -1867
-1447 -2106
1075 549
-758 -1354
1638 -2129
-159 -2087
783 133
-950 2032
739 537
-1612 416
1786 910
1321 -1116
-1992 376
19 -2136
-1370 -106
1226 -1538
-1914 160
105 1912
865 939
-531 -1952
2152 967
867 1612
1877 2050
1440 1217
1982 -887
-1661 31
1442 -104
-1924 1526
1407 -362
-1479 -1838
-1154 -528
1673 -978
179 -405
191 -1556
2097 314
-61 -747
-508 1115
1741 168
-1335 2181
510 -1623
1556 919
-1944 -333
1457 -568
600 -1337
-1292 831
628 561
-1101 397
-956 -1430
1413 1373
750 805
-203 -807
1959 -498
1676 -1190
-871 -849
-332 51
740 2031
-1796 -1709
1982 -1203
-178 1832
-1046 683
-381 -310
-813 250
451 989
-1316 658
-2089 1772
-1689 -1446
51 2043
-1300 1813
2176 1087
294 1101
-607 -747
770 1870
-535 -1768
1643 -182
589 -80
-487 1553
974 -1131
-931 -299
1687 -1965
-1707 -155
-1396 -2040
44 114
1489 1681
-2017 -547
1127 -1629
-162 -2164
-326 -1277
-1132 -311
-827 1735
1052 -1580
307 1577
-78 -971
-311 -1463
-1144 1521
1606 614
-1653 -24
-1128 -1343
1329 1715
-144 -30
2181 1097
1240 -405
1520 -952
1328 -1683
-508 1832
36 1795
-784 1472
1936 -1804
333 -1628
-1975 1256
23 -1981
1030 1024
411 -1617
-724 699
-394 1412
-1915 -1187
-1982 -99
419 -1950
1604 413
1305 1078
-1028 -457
2132 107
142 1999
-918 218
-1841 -429
1154 376
-372 1441
298 -397
2169 1972
-996 1902
529 1017
-119 1055
250 861
-1327 -89
-320 1199
-260 -982
-1327 -1211
1291 -1509
1953 -738
912 -1006
1507 -1145
-1773 310
1677 544
-1923 -156
-2065 419
-796 1813
-1165 330
-9 -712
-321 894
1726 1076
1799 960
-701 -424
1665 -1578
1788 189
284 -2069
999 122
-264 111
1725 -1673
-1173 1836
49 233
-2122 2055
-1376 -820
-112 1270
1985 931
225 789
-657 306
-1689 1747
1236 406
1696 205
-668 -910
1596 -423
30 701
1089 1000
-62 -1768
-850 1538
-2071 362
-60 464
-846 -699
-1653 -99
1927 1648
-53 682
1922 252
-11 -1786
-1852 445
-340 -2034
350 825
-2015 -360
-1159 -1521
1050 2177
-1484 -1242
1228 -1765
-2048 -647
-1943 -626
-740 498
1917 1557
-443 -568
-488 1024
-965 796
465 -385
-1388 -1116
-838 -1371
-1617 994
279 -1288
1338 2094
180 3
1539 643
1133 -2171
2080 -219
278 -956
1724 -727
-988 1884
1758 1006
-1390 241
-1785 -2115
1369 115
150 -361
-1201 361
-32 -338
1862 1718
933 -1565
1067 -2035
-1915 1629
503 1997
-892 -498
-414 1361
488 959
-2095 -240
745 -1468
-2162 -2090
-1111 1065
-1049 -1405
-1524 -667
-1279 -1779
-1172 -624
767 596
-1140 274
1968 1589
-1719 1331
-1867 2147
853 2169
-1384 -1567
-616 695
990 -1879
1729 187
1699 -984
-1817 -676
-1785 1946
-2157 -1642
-497 -317
-434 -123
889 2071
1602 -1767
354 1267
76 -1565
250 863
268 -1937
276 1871
1175 677
2143 1501
-1096 287
696 1726
-2163 -1584
1758 -1311
497 -141
2117 1698
-1554 -1691
1094 -661
1826 1809
1957 159
1106 2174
1103 -729
1036 -1195
-529 -1603
2102 2123
-1627 1455
909 -1135
-1471 -544
-982 2103
-299 -335
1633 995
201 -375
486 -672
-1375 2043
0 -2053
116 -777
-1548 928
-161 -1318
-130 -1609
-2088 -1084
709 -1669
-1822 -1711
222 374
780 1630
-1762 -1103
312 645
-1361 -1473
-172 1671
-1949 -85
-1995 1357
723 -1334
217 920
-1696 -2107
885 -1046
719 1307
-1951 724
-1004 -360
212 1883
822 294
327 -1642
1959 -1720
153 -1159
1446 -126
772 443
-1073 1681
-947 2161
1349 1823
1241 844
329 -526
-2160 -2053
-732 -1044
-1918 -802
242 -2108
-563 -1562
-1428 -780
-980 990
-1680 2050
-700 1695
-8 99
891 -1621
-1673 -2109
-816 -878
-682 1352
410 -1971
734 373
-1955 870
-665 -21
1282 574
-840 -2007
-1227 1883
-2109 461
-316 196
332 -1239
80 1599
-1245 -420
1581 -905
368 1155
1219 -2128
575 -1384
-1070 1964
824 572
-128 -56
-421 76
19 656
-477 2167
-131 823
-1265 -55
-782 -77
-2186 -1157
-1891 90
-380 774
1156 -174
1068 1856
298 2089
-1697 1651
33 1121
-925 1418
1906 -851
-1106 1338
470 -200
2109 -269
-648 -1043
-2131 -792
379 -334
-1616 451
811 -2044
-980 1702
-1884 -1832
-1174 -1948
-1723 1678
1145 -877
-666 -1437
1884 -1593
28 480
-1484 1858
46 1401
-1860 1935
-614 -590
44 1898
-1709 -167
-808 400
-1333 -360
-608 -682
-89 -80
1615 84
1638 1644
932 1362
-1742 260
249 1473
-1203 109
821 -336
1109 -1703
-986 -1256
1730 -1036
-520 -1824
-1174 -585
-678 1791
-867 1148
-273 -1624
2021 1625
74 1097
-1492 -721
-1291 -1073
999 113
323 -825
1926 -1173
429 2133
-602 -153
1153 281
-1503 987
2026 -1399
-1493 -850
107 755
81 1050
419 -590
-1078 614
-1107 1440
-1651 2032
1057 1435
-639 1264
-2123 -1226
-521 404
-1600 1325
-61 -1465
337 200
-795 -1336
57 -1257
702 1387
2150 686
-471 -615
424 1005
548 1744
896 -1017
-2023 -1898
-70 -1672
-1701 -1082
-2134 1426
134 -2151
-61 -1204
-1129 -746
-1659 1738
1742 -1083
1231 2072
2119 -2135
-971 1175
2071 2061
-100 -1227
1473 -1159
1043 -1878
1466 -1499
1967 -92
-1431 -549
-104 472
-1412 352
-2 724
1568 1299
1873 882
-376 -951
1179 -38
-2002 -1840
-1487 1250
16 -29
-436 -1381
-423 1244
-890 -2103
1557 1045
1730 288
-1929 1039
-2019 -1591
1215 -248
773 938
-2143 -934
621 1423
-858 -340
1274 1178
1607 2069
877 -694
-388 1982
1143 318
-1793 -154
274 -1206
1763 -566
24 -1354
-1308 1768
-988 -1413
71 -322
-486 233
-70 1427
-815 323
-1970 1085
1109 892
-1158 -528
320 -1458
-16 -1346
129 -207
661 233
-786 1863
-22 -2183
1324 -437
1054 49
-1682 -2008
761 1812
