40 -36
-5 -24
-33 6
43 -42
30 31
28 35
-37 29
39 -16
47 23
41 -20
11 -24
-37 20
-35 -2
44 -11
-13 -7
-48 -3
1 14
15 24
30 -20
-16 10
-46 -31
17 14
-32 38
46 0
19 -28
35 -37
29 39
-5 48
13 -22
-38 -7
26 33
-41 -8
8 -48
-3 -38
9 -14
-42 -37
47 22
47 22
-23 31
35 -35
32 -29
38 6
30 -28
29 40
45 38
-33 49
-2 48
28 23
3 -31
-37 6
-49 -16
-10 47
19 8
-42 7
6 -43
19 -25
29 32
39 48
-7 -29
26 -42
28 -31
-34 41
-12 20
26 -47
-18 41
-32 44
-3 -40
28 42
48 -46
-42 -45
15 45
-48 37
17 -20
23 36
-16 -5
41 -26
25 37
-28 22
35 -19
0 5
33 -35
-38 -4
7 -38
25 -14
-29 14
28 42
46 21
42 -36
-32 45
3 -35
34 44
-26 -49
43 -23
-35 42
31 -20
-43 28
21 18
-19 15
-10 -45
40 12
-22 26
41 26
-4 41
-1 -17
-47 6
-30 33
42 -7
30 39
-8 -9
-28 -14
49 -5
-34 -27
-28 -38
-31 21
-39 0
-17 25
43 -26
12 38
4 -45
-15 -6
8 30
-23 36
-4 21
29 13
-26 -4
-14 39
5 48
-14 3
-4 43
14 38
39 -33
-43 -23
-17 -10
-32 19
-18 -3
12 34
12 -39
40 -25
18 -8
14 11
6 -26
-4 -9
35 -36
11 31
43 48
19 -24
-47 -38
-46 -10
22 -21
48 -21
43 -2
-43 -19
0 15
-26 -10
-48 43
1 24
-45 -38
48 35
2 37
-44 -26
-33 -35
-7 21
-22 -16
-42 -5
8 -38
31 -34
-16 20
-8 -41
-7 19
32 23
47 7
46 -13
1 -42
36 30
28 42
45 30
19 -33
-37 -26
0 8
-25 -8
32 -49
-25 -18
-35 27
-44 0
-42 -43
6 13
-1 -44
45 14
35 -39
4 -43
48 -49
-47 5
-18 38
26 -19
5 -6
-9 45
-16 44
-6 8
38 -36
38 8
-5 47
12 -8
-15 -34
48 47
-32 25
-11 8
-6 -16
39 26
1 15
7 21
-13 12
-40 -4
27 -49
-38 -37
-8 -27
-1 -46
45 -46
32 31
48 16
10 35
-31 -48
-24 18
-5 -9
43 11
-31 43
-44 1
-15 7
2 -2
11 36
25 -23
9 35
-1 -4
23 6
-38 3
-5 11
-43 30
39 -11
-10 -4
13 49
-29 49
11 -21
-41 -20
-49 -25
46 -13
-14 -3
-38 2
-29 28
-29 29
-22 -37
-8 -35
14 17
-21 23
0 -22
-1 -6
3 -13
24 7
20 -4
-12 11
29 -30
-18 -31
-36 -48
43 43
-30 19
5 -44
-27 -21
12 -34
38 35
-43 -9
-2 2
-41 3
-15 33
-40 -32
-11 33
-39 30
-22 37
37 33
-5 -24
43 9
-46 -27
-37 -26
0 16
45 -6
5 -4
2 -31
-41 -17
-35 -25
49 0
-44 -18
-10 -39
38 40
-4 -25
0 -4
-31 34
-45 -3
-3 -8
15 9
15 -25
-5 28
-31 -23
30 -35
45 -21
41 49
0 -26
16 -44
-29 -33
36 44
-7 2
36 -43
44 -33
37 -10
-9 -20
9 -46
-11 36
24 30
15 49
-48 -25
-49 27
-43 40
0 47
1 -40
-23 -23
-27 -10
-28 -16
-43 -3
2 -26
-3 -1
-37 31
-45 35
-1 -46
-31 -46
18 47
-6 41
11 4
48 16
-49 -33
-25 -41
-7 -6
29 43
45 45
-7 -9
20 48
-27 6
21 39
34 21
33 47
-41 -19
13 -41
47 29
48 4
-5 22
8 10
-22 -28
21 -36
47 -6
-30 41
10 42
-20 19
-26 -42
23 40
-47 30
31 37
-26 -18
-7 46
35 25
33 -42
-7 24
4 -15
36 -44
-25 -30
42 -31
7 31
38 -46
-11 21
16 -46
-33 -28
-12 -16
33 -2
25 7
34 -6
7 -31
-20 -43
-26 -28
7 -45
-16 13
-2 42
47 -11
14 -11
28 14
42 -1
4 -8
10 -40
-10 -25
-26 28
-38 -6
-45 -27
-38 0
-47 21
35 -6
3 -9
11 28
11 8
-20 42
-43 31
33 11
-7 19
20 14
17 37
-13 -36
-15 -30
-8 1
-26 36
-14 41
17 -15
4 18
0 44
48 19
-6 49
31 -20
38 -19
22 -23
-44 30
-43 -7
22 -21
31 1
31 21
43 -21
23 42
31 -3
0 0
23 11
-44 -46
-41 27
-35 -2
-12 39
-26 38
3 41
38 25
-43 30
26 -37
-41 -29
-27 1
45 43
-30 -7
8 -22
-23 -25
-42 46
42 -39
-30 22
14 -49
-31 0
-33 0
-10 36
-7 43
-7 -6
13 -41
-24 -40
43 21
26 0
-40 5
3 -41
-9 34
31 -3
20 -32
24 35
-49 12
-5 -49
27 -19
-21 0
-11 -10
-40 -34
-3 45
-21 -40
-36 -5
46 -28
0 9
24 -48
-5 3
-4 -47
46 10
-45 19
-35 -39
-18 -13
9 -25
-42 17
25 -12
3 31
-16 43
-12 -19
-27 -40
-45 -38
-43 -39
-27 7
13 18
2 -35
4 -39
-14 30
34 34
-48 42
-30 38
38 -12
-47 43
-34 -24
-25 -20
13 2
-9 36
-38 43
-25 -11
35 46
33 -39
24 11
-38 48
-39 39
42 -45
-15 33
-43 -6
16 14
22 -47
-43 18
-26 -23
43 43
-1 7
-49 -30
33 -32
10 6
21 14
-14 -5
48 16
-9 -39
21 -38
-26 32
22 -38
49 15
-25 14
-44 -31
40 -36
-40 -46
-49 14
4 8
19 5
43 23
-38 -41
25 49
-33 -7
34 10
28 -14
27 -31
-37 20
-31 -31
31 -14
32 2
-49 16
-29 39
5 -6
-42 3
23 -31
7 29
22 -32
-18 -5
18 -10
-2 -2
41 32
-21 49
-27 -16
7 -30
29 44
-4 -28
-3 19
-17 9
-10 27
-20 -34
-29 22
-11 -14
48 -46
0 -1
-36 33
-42 21
-20 2
33 12
40 9
-36 27
-27 0
-33 33
1 -47
-14 40
-24 20
-23 -22
-35 1
13 25
-29 22
-21 -31
0 14
15 12
47 32
31 -2
-43 34
-22 -23
7 2
-24 1
-37 7
-36 -19
-2 6
21 35
-34 4
-9 42
-47 -39
13 -28
-33 -41
-22 -11
12 -38
41 46
-48 24
40 14
29 -1
-11 30
21 22
39 -37
-21 -23
9 7
-9 12
-21 -17
-47 40
-3 -22
-18 30
48 36
-1 18
-20 27
-42 -38
32 -30
7 1
-49 22
-40 44
34 -44
-5 29
35 21
35 35
-12 -22
15 -37
24 23
-8 -39
-39 23
5 42
45 -20
-2 49
-29 -9
40 -14
-35 49
9 22
-43 31
-41 -44
0 -22
24 -22
-8 -5
-13 10
27 10
-44 -8
29 27
-42 24
-1 -5
-7 42
-1 -43
30 13
-17 17
6 15
17 -35
26 34
36 -20
-11 34
-19 13
-48 36
37 17
48 -42
22 -3
-22 -30
37 9
6 7
-8 22
-10 -20
35 42
-48 30
-29 49
33 -31
-29 4
-36 11
23 28
4 -28
-28 46
-2 -17
-32 34
-22 -11
29 33
1 0
-9 -19
-34 -13
-21 -46
8 -10
-26 47
-48 35
-6 -20
10 -31
-29 -24
35 -40
39 -10
30 6
-26 4
-14 17
43 -5
29 -24
-43 49
-5 36
-37 28
18 14
-25 -40
-23 -35
-30 3
-26 -10
-33 -13
48 20
-16 21
-35 35
-14 -34
-8 -42
21 15
41 19
-43 -9
-18 -39
35 44
46 39
32 18
32 41
-34 -26
47 -26
0 -38
-2 30
37 18
6 18
-41 32
15 38
-30 12
27 1
-30 44
0 -41
-37 -41
49 -47
-48 12
11 39
4 -45
-19 -41
-25 -24
-42 35
11 -3
-14 45
-39 -47
6 11
-27 18
-23 -38
16 1
19 -21
-24 17
-30 -45
43 29
26 -30
45 -39
0 -36
-3 3
9 -17
3 -15
8 -23
-2 23
-32 -32
38 31
-36 15
24 -15
-35 10
48 -19
-48 48
21 30
2 -40
-12 -31
-42 -43
3 -29
-39 -15
35 16
44 -11
-34 16
-5 -25
-34 -8
-34 -16
3 -33
-16 9
-7 -19
-13 -45
8 41
-22 -40
0 -47
12 -49
5 32
-19 0
12 43
26 -48
25 41
-46 45
33 -24
-7 -49
-46 12
-42 41
-22 1
-19 44
-19 -22
45 -30
-23 49
19 23
-45 -21
-32 46
9 -16
-17 30
8 30
-23 29
16 22
-44 47
1 38
27 -42
-14 -14
-49 8
27 -15
6 -8
12 40
-34 -40
41 -48
41 33
-17 -16
-4 11
35 40
-17 28
34 -14
-49 -43
-42 5
45 -8
-18 -39
39 40
41 16
-42 12
11 -34
10 21
12 8
-44 24
2 17
-20 -49
-24 -8
21 37
9 0
-27 42
-6 34
-48 -19
7 -2
-40 49
34 25
-1 1
15 -42
-34 43
20 -8
41 17
18 -2
-11 47
15 24
-47 10
-35 -11
-49 12
-43 40
-19 14
14 -11
-36 5
-27 -15
-32 45
-41 8
-5 48
-13 33
-33 -38
40 23
46 -49
-32 -18
32 -47
38 -19
10 -5
-5 5
-14 5
0 -44
37 -9
43 34
-1 -4
43 49
34 -2
2 -16
34 -17
-48 45
4 -20
-8 17
43 33
25 -35
-34 47
21 -41
-4 -10
-9 -23
16 -2
42 -48
7 -47
-49 -34
48 -46
49 -41
-7 -45
43 -41
20 -24
46 32
36 32
48 -43
23 -10
-6 -2
-11 44
34 42
30 36
-14 48
0 -33
-36 33
1 -21
37 22
-25 -26
-23 19
-36 -20
-31 29
5 3
42 7
25 -45
21 28
-4 40
26 38
-25 -23
-45 -11
3 -35
25 -19
-46 -47
-17 -14
-33 -25
-32 -6
49 26
-29 -3
-20 -36
-22 18
12 -20
-1 23
30 9
-43 47
-3 6
-49 38
31 8
18 -28
-7 16
-3 32
-1 -37
-2 14
-8 -19
-31 18
49 11
-1 -4
5 3
-38 17
40 46
-19 -19
22 21
-6 34
-35 -30
-31 20
-20 44
11 -24
-43 -23
47 -15
-13 -23
36 5
11 -32
-6 21
23 5
-27 20
-11 27
21 33
-5 42
27 -22
-43 35
-28 29
24 33
20 31
25 -30
-36 -13
16 0
-24 -41
39 40
-16 -46
16 -41
24 -45
47 -39
-7 -35
42 45
-36 -42
-24 33
-46 44
-16 27
-49 21
-46 21
35 31
-18 -14
22 43
-19 19
40 -47
30 12
-23 22
36 -42
40 2
-24 30
44 -1
-44 -7
42 46
-11 -43
-43 0
41 -27
14 23
-44 46
-28 5
-19 -11
29 22
-5 -3
8 -5
-30 27
26 -25
2 8
29 26
-14 12
-18 -37
-5 12
41 6
-38 -14
42 -49
-33 18
27 3
24 -31
-25 -6
30 -40
7 22
33 5
16 -37
-25 13
10 -31
18 -25
-49 -1
-49 35
1 43
-7 26
17 8
5 42
-19 -36
13 -18
-49 18
-5 18
-27 -16
-5 -5
10 -18
-47 40
-46 -28
1 -32
24 7
6 40
-5 -24
-9 -20
-23 35
-47 -40
9 -35
-41 46
2 -8
33 43
45 39
19 40
-13 -11
1 7
-42 49
39 42
-47 -32
33 -42
38 -40
-24 -22
8 -12
36 37
5 46
1 -11
-13 4
-22 -34
-27 28
33 30
-23 8
8 46
44 -46
-24 -13
-37 -1
-28 0
28 -4
47 -35
-12 24
14 25
27 45
-34 -13
32 17
-49 7
-15 -18
-2 10
-36 -6
27 15
-23 -33
2 34
-12 0
9 -38
-18 3
26 -20
35 32
-20 23
-25 48
22 36
42 -44
4 38
4 -40
9 38
2 0
46 34
-9 26
-3 -8
24 7
-17 35
10 25
20 -34
5 -35
-12 -13
-13 -20
-9 41
2 37
-12 -40
-19 17
33 -45
-25 -6
-18 47
-37 -29
-24 -11
12 -18
-4 -43
14 -46
13 7
-4 9
18 48
-24 7
-40 29
28 20
25 8
44 -4
-48 -24
-48 -18
-6 18
0 5
-17 -40
33 21
-25 -27
1 -19
-19 -11
-19 -19
-47 -23
-28 -23
29 -6
29 -23
36 -9
-8 33
41 23
3 -33
36 32
-47 5
-1 -49
47 -3
39 36
31 -22
28 -23
-23 41
-19 37
0 -31
-8 -40
1 -9
-31 36
-9 10
-19 -33
13 29
18 43
-49 31
-30 38
41 11
6 27
-10 -4
-38 35
24 38
31 11
-10 -14
17 -24
45 -16
-39 -14
14 8
-25 -5
31 29
2 32
-31 -24
-25 -5
13 -7
10 -6
-21 -4
-27 -43
0 -23
28 3
-13 -44
-15 27
6 -35
32 -12
0 0
5 16
44 37
20 -2
18 35
2 -42
-25 -2
-44 23
37 -5
-43 21
-48 8
-27 5
16 -32
22 -17
41 -1
-8 40
28 -29
16 -17
-23 -7
17 -34
-44 7
-35 39
-24 -46
-8 37
-8 49
-47 -15
-41 -47
45 -36
-46 29
-18 -46
12 12
-22 43
33 47
9 31
9 -21
20 28
26 8
26 -49
-31 14
9 8
17 -46
7 -12
18 35
45 -15
27 -46
33 -10
3 14
16 -19
34 -28
-25 -38
33 32
33 10
23 20
-29 -40
-20 -43
-30 7
40 -33
-31 -14
-42 -37
34 -43
46 -39
-7 -4
-39 45
15 24
-5 -15
42 30
19 -27
-46 -44
-17 -38
-24 -35
15 -23
-47 -31
-44 -33
-4 18
-34 4
30 3
47 16
-43 -32
-40 -49
-30 -27
-1 43
