-2080 1057
-2403 1812
-850 126
637 -916
2020 2521
-1205 2132
2692 -2798
2519 -205
-1292 1883
1335 1706
-2455 -1313
806 -1253
-2012 746
1970 -78
735 -817
2630 -1397
1413 -1477
-1019 -156
2074 -877
317 2025
-1592 1198
-949 261
1144 -1119
-1143 -142
-309 2175
1681 1725
-2383 -2115
-2707 1886
-2397 1376
1296 125
-614 -349
951 532
2575 -1661
668 2936
580 1234
-1128 -717
540 -1497
847 2677
2933 1038
-1629 -791
1535 1407
205 -291
-426 447
123 420
-2703 1004
776 -87
-2271 247
2660 -1228
1095 -200
-2491 -1613
2392 289
676 1663
2603 -1967
-389 -2306
-1540 368
-2937 -1721
2055 -1391
2613 2790
356 1760
2042 1089
1481 -2007
-688 2191
-305 -1603
327 960
290 771
-778 477
2972 2121
669 -2302
1961 1105
-2282 718
-1163 -1988
1740 -627
-1859 1767
-513 -1096
1940 -2809
-2305 -742
-110 -1008
-1554 -36
-2082 2136
-1640 703
1385 836
-2218 476
-509 907
-1589 -187
2820 -1724
-745 -1375
-761 268
-538 -781
-1199 1724
411 -2482
2058 1179
-1554 1832
1991 -783
-2131 -561
-2172 1583
1201 867
-694 -56
2295 2116
299 -1003
1651 2008
-2609 -1641
266 -2388
-2247 2812
480 1024
-2302 1568
-2389 -118
-1571 1821
702 -2298
903 212
-1576 2645
1254 1890
-2974 2389
-2037 -1451
-2614 -1404
-89 -1748
1405 -962
2550 -1048
-1478 568
-2272 388
-1314 -1971
1186 -460
-2927 761
474 954
-2273 1653
-1194 -865
614 -2445
-2472 -2297
2926 572
-2960 -730
-933 -942
-2531 -1122
2517 1084
2005 455
-1240 -2053
-378 -1968
-450 552
-2147 -2582
-2812 -2319
553 1733
-1040 -2190
-2153 -2489
-1391 -2315
-1928 -2880
-2387 894
-1721 -1975
-1868 2591
-1274 -244
1725 1938
-2045 -2405
1453 2116
352 -227
1567 -1445
1542 -1578
-1128 1661
680 -2274
2835 -1449
-1438 -482
-255 -774
511 -846
-397 308
1270 684
1029 -2285
1514 280
-2761 2676
-1752 2442
-939 -761
151 -1155
-2798 -2315
-88 609
-798 1467
-1247 -513
1099 2941
-217 -247
-2460 -350
2268 2687
2914 46
739 -784
247 -631
726 -2308
-202 837
-950 2937
-2219 -1374
-1093 -604
-672 2829
449 -2231
-1455 1337
272 2648
2631 -1335
50 2503
191 -173
-2338 -1062
-1737 1918
-2669 -2671
191 -2597
781 -2090
-2754 -897
-995 908
-1187 -390
15 -2303
-2827 -2823
28 -181
-2811 232
1573 -499
-1242 1443
525 520
588 1642
506 1404
1751 122
-2103 1622
2564 2572
-390 -2135
-1399 -2531
2893 -2403
-890 1906
-2264 848
-2237 756
-2070 701
-524 2572
-1454 -1922
2075 -29
-2598 -2711
1810 1109
2212 -656
1065 -1462
-714 2233
-746 -1978
-1884 -660
1615 -1068
2800 -1327
-367 -518
2031 -1006
2865 -1498
-1609 1782
1428 474
2857 739
2764 -1661
-182 797
2140 984
-2612 2711
-835 -464
-2369 2981
2702 279
-835 294
-2144 -1339
2773 2762
-2890 -88
-1072 -977
-567 1796
2632 747
-2112 -499
-315 2258
-1587 -36
1270 814
-433 885
-1066 -1364
-522 278
-870 -986
-198 1745
2047 -291
-2742 -1322
2984 -2532
1291 -2742
2353 -212
-457 -2467
2407 -6
-2865 -2112
2930 1401
1328 -985
525 1653
-2212 903
648 -633
-1404 2525
2341 -2045
-2739 -1315
-1538 -2092
207 32
-2604 -1114
-296 421
-501 -1196
-2153 658
-975 -1468
1028 -2703
-2045 2013
-636 -2656
28 2451
1722 719
1324 1739
-1536 -72
-32 549
2495 2710
-16 -1598
1101 2482
2915 2632
1907 -2983
-342 465
2508 234
-101 -2619
-1364 -2952
-207 -2396
2227 -1090
-180 2935
2512 220
345 2134
2076 2841
139 814
3 -215
1040 -780
-581 -328
69 2362
1251 2730
583 1752
1652 2984
-1424 462
-2641 1862
-1116 -573
-690 -291
-1054 -1306
29 1613
793 932
-1327 -1376
1205 -322
1250 699
-2609 -2259
287 -194
1152 -2205
-1868 -1805
-1667 -2563
-2698 349
-1720 -998
1568 1103
-1702 70
2995 -2799
-1629 1951
2878 1039
2040 2475
-1578 -2564
-1977 2132
47 -2926
93 -2970
-1447 -169
-101 -1772
740 -659
-1380 -1204
-1175 -2960
945 -580
-1263 -2486
-1547 -1464
-2517 1236
-614 -2160
-90 -307
-146 -1472
2625 1548
1737 -2122
1431 2834
2987 1670
348 -2889
638 -2435
-2667 -2723
-337 -181
-121 -914
-2246 -1269
1063 1458
1348 2823
-2894 -1510
-2472 -1836
-784 -1567
-8 1230
-592 144
1075 -2531
-1950 1220
-340 -2899
-1838 2605
965 -1165
1971 1641
535 -1085
-1149 -2605
-2828 -2559
-1390 2667
-1716 -1983
-1851 2376
1984 681
2645 -101
-2694 -436
2905 1617
-2869 -2040
2036 1259
1926 2446
1403 1550
-107 -1784
-209 1480
-982 -1874
2802 801
490 1940
-2069 -2532
1082 -134
-1834 2493
2513 -2130
-193 127
-1662 1306
-2032 1379
-2350 -1945
396 -234
-194 -1147
2476 -369
1519 550
1745 -396
2941 -2169
2915 -1379
2860 -1591
2200 -469
2823 1871
-1201 -464
-2154 -803
-429 -330
-2576 -1508
341 -838
817 2750
1884 -1170
987 -2677
-1657 -1338
2191 375
-1123 450
1042 -1041
-568 2698
1825 198
-1150 -1888
57 1870
-1902 -269
1607 894
-2921 -1801
2289 369
-1625 -184
-1448 -513
1388 803
-182 46
1590 -2236
-2834 437
2054 -539
1310 692
-1903 969
1367 742
2691 1788
-1463 118
2336 -1236
1723 -770
2250 2633
1149 1862
-1801 -2381
-720 1785
-194 -1201
1761 -760
-989 2043
765 1715
-753 -2065
-1161 -313
2104 2504
-563 -55
-1444 -300
2439 -1128
-2668 -2793
-665 -725
-2213 750
-2687 1528
-1570 -1924
-1766 -1593
1428 -1330
1387 1473
1652 2770
2050 944
-1734 1401
-828 2765
-456 66
992 2080
-583 2288
-910 -2525
-737 -555
1209 1181
677 2295
-2726 -2984
2360 -779
-2765 -10
823 508
-2163 -489
402 1052
-24 1634
-972 1482
1158 -859
332 162
2538 -2812
-1972 -458
-809 942
-1012 2104
1653 -50
-795 -2393
318 23
1651 -1579
1979 -2802
1211 -368
-200 -359
1047 -2983
-1948 2592
-2690 1256
-703 116
2670 595
2160 -2031
-1952 -1269
538 46
-2134 1982
1924 -1300
-548 1720
1623 -1236
-2473 678
2827 -1631
-1651 1073
1989 2510
844 -1514
509 -53
2001 127
-411 2298
2979 -481
-933 185
-1324 -2350
1257 895
-2931 -529
1142 -554
1307 -2003
2851 -86
-537 -1563
-909 2661
1909 -426
-880 -2538
2588 1153
-2037 2662
-131 -1815
884 304
1342 -13
616 -1448
-1219 1356
2516 2019
407 -2513
703 1362
-27 -2774
254 82
1389 874
816 -1301
-1637 -2930
1373 361
183 268
2566 1570
-202 2073
1737 971
2455 -1990
866 -1863
2528 -1585
758 2958
643 1901
-1811 564
965 2246
-1726 764
1375 -1280
2076 716
-640 -2315
-2618 2940
1705 -2195
683 -116
563 2358
2751 -2934
62 2103
2603 -2744
2521 -1368
-577 2340
-2688 -535
780 -2631
626 -1935
635 799
-1172 2542
-2243 2210
1606 -1778
2699 1622
-24 -855
-2956 -2781
2076 387
-1572 2492
-1096 347
-1117 1869
420 299
-1830 -2529
-1963 -2765
-1826 -927
-1873 -2538
2956 2333
-818 -1433
1839 -2921
2251 -1853
1774 -2138
-1372 -746
405 -880
143 657
517 -996
2157 932
-1939 -520
-919 936
1607 -2590
-2648 -2496
2982 222
2971 -1883
-1163 277
2093 1963
1194 2274
-2234 -911
-570 -24
-2326 361
-1277 -1922
719 -1319
2873 -1594
384 2213
2339 523
2179 -2474
-485 1563
-983 -1769
2662 386
2006 1217
-535 -2737
-2861 -2337
863 -2050
2317 -178
1830 2477
-1425 1134
1799 -1944
-331 348
1795 -1728
-2030 266
-199 -2722
-2648 255
2563 -2236
-2164 961
2911 -576
-73 1575
714 2104
2998 2648
-1151 1097
1661 -1241
-1035 2914
-1189 -642
1460 -1495
15 799
-119 -850
-934 -2061
-60 2243
814 -239
1548 -2146
-1020 2265
590 259
1275 -2754
-254 -241
158 -2233
-1599 2705
-1485 -2060
2613 2194
-55 2112
-795 -2109
702 780
-625 -732
1039 -2601
-1294 -1946
1504 1861
107 2769
2797 -1345
131 1154
-41 634
1102 781
-2900 -975
-2197 2398
-561 2524
1827 429
-805 1452
-625 -1290
-1152 514
-2977 2748
1410 194
-960 2862
2703 -2196
949 -873
-2858 -983
1451 1474
244 -2877
315 2288
1993 -1602
-339 2584
-2782 -2216
-2097 261
498 -418
-2185 2016
-503 1065
-1585 -686
297 2801
2908 -756
-827 2002
-424 -695
-818 2541
1362 2965
-2727 1173
-1000 -1589
1892 2127
-2310 -1895
2746 -416
-1146 -300
-2912 -469
2032 -2557
2882 1204
-2162 -502
-1637 -319
-1154 2589
-2219 1276
-2495 -972
2724 2149
2484 522
1055 -44
-2549 -1740
-2574 -1472
997 -2624
403 -1617
-2613 -1545
-2449 -2659
-1135 2714
-821 1770
1625 -648
2250 -176
-1016 -994
-2363 1592
-998 2450
-968 1416
-340 -1535
1992 449
752 -2620
2991 -715
-121 -2963
936 715
-1622 -225
-598 -268
1635 2682
756 -455
-991 653
1535 2812
-402 -1297
1721 -1693
-2703 743
-860 -2994
-2138 -1700
-2133 70
2368 -1288
451 -1736
-905 100
-159 191
-155 1771
153 1289
2821 -2163
-2059 603
460 2621
1164 368
-2864 903
15 1898
-1686 175
-2322 -1408
1608 4
-1642 780
-751 -949
2323 -2194
-1333 -405
-2760 -2023
-577 2265
-2120 -862
210 327
263 -803
-445 1117
1398 -2592
-240 2228
2134 -780
-2108 -2302
-1817 2290
-124 -1211
1040 702
2420 1004
2474 536
156 -290
1271 787
2337 -889
-711 -2885
567 1493
1225 100
2303 1358
-2740 -1410
-1617 599
-545 225
2513 27
-2077 1586
506 1370
-1099 -763
1099 2451
312 2665
2460 2446
2961 2381
883 -1966
-713 -543
794 876
-1456 493
-1982 2125
-2531 2373
-796 634
747 2222
-2472 2232
-1786 -239
126 1746
1332 -2322
278 -497
2484 791
-907 1761
609 2548
-2606 -2034
-1949 -27
591 746
-2084 -2686
-2348 -526
2893 2571
-2253 2540
-2690 -2394
872 -2185
-1765 -183
-2446 465
2645 1325
-167 2956
2065 199
970 -2784
1665 -2403
-1281 1874
1593 2718
-1377 2121
268 2128
1651 -2063
-1510 -2603
2396 -1484
1592 1095
-1698 2296
2349 1910
2710 1396
75 -894
-881 2264
1254 671
706 -2883
2116 2347
197 -893
-163 2182
2173 2289
2518 -2501
-692 -757
747 21
-560 640
-2663 484
109 300
-1073 2278
-962 -1998
1284 -1319
-2926 2980
-435 1782
-1608 -830
-2638 1623
1134 -2791
171 954
2316 -167
-171 2841
-395 -1482
-1370 2626
-2405 -1718
-803 -1126
-2644 2135
650 -336
-2594 -2890
-2628 -2935
-185 -270
1520 -2292
-1115 2619
596 -762
-2224 1273
2533 -1089
-1427 1141
1357 -2199
-2432 -2
-1981 1956
2054 977
-121 -1588
-2412 -116
2349 -2759
1525 2184
-2626 744
-261 -1339
1850 -2477
-1404 -2095
2694 2485
1778 765
-29 1886
1072 -1554
-476 -2892
2114 -1765
1658 2367
2021 -1155
2766 -2461
2067 2978
306 52
-1137 -1901
-1724 -710
-1878 -592
2175 -994
-2220 -208
-417 2136
188 -140
-1293 1858
-1781 -2671
755 947
-596 2807
2601 2387
1747 2469
2053 1724
2495 -2706
1079 1926
1047 -2598
-1485 466
-780 2547
-790 -56
2316 -1964
-2870 1920
916 1272
-2285 618
-2152 -2248
-2250 824
1687 -1465
-2854 762
-935 306
377 -292
-2765 1723
1823 -2086
1788 -1902
986 858
-135 561
-1550 -1068
-2996 -485
-478 1521
1709 -2399
-216 -1048
-2107 576
-2774 -1071
1657 -2827
-717 -1986
1428 1573
-2056 1238
-2964 269
2102 -1793
2284 2909
-451 -21
-1429 292
-632 -2322
-1661 -116
-856 -935
2629 147
85 -681
545 -2416
1182 -1001
294 638
2638 -515
1453 2647
1161 -1683
2262 1625
-785 1573
2136 -1942
-2970 -2117
125 -1097
104 -1195
810 -1282
-2037 1108
2022 -2737
245 -1973
-2081 -1003
1655 -1311
221 1706
-2080 1900
1948 2963
2776 -67
-384 -1744
-2994 281
-2242 -476
735 289
-2303 -2666
-2332 -849
2683 -1838
407 -1862
-1 -1824
-90 2911
1208 2501
969 1433
550 -1773
-2145 -582
456 -1590
-504 2308
2355 -1013
-1813 -1469
290 -1170
1450 1191
-1570 -2732
1617 2576
-2714 -2929
1747 1546
-2597 328
1812 -1484
-646 -229
-2501 -186
-767 2826
-2362 -2823
-711 224
-878 2638
2031 -2916
-1841 2374
1014 301
1949 2972
2543 -416
1266 -1734
1797 -1336
1977 -1864
2290 207
347 2762
-2799 2482
2915 2419
2907 126
2870 2352
-937 1391
-815 2325
-299 -159
-1676 -848
-1740 -149
-1002 2022
1936 -1682
369 526
-2464 1663
-2805 2099
1904 -315
1632 -861
1167 -2157
957 2217
2255 1441
-991 -1285
-258 -1462
-2929 -273
2656 -339
2908 -1587
1817 1234
2860 -149
-1719 119
-682 97
-2258 -1049
2481 516
2146 1840
-2919 2366
399 1607
-2328 416
2841 -1001
302 669
-2830 -2672
1653 2388
-1345 642
-720 2350
2856 -2163
-1689 -2296
-1374 -2784
2832 946
2870 1701
-1713 2338
2552 2310
-1533 -413
-2562 -1396
1176 1830
-2528 -362
-1756 822
-891 1364
-1572 -1206
-2369 -1339
-236 1722
-670 -2067
-2873 -1318
492 1865
-841 -1423
-625 -958
-1693 -1116
2768 107
2498 1034
-1621 -1249
2918 -254
36 25
1504 -2975
773 2582
134 -2406
2934 -1045
963 -2717
-1108 -2534
2108 -651
2480 -1679
756 1825
1995 -2813
-1138 -2174
-1474 -2034
-1119 2213
-1465 -1420
2423 -1714
2865 -635
-618 2928
-2123 -2857
2897 2353
2045 -792
-1420 -1291
-695 2313
2577 852
-1637 -1714
2498 2174
1544 94
1785 -1319
-2889 -1834
-2112 1581
-401 -1739
-2441 275
1575 1600
-1255 40
1154 2833
-2149 -208
803 -1866
-2273 1028
357 -1935
1380 -2461
2683 1872
1358 -1458
-1802 -2391
2796 -196
-1653 -123
-572 1719
-1694 2118
282 2608
-2583 1130
2471 -728
-1586 -35
2270 -2481
-869 -436
750 -1451
-728 -712
1402 -2937
-136 2066
-391 -404
274 -2897
-613 872
1062 -2017
-383 16
593 2656
-95 -890
1126 12
1400 1992
2063 -237
2208 -2720
-1742 21
2550 281
-383 -1698
-433 10
2796 2679
-2490 -2452
532 2630
196 882
-930 1423
-1160 -1158
1267 2079
-162 2901
2278 2678
-2235 -1414
2153 269
-1384 -307
-2553 1817
-606 -1124
-2276 -550
342 -990
-1053 1810
-493 -2538
1949 1571
-100 -2364
2636 -976
-675 -774
1160 -689
1858 -1728
131 135
143 -1504
-1087 -2261
981 -1510
-1783 -2372
-765 1037
592 868
750 -2653
-48 806
-2079 55
-2987 777
-2418 728
1464 -1170
-1789 2037
1793 2519
-2138 2033
-23 -2317
1899 1787
783 -469
-1540 256
-1932 -1425
-2463 -532
-2692 1762
870 -919
2721 2717
144 -1998
2504 -1782
-1377 -1953
1159 2941
111 -1337
1541 1135
-889 396
-1009 2114
-2873 2193
-38 2510
-1500 -2326
-2294 -2180
2583 280
-2050 -828
-2155 660
38 261
-2666 -2269
-207 -1874
75 1749
1209 1848
1189 -821
-705 -621
1003 1327
-2414 -1566
-1909 -2331
-2569 2943
980 -1745
-2231 1639
2306 -2062
2007 -1753
-614 2037
-1345 1275
598 735
2613 -2353
1550 -233
-1543 262
-1279 2034
-381 -2727
-2681 -1582
253 54
173 2444
-498 1890
-2162 590
-2951 2013
-1404 -329
-1711 16
2778 1283
2891 1683
702 -1627
361 -1015
-407 -1216
-1925 2450
2163 1231
1416 -2827
1976 2246
-75 -1478
2315 577
-2150 108
-1804 2083
-1782 -1294
1119 -2585
2334 2666
-605 2705
-255 1947
1252 -1834
-1125 -953
1563 2732
2040 -928
-2270 992
93 -219
296 1250
-194 -1292
-1038 -2991
-951 443
999 2195
-2948 -1146
-1352 1230
-670 -1700
-1312 2457
-523 1031
-609 -2392
2724 -1409
-976 -1214
-889 -2491
-1552 1949
-2781 1674
-2253 2083
740 1530
-2498 -1891
1612 -272
-855 1179
-2842 44
-2137 2237
2515 1218
-293 -340
-278 -2141
-2010 1463
-1001 872
2611 -1159
-1704 -296
-263 814
-316 321
-1794 -515
2053 158
1215 -262
-1471 174
-2891 327
2193 -1092
-2315 -2963
-898 -309
97 -2986
-919 270
1346 -1427
2593 -209
425 -1483
-2164 -509
2469 -2440
2367 606
1716 1645
-2101 1721
-284 791
-704 -1719
80 -2293
-2402 1190
1085 1640
-322 -780
612 2913
225 -514
376 153
997 -465
1905 -2362
-2328 -570
1547 -1904
2299 -1150
-2259 -2930
-885 2516
2890 260
-537 -784
-1406 -2602
-189 -2650
-1592 901
-872 1322
-886 -933
2496 57
1302 1604
2577 -269
-790 -1771
1424 -858
-37 448
2320 -1673
1915 943
2566 720
-1651 1776
-337 2722
2655 2239
-999 -369
185 1438
-962 1793
-1921 -394
1999 -2660
1853 -192
2369 86
2101 -1995
1865 -2856
367 436
-1756 2295
-1687 1000
-1995 -1402
360 1671
2155 2512
-621 2070
-713 2650
-539 2064
1613 2480
1608 -2297
-788 -1566
-1045 -71
-2637 543
2325 -2642
-2104 177
-1853 -1149
-2483 2513
-2811 882
404 208
-1694 2523
2859 -835
2109 -539
465 -511
1600 1716
-911 556
1930 -2313
2074 2658
-2079 -275
-2711 2914
-508 1848
1013 -1949
-19 -1871
-2612 -740
-1756 -991
-175 -1382
2608 -1783
2888 2516
-934 960
-762 -737
1617 2880
637 -2712
-2591 659
597 1505
-848 -657
906 2036
-1547 2201
1296 -35
1918 536
560 -1142
-2620 -1059
2749 604
2191 2488
-2406 -434
-542 -2162
-2075 -1782
-1012 -1480
788 2309
44 -2390
2955 -1905
-1675 623
-2208 2417
2187 -2212
872 353
-1055 1843
2365 694
950 -2753
2947 -1127
1409 983
-2902 1864
-2872 2314
2701 307
1968 2502
-2665 -2607
2484 24
1092 -1861
85 1906
1621 379
182 -2382
894 214
2043 -1499
-2587 -2254
-477 2866
1809 -242
-1500 810
329 -1583
1675 1315
-680 -2717
-2582 -2467
-1253 -2279
529 12
-2185 2396
-2752 329
965 -2294
311 -1164
2015 -57
2773 2317
-239 2593
-2869 -2021
208 -1565
1521 -2412
567 74
-906 1699
2326 -1732
110 -1426
-2914 656
-865 -2086
-605 639
-523 1631
1566 -1210
2213 2704
361 -333
-665 2644
-1424 2950
28 2360
-2157 -2368
-2200 -1998
-1529 1431
-2108 -994
-2202 851
1560 -2222
2412 2017
1919 1412
-2328 -2896
-2506 1459
-1864 -2721
2181 2096
-2989 1079
130 2044
-707 2680
952 1262
88 -2167
2870 1857
-1380 -1774
-1265 1689
1554 -332
-1665 913
703 1843
2173 2160
1646 1449
760 -1834
1630 222
-467 489
2962 -1222
-1154 -527
280 -1682
870 763
2348 992
2922 -2367
1549 230
1568 2869
-1104 2480
-2127 -705
-2740 -329
-640 1885
-1414 -2772
-1322 1112
2050 -282
-1500 2447
-2383 -2910
-991 -1043
1003 -906
2242 644
-95 -2256
741 1527
-2706 -2346
2254 1557
-186 -232
1807 -2794
1622 -2697
-878 -1990
620 1826
1276 -1520
-1281 55
-395 -381
2743 -1588
-1939 1771
-320 452
-2225 -1253
-739 -1899
-2848 2019
2413 1032
2696 1408
-273 1803
2783 -1168
1979 -2918
2791 760
2843 1942
-2588 -1442
2072 -1630
-1458 224
1964 -957
2923 118
-1553 1076
2673 2840
997 -2323
-2038 1918
2541 -1369
-1526 -1044
1700 -754
769 2683
1084 1661
-1608 -2204
2910 -1466
-1543 558
947 2780
-1440 44
-280 -1480
-926 2301
-1974 -2592
-1595 1993
2122 -610
-1593 1914
-1585 -663
-2025 -2648
-1828 -2783
2884 -2470
-336 -2725
1143 -1695
-1857 -723
-506 2914
-2634 -1958
340 2913
-2252 -1551
-900 -591
-124 -2335
-2052 -571
-83 666
-908 -2367
-588 -942
1020 -2391
2173 2888
712 1819
-671 -1490
-526 636
2119 529
2009 1084
823 2687
-619 709
-2941 2838
2782 -515
-2134 1371
-1448 -1104
-2713 161
-565 2187
593 2616
-2995 -2658
2061 2568
-2882 2614
990 -1422
-1483 -2592
2783 790
2090 -1147
79 1679
2875 2839
1408 1937
656 -2788
1428 -1629
1990 -1467
-2389 -45
-1390 -1765
-2763 -850
515 -2999
1735 279
-1429 -1987
-1227 -912
-874 119
40 -2346
-1888 -2869
2437 552
92 1236
-1726 -433
-2922 -912
226 -646
319 -1767
1094 -2729
-2006 -478
871 -997
-1525 1622
2367 -2153
2959 -919
-580 -685
2374 -725
2854 -1727
-67 2266
2538 -2938
260 2846
1326 -48
-1203 2102
2316 1874
-868 2510
2613 1679
-897 -56
2821 124
761 60
-2377 481
910 -2724
1210 -1025
-2437 -2010
-2147 1313
-2407 -158
646 2326
-54 -2381
-1590 2060
-978 -2082
1803 -123
313 864
-2932 -187
-2956 2094
-765 -2029
2347 -270
388 -134
2609 -620
-1628 2491
-274 -889
-2579 -1577
-2502 1973
-1567 -2517
-67 -5
-2992 1433
-1006 2538
2013 710
-1699 -2356
-1769 -435
-549 -681
-370 2890
927 2848
-1005 732
115 -2077
-1010 774
-1362 -167
-696 1174
121 123
2265 -177
-392 1900
-773 -481
1045 -2499
-1854 1658
1830 1414
-905 -2190
-1067 1266
922 -968
-1951 2174
-1060 953
-2817 -2889
2419 2483
-682 -192
1707 -2459
-2804 -2606
-2001 -1555
-1163 -761
2266 2507
-2820 -1460
-2559 -2046
-2795 -2177
-271 -2395
1015 945
-1027 731
1741 2247
117 -2876
-1424 -1745
2203 806
-1964 -1231
1897 -157
400 333
-746 -599
1348 1872
393 -2333
1130 -225
-1157 -1697
-2961 1961
617 2901
-415 -2728
1614 2416
652 131
-462 -2359
889 -1299
2476 1723
1819 1634
2295 -1785
-438 242
1212 340
1613 -2878
418 -2825
-2065 -2617
-1843 -93
523 -1764
-2478 2754
1828 1125
1197 1997
-327 -2350
1554 1293
2869 -1749
-117 -212
1457 1135
84 -440
342 -2032
1901 2660
-2772 -1248
2669 -548
2998 2777
716 984
-2825 1725
1819 -969
684 901
2619 1765
-2928 -2871
-411 1344
-772 1099
2982 -2611
10 -2079
2301 2007
-2560 214
976 1146
2789 1461
1465 -4
2668 -2713
-457 2791
2094 1055
2360 -384
2779 1563
-1129 -1209
-876 -1361
1352 -2886
-39 1253
-828 1526
809 -1821
445 880
-2731 -657
16 -875
-715 2875
-904 -2280
-1702 2329
-2993 1141
2723 -1245
813 1127
-2128 -804
2062 815
242 -1267
1576 1060
-2830 -535
1089 -1913
2969 748
568 2144
169 2674
-1696 1103
-1037 -2965
-2714 2780
-2185 1096
-2008 -2568
-2900 -873
517 -2877
1798 -945
-2029 1653
611 2686
-1769 -625
-622 -2344
-1471 -395
-1610 -2261
881 1371
2088 -2709
2115 926
-2278 -614
2181 -2085
2790 -274
-1443 -842
-2389 -2388
2829 -195
-1081 -875
-1929 84
1314 2238
-1748 -1950
1349 847
1853 -1454
260 636
852 199
-2220 340
-492 1410
988 1269
816 -2726
-2987 -22
94 -2057
253 1653
-1024 -2766
51 -830
-2927 2253
964 2831
765 -1524
-2593 2588
2904 68
1073 1933
-197 289
-2508 2841
2606 -500
-2903 -2084
-908 -1243
2543 -2579
1000 -2948
-2612 -935
-600 2037
-72 -715
-2038 1564
-162 -1646
-185 -1479
2248 1881
-2581 2302
-1878 -1770
-2989 -1213
-2832 -1022
1390 2907
-1829 -72
1245 -2155
-700 -901
1828 -1580
-2008 -110
-1385 -384
2122 -52
2533 2076
-499 1373
580 1112
1273 -2388
2933 2114
2506 2855
-689 -2725
-1867 -1088
2981 264
-1494 -1720
2833 2933
2110 718
-44 -2834
1419 1771
1549 -145
-2489 -2423
-2567 1403
-2053 2887
1108 324
-1612 2471
206 2385
1648 -15
189 241
-1707 1078
429 -1233
446 2797
-2801 -1828
1295 1319
-2255 1622
2656 -1180
-2599 332
-1798 -422
1686 -892
-1779 -444
-467 -1038
-664 -1604
2120 2777
1287 2249
2391 -2966
2821 1994
-2999 -2683
-226 -1841
1446 -2211
724 1457
204 851
-927 -2030
982 -972
983 -1099
1746 597
553 -1558
2801 -2361
2509 1478
-1897 -1992
2989 1858
11 -684
360 1555
1963 -2824
2575 -2624
-75 -65
-2607 2878
2155 -332
-1315 853
-426 2531
272 -1909
2021 -1476
1993 -744
900 -2630
-2729 2412
2028 1618
1155 1207
-1899 2030
707 -2156
-2122 2109
1640 790
-2812 2007
-1518 -2300
885 1158
-97 -838
-2729 -246
2548 -1159
-1081 -2325
-2467 2091
2577 -2348
-232 -1591
-356 -749
-474 2998
-2238 -141
2012 1426
-618 2030
2326 -1439
483 -504
-2062 1083
-1679 2709
2795 1509
832 -2867
303 -955
-1624 -623
743 -1329
570 2043
256 2625
-533 -588
-817 1851
749 -825
1470 -2837
-524 149
1950 -1346
-2281 -1696
2530 1417
-1321 -478
-2159 1803
1037 1345
1482 -2649
-1095 -614
-94 1078
-1674 1256
1916 1099
1206 1751
61 1423
-2425 1507
1512 -2497
1311 -381
663 2334
2937 -1407
-571 1993
1637 1634
-1818 -2895
-2475 -2484
429 -787
122 -713
-361 7
2226 -267
1168 1171
1674 2830
-2046 -2977
-903 502
-496 1292
-2516 -2321
1835 -841
1295 -1890
-2739 -1819
2993 -1551
1382 993
1149 921
-1673 444
791 1389
-1966 2495
-2679 1733
-504 -2588
2193 -2606
1013 1719
-2372 -1625
2933 2076
-1193 -692
1935 -544
-2466 -2975
2691 -1889
2826 2743
688 -1562
1831 2206
1143 2270
-1644 -876
1279 -831
2536 -1078
-1240 -948
-485 -860
-238 1968
1529 -126
-1891 -2101
-1387 2362
-91 2330
-46 -1737
-1514 2845
-2841 205
-2224 -1843
-2097 -1912
1073 -2117
1978 -1061
-2199 -1024
1417 1441
-1980 -1091
2223 2992
-1404 -1281
-681 1735
-1653 2607
-1468 2233
2063 1141
-107 -2662
1076 66
1118 2442
-989 2483
2958 -434
1482 2485
-921 1697
-116 -563
338 -1487
-2149 -2182
657 2876
789 2031
-2741 1650
-2327 -1341
-219 -2019
-1554 2501
697 -2310
-363 1241
1605 -491
1204 2734
207 -369
1350 858
1369 -2426
2806 376
-1764 -1498
163 553
-1685 -1017
1006 -2806
-1535 2715
-1992 -586
1951 -12
726 -1240
199 -2485
-1357 2309
1444 -2073
2871 72
321 2474
-784 -1599
2393 -1553
-525 1168
-171 -1482
-2480 1261
2767 543
-2699 2334
1499 1392
1865 -1051
-2703 -2892
-2422 1997
-1312 2099
1946 -143
-941 207
-1017 -2127
-1218 199
-1385 1688
2559 -197
2546 -526
346 -2512
-47 387
75 103
-1378 1541
478 975
544 1353
2518 -2694
1552 1513
2386 1660
-1658 2792
-379 -2126
1219 1586
733 -974
-2969 525
-316 -1876
2069 -2521
1751 -1256
-2714 -899
2693 -2707
-2176 -527
-1337 2538
-178 -2465
2054 -2191
1472 821
-1573 -1331
2635 -2471
-2276 1975
-265 2108
-668 -999
333 -502
-977 -2207
2606 -2358
462 2109
947 1224
2890 93
171 -526
-435 -2597
-854 -2482
862 -1249
302 2131
-2676 693
2212 -1341
-2463 -2877
-1595 2639
-2406 -792
2722 -2978
809 1482
1867 -74
583 -2519
-2702 -1334
-345 -2383
-656 1193
-458 -2906
2330 -1747
713 320
530 -1653
-1051 2727
1104 -868
-1528 -1004
-2411 -944
1744 -1523
-1825 1905
1295 2058
844 545
-1376 1908
-1565 335
-2890 369
2940 -301
-97 -1201
-252 914
1973 1406
-2943 2550
2005 1027
-438 -67
342 -627
2377 -2232
-1927 -2407
-618 -2608
1285 -31
-2563 -1797
-276 2187
-1477 2587
-1573 -1969
-512 -1909
2499 324
20 -294
892 -256
1564 998
-2995 2446
-883 -739
-1970 2648
2359 -905
-2726 -2997
-1803 2717
-1827 -1853
-416 1827
-617 936
-2392 -2864
1234 2718
-1055 -2383
834 -1438
-2780 2159
392 -439
2408 -2391
2738 -734
-2844 1204
1638 -2141
868 118
2303 2025
-421 -1835
-2523 -1596
-2102 -2177
2679 -1816
2934 -1511
532 -2234
2710 1289
2655 1437
-448 2943
-1647 2726
-2009 -51
2253 -470
986 1921
-1833 -1800
-2258 -940
1726 -435
-2968 1610
1884 -672
-205 2795
2997 -1552
1765 872
-895 1986
-874 1000
55 -620
-444 1160
1397 1395
1644 729
327 -1119
1406 1317
-1339 -1952
-2422 1135
564 2310
-2447 2585
1782 1675
-880 -2193
-1746 1329
1698 2664
1426 -2548
2484 2135
1074 -1728
-203 1153
-1814 2154
15 2795
-1556 1894
1770 -1779
2881 -2513
1489 1927
-1349 -1544
73 -179
-2705 -2724
1285 2106
2615 -414
487 2313
-2913 2760
-2465 1688
2796 -85
-1942 2805
193 -2329
2938 -2388
1265 2909
559 -940
1467 -1677
363 2246
472 -1101
-597 -1697
-2177 1421
1898 -1627
-266 2722
-640 1775
-314 -2191
-512 -2121
1953 1983
-1965 -652
5 -162
-1176 -743
608 -1634
-549 -1954
-2408 1608
-387 500
2525 1957
-2330 1828
-921 2765
2890 -2542
-539 2070
-168 -565
-2738 62
1522 1265
1017 -509
-2472 653
-2903 2417
1533 1913
2919 635
882 845
129 668
-2569 -1446
163 1574
-731 1054
-2373 -1278
150 2621
78 -2622
2031 2534
192 -1670
1789 -636
-2191 -261
2134 -1950
1127 -803
2765 -1144
-1753 -641
1124 1761
316 -387
555 -2901
1945 -2969
1302 -949
917 2354
2655 -724
22 885
-1485 -895
614 2032
1922 756
588 2783
-1551 2615
723 -2379
-2066 2941
2717 2278
2848 -1591
-2084 -2635
-485 -1483
-2513 -1853
-2474 2354
2823 2781
-901 222
-894 919
-417 -2609
-672 1974
1037 2716
2664 1392
745 983
-233 -2048
1544 2604
512 -429
-808 1891
-1128 -2821
-608 -755
-1191 1999
1783 1523
2681 -931
-1974 2397
1243 -1033
102 776
-1784 -1381
-2755 2313
483 504
-2819 2648
1178 -2092
-1913 -2658
1339 1681
1329 483
2481 -334
-1927 1642
-812 1129
964 1185
1824 -376
-2541 -893
678 266
1824 2219
151 1851
2648 -2964
1238 2185
-518 -1238
-1785 -1188
2403 -1299
-2594 662
1540 2805
2049 -2688
2007 -2645
-494 -754
-565 -2405
1621 -905
-1966 -233
-295 -111
1199 -1827
-1586 2261
-141 -1101
1963 -1908
-1859 439
-2758 1236
1578 2779
-101 -1000
-2221 -1499
-945 496
1466 175
97 -1562
-1013 -319
-2986 -1230
-373 -2852
-2106 320
2699 -1986
-2402 -2092
1992 2070
132 -575
-2890 566
33 2155
314 206
-1046 -2047
1737 -1586
810 -975
1291 2419
104 -114
-1720 -2394
1551 -1533
-512 2111
816 551
-2367 -1027
23 -1412
181 -24
-235 2393
1992 -2905
-446 -415
1814 -364
-2864 -615
420 -1732
1626 -2865
-842 -1220
-1679 68
-215 -1187
1933 1933
-2131 1854
269 -1345
-1533 -1438
-344 1614
2579 -2081
1016 -2827
-2260 -152
1243 -1271
2163 -1262
2404 -2899
-2787 -2156
1470 2029
1321 -302
1542 469
227 -417
-1959 -251
-843 -2358
-1997 1871
2640 2500
1509 -912
2866 -2804
-2712 2359
-161 2824
-2191 1632
-1791 -1312
-1399 -324
439 -2342
2133 1895
-2114 -1771
-1578 790
533 84
2474 1706
2504 2054
935 2198
-110 -1854
563 -1339
-1746 -1290
-2182 -1062
-990 1
-493 -1677
2940 2156
1409 795
1448 -2863
-1111 -576
-451 -1596
809 -341
-732 2925
-402 -1272
-38 1727
-109 1465
-940 1414
-1825 -2185
2991 2085
-2215 -2271
-2600 2634
-64 1456
2372 799
1845 -915
2164 299
-2347 -1171
-2137 -2904
2612 2834
-419 1211
2063 -1756
101 -413
-2186 1926
2426 -2780
1988 1630
-2627 288
-2091 357
-1726 -1937
-2682 -1533
-2075 251
1216 1444
2167 -1068
-2349 375
-1009 -2612
136 2920
-350 -1909
860 1100
-842 -1407
-2502 -1662
-485 1390
-2649 61
-1758 -265
1545 -2289
-2791 9
-710 1209
2301 -1389
-393 -2116
-743 -735
-420 2396
-1041 -563
1940 2574
2624 -2186
845 -2047
1653 -1018
2811 1546
-1584 -1895
-1778 700
-1001 -89
1293 -109
-1211 -1610
-810 1112
875 2431
-2150 -2142
-2479 2152
-2736 -1184
2415 -1166
-1815 -2787
-1927 -1718
-2217 -2841
528 -2998
-2581 -2428
-1396 -1187
-2416 -2944
1103 -1516
-2913 1680
-1204 604
1839 -2183
-1436 2217
997 2095
-1098 2752
824 2167
887 -1520
-2522 1221
-1085 -2899
-1122 179
775 -2844
-2992 -1812
1260 669
-2641 -1679
-913 -2077
-2203 -2499
-2095 2352
2840 -673
2214 -2591
-696 -61
2269 -2302
1336 2120
532 -2061
-769 -2332
1875 -864
2819 2476
2566 1943
1012 -2987
-2913 460
-2181 644
-2951 1609
335 -2135
-1124 1926
-646 -344
-1515 -1129
-1308 -1824
-2011 -220
2995 -2500
-2603 2313
-2497 -2493
-2574 1559
-685 1901
-2112 -2903
-160 -913
-2375 -1973
494 1905
2671 -544
249 -656
-751 -1978
2386 -27
-780 2887
-1269 -2629
-17 123
2772 -196
2172 2603
-1645 -1711
-777 -1588
121 2600
-1333 -1676
1591 -2040
2072 1195
592 -18
-1278 -2984
-2175 -1977
-2464 1031
2585 1248
-1662 2652
2111 -295
1306 -2133
1585 2230
452 -426
2695 -1628
-2943 -1356
-407 2406
404 -2452
291 2273
1608 2208
-1096 -1479
54 -1893
-321 -1541
914 -2143
-2480 -1598
2206 1255
1621 303
-2785 1335
-1046 -1801
-1515 -879
2631 627
1291 -2322
2711 -263
1309 647
-392 -2152
-2795 -2351
-2781 2213
-1873 918
-2129 141
-1577 2201
2468 -53
1529 2173
-1381 -1924
-2272 726
1163 1364
-1570 -2868
-2680 -345
-1189 -1543
624 1987
-1078 699
2079 1262
947 -2133
1234 1567
2992 1632
-1507 -2547
1649 -1613
2706 1137
-1279 1263
-997 2042
-300 2276
929 1150
-883 1859
-1687 480
459 -2002
1682 -566
250 712
-158 941
2853 1909
972 1172
2817 -465
-2229 -877
2931 639
-2705 619
789 -1748
-1304 -2822
2391 -2049
557 -2239
-1702 -2220
411 2777
-13 -555
-2022 625
-2599 1875
2844 1738
-807 -2049
689 1476
2881 -2367
1667 1190
1042 -92
2364 568
1720 -2279
613 1734
533 2610
604 2703
2406 958
2015 -1431
491 1620
-621 -2721
-1292 -708
2586 -981
-1700 1211
2284 55
83 -1232
-1019 -2536
-1608 2153
1907 2343
2355 -395
-2859 86
2899 2697
2044 -1184
1809 1919
2968 1434
364 2081
-2930 2679
1363 -2779
-2667 2244
-2100 -2601
2219 388
948 -2763
1939 -2522
-288 2163
2060 -2370
1770 -2823
2104 -2944
-1631 2410
-2073 -2216
1567 7
-2086 -770
-1269 1666
586 1575
1549 1820
840 57
-77 1621
1922 -1878
-863 1897
-1689 -2048
254 844
2890 -2914
2161 538
249 1750
1497 -618
2538 -2839
-312 -2748
1136 -1719
2393 -1445
-1647 -2425
70 -2613
-1413 -1133
2819 -1173
1706 -1153
2440 795
989 -2247
-511 33
1687 492
-2777 1613
214 899
-2408 -2148
-1929 -1107
2878 -263
920 -2894
-1720 1814
-2280 2039
-2518 2089
1490 2926
1387 -275
2180 1370
1299 -732
-2891 2349
-1716 -1205
-2251 -1604
-1972 631
-996 -317
-2734 -644
2775 -661
1811 2460
-606 -2384
-619 -1543
499 485
2718 -778
-863 1925
81 2213
1155 483
-1196 -434
629 -226
-2388 -2775
-1338 -744
409 -1872
1965 -1934
2519 891
2631 -1209
1868 -294
-120 -172
2194 -11
-1992 -1520
1232 1927
-1498 2068
-2164 2313
-1932 -2765
194 -30
-1552 -1919
-1262 1754
-1899 -1909
1843 423
2261 -1361
-1696 604
-1495 497
1406 2902
1744 -1926
-325 466
-2406 -2970
2618 -544
-1821 -1337
-1618 589
-122 -1296
-2121 1398
-10 -1696
-1089 1953
-2896 626
1826 2623
-2152 -2056
-415 -1039
809 -814
1505 -8
2750 2706
1667 2047
2683 -509
-253 890
102 -1805
-1932 -1921
-1505 1268
-72 -2465
-1685 -1081
559 2831
2866 940
-2241 -2898
-2058 -2686
-2080 1428
1672 1078
-770 293
2901 -2688
2859 44
313 1950
1390 2392
-1227 -75
-826 -277
-2320 -621
86 2427
-1289 1798
-2010 -1361
-971 2612
323 1495
1004 -2796
-480 -1347
2593 -2578
382 2871
-2203 -583
218 -526
-1829 -2863
363 -2053
1976 2963
734 1289
-538 1829
-2720 1618
796 1676
1568 2173
1454 -637
2369 -1807
-1787 -974
-1180 2132
1610 -499
-2240 2397
-2523 2696
-63 -2885
-2874 -2195
-2855 -2407
-979 2857
2853 1806
-1949 1529
-1385 751
124 1098
-2575 -2418
1531 -791
-2710 1320
2427 2483
1547 -2594
-43 -2836
-1091 2516
-1225 -1313
1877 1056
1272 1640
1013 -830
2445 1674
523 -513
-754 773
-108 -2309
-2727 2890
-1360 2661
945 2101
-1094 -756
678 -1595
1291 714
-1773 2847
1381 712
1166 -10
-2485 -2246
-534 -345
2676 -2440
1260 1586
2945 1152
-649 2014
-2395 -1868
2448 -1890
1940 663
-22 -2917
2844 542
-1866 -924
-431 -2804
36 1089
-507 -1324
118 -1013
-622 -1419
2356 -1925
2400 1420
-340 -47
345 -2831
1586 135
2451 2720
-408 -2490
-103 -405
-714 2920
-2578 -2485
-2428 -1923
-2607 549
-812 1558
-1424 2160
-59 40
-5 -2120
2929 -251
-2354 -2567
-2748 -2092
-1706 -2132
-2000 219
338 1668
1968 -1504
607 -2976
-2809 2265
19 -2841
-1640 -2386
345 222
-1673 -2428
734 -1637
-1870 -787
-1661 -1483
