-9 29
-42 42
15 -47
-35 -27
14 -9
-10 -42
43 39
37 36
21 -16
2 -30
15 -14
-12 27
46 24
-12 -12
-36 -7
37 -37
28 -41
8 27
-34 -8
33 -21
26 15
9 21
-11 -22
-13 1
-3 -19
31 -38
7 23
-32 -26
-28 -27
-33 -3
-1 -4
-36 -2
34 32
17 10
-39 -23
15 25
-20 -37
-46 -30
30 -47
-14 0
4 -37
-46 0
-12 25
23 5
-21 -43
0 34
-45 -41
42 14
-33 16
-35 49
-49 -48
15 12
24 9
-20 -32
-45 35
48 46
-15 34
8 13
-20 -6
8 44
-11 32
45 36
-36 -19
-12 -30
-47 -34
14 34
33 -19
47 35
-28 14
39 -47
-2 30
-14 -13
-22 46
17 36
-27 -3
-14 3
27 28
12 -28
42 -14
-28 25
-15 8
39 19
19 23
-25 -43
10 -13
26 43
43 35
-35 25
-16 39
-36 0
42 13
23 14
17 -18
-29 13
47 43
-45 -44
43 -30
-42 -37
17 45
-44 -10
-29 -19
47 -33
42 32
2 15
47 27
-8 39
9 5
21 -21
-10 -2
-12 31
-44 27
37 -17
43 6
0 8
46 -48
35 16
-2 23
22 15
-49 0
-22 37
-29 4
40 29
2 7
49 43
26 35
-9 10
-27 -20
36 30
1 -22
2 -17
-25 38
-48 27
-47 -41
4 24
2 49
-32 31
40 -34
0 -48
-32 -49
17 6
26 16
48 -10
-40 20
-17 15
41 30
25 13
-20 -21
-35 -15
43 20
33 -17
4 -10
13 38
-8 -32
-14 -27
-12 0
-25 42
-4 -38
-12 34
-4 -31
49 45
6 24
-7 -10
36 28
14 11
-23 31
3 -45
49 12
11 -29
-8 3
44 -34
33 35
24 -47
-40 49
21 27
-49 -3
7 -37
12 -35
-43 22
32 -41
7 7
33 21
-35 41
-35 11
23 9
44 8
-14 34
39 33
-22 45
8 0
15 -15
-1 0
-4 -7
16 -28
-2 -46
-1 8
20 -11
-22 -20
45 -37
-24 12
15 25
33 -12
34 -12
1 -8
11 34
-42 -11
-26 0
44 2
22 34
11 -28
30 -23
-23 -27
34 -49
-23 23
-1 -45
4 42
23 22
-27 -33
11 15
3 -23
-27 -30
41 -24
43 12
-20 -19
-1 -32
-45 13
-44 -17
4 3
-8 -41
-41 -1
-21 5
-13 14
40 11
-7 -22
36 5
-34 -13
-5 -13
28 -29
-42 0
-34 12
-20 -17
6 9
21 39
28 44
-22 -36
-9 -1
35 10
9 42
33 4
-46 -44
-41 -20
19 -49
44 -14
-42 13
-8 -6
39 -44
49 41
5 0
15 -13
41 -10
30 40
-20 13
41 -49
-9 -24
-23 33
-25 -31
9 -48
8 43
-11 30
9 -11
-49 23
42 44
18 -38
-32 47
-16 -37
43 -41
-27 49
0 2
35 -2
-39 -32
21 1
-5 -24
-15 18
12 35
-7 -21
-7 -44
-23 -13
-21 20
47 21
1 49
-27 48
30 9
-33 33
47 -6
1 43
-9 -42
-20 49
-43 0
45 -30
-4 -44
38 33
-40 11
-9 37
-7 -23
4 -3
-38 -18
-7 49
3 -30
0 24
17 0
-40 -39
28 -11
40 -49
17 35
-47 19
-16 -10
-29 18
48 -24
48 5
-18 38
36 16
14 -36
14 -14
12 -11
-9 -11
7 -28
-3 -26
-25 41
10 36
-21 -25
15 -21
-38 0
-35 -18
48 -1
26 41
18 -37
-27 49
38 48
-17 21
10 25
22 -12
43 -31
7 -27
-33 4
-26 37
-49 -36
-26 28
0 -32
26 21
-14 -3
33 -18
13 -41
48 7
45 43
-41 13
46 -49
0 -30
34 -45
-25 38
5 -49
-18 -41
32 -23
2 41
1 -39
5 40
46 13
47 38
-7 45
-38 -16
25 44
-11 -16
-25 -21
31 -15
-49 24
-39 0
-5 -39
-31 -31
23 24
41 15
-16 30
44 19
9 2
-25 26
5 24
43 7
18 7
-6 18
-7 28
38 21
23 44
36 11
11 -44
-9 27
-44 -19
48 30
-33 33
-49 22
17 41
33 -3
-45 -21
-37 30
13 36
-11 -7
5 1
-15 -25
-22 32
23 -35
-2 -38
-15 30
-47 35
-20 42
8 -33
-14 21
-35 -40
-29 6
49 -2
-49 30
-32 2
20 17
9 -10
35 33
-21 49
-27 8
-20 -2
-36 -24
16 -25
-8 -10
48 48
-9 -48
8 5
-9 14
-6 33
-46 -48
-47 -18
41 16
6 5
42 -4
17 25
-39 12
10 -11
27 -36
33 -17
-24 29
-16 3
27 -16
20 25
19 -3
-14 -31
7 -44
29 23
-7 24
39 42
47 7
6 2
9 46
41 3
0 14
10 -30
7 2
-29 -13
-49 30
39 -19
-9 -10
49 21
42 9
39 41
29 8
-41 -47
16 29
10 13
39 -19
10 16
-4 19
32 31
29 16
47 24
2 -29
-30 -28
-44 -42
-6 -27
4 -6
32 29
-43 19
2 -44
-2 23
2 -26
42 19
-32 -2
5 4
48 19
-48 -41
-15 -10
33 4
-6 8
16 -16
-8 8
8 31
8 -1
0 -35
15 -28
4 -31
34 6
-24 -43
9 23
14 32
-22 -48
-14 32
-41 -13
45 25
12 -8
-7 -8
-14 6
17 -47
-10 -47
-7 7
-16 -25
19 1
46 -10
-14 -44
-43 18
38 19
45 34
-4 17
-45 -19
-37 28
10 18
0 -15
20 27
41 -27
21 -30
0 -6
-5 -22
32 -20
-7 27
-38 -47
40 14
-14 -17
45 23
-19 -42
-14 32
26 31
47 23
-36 15
-4 45
-40 2
-12 23
-44 -6
28 36
-6 -28
-8 47
3 -12
26 39
48 10
15 -2
-26 -26
48 -23
17 31
-25 35
-41 -22
49 -2
-18 -16
-37 23
28 -16
-34 -16
-2 -28
7 26
21 -38
-45 31
17 -39
-43 -39
-21 -4
-4 9
-3 -19
-31 -37
-37 22
-33 -43
12 41
-22 -20
15 39
28 -15
-8 37
-48 31
-41 15
6 -23
17 -24
-41 -22
18 25
33 8
-20 -15
5 1
45 5
2 36
-37 -23
22 -4
-37 -36
41 17
4 -41
10 -2
40 32
3 -29
-26 35
-35 19
17 29
-49 -18
27 36
45 -26
-17 48
46 13
-30 -36
-35 -16
-1 33
16 -15
11 42
-2 24
47 -25
22 9
-1 22
-47 49
4 38
-37 31
-30 -37
-48 -13
-17 37
0 -19
-48 -8
-4 4
8 -26
-30 37
9 29
31 -4
11 30
39 -1
9 19
44 20
42 -3
-7 -49
48 3
24 14
-42 37
-22 16
-19 18
1 37
24 -43
-46 41
27 33
42 28
42 0
-4 -4
-39 33
42 8
-14 10
-35 41
-10 13
-23 11
2 35
48 -4
-13 -41
-35 -33
40 26
22 48
-40 7
-7 48
-25 0
-3 -32
14 34
-13 -39
-45 47
35 -36
-6 -11
12 44
6 9
-16 3
-14 -15
-22 0
-45 47
20 12
21 30
35 -20
36 -7
24 -15
24 33
36 -19
41 38
37 -3
-38 20
-47 -45
-8 17
38 -5
23 -32
-4 12
38 -23
-10 15
33 24
-6 -23
-44 38
-12 29
-47 -25
-16 28
43 16
-42 37
36 -30
-30 41
-31 20
-36 -33
-39 28
6 4
24 -34
9 27
28 -10
-46 -38
-23 -17
-16 36
6 -45
-12 47
11 -17
36 22
-27 -28
-48 -25
26 21
28 -43
-30 29
26 1
28 -17
-37 -16
-17 -23
6 6
10 -46
-6 -44
2 -26
26 21
33 -15
-8 -31
33 -39
0 22
44 34
-17 -29
-41 -24
23 -34
-11 -38
15 -2
-24 -32
-11 21
9 0
6 36
-43 1
-8 -47
38 34
-32 40
9 22
33 21
20 -22
35 34
28 48
-40 38
29 -24
35 -12
-29 -3
-34 -14
-38 35
-46 46
-2 -25
-11 -37
23 43
12 49
-35 -25
41 -48
41 -12
-38 -34
44 -30
-31 6
-39 37
24 36
23 -11
37 -11
19 33
-16 6
3 16
-23 23
11 -18
-24 -29
4 -36
38 -45
-40 -32
30 -21
40 -20
48 -9
-14 22
-15 -27
14 19
-41 1
42 17
-46 -46
-31 -13
22 12
26 -34
33 -13
-25 -6
-40 -37
9 -49
-34 4
43 45
-16 -35
-47 17
3 -24
6 12
-1 -16
-27 2
47 28
-9 46
-10 -14
1 -28
36 -43
-26 -17
-24 -41
43 -7
23 47
22 0
-7 -2
12 -5
-32 8
26 45
14 -6
34 44
21 -9
-17 -40
44 -12
7 -33
-10 13
8 32
33 -32
-14 -4
0 -44
-27 -10
-1 14
18 10
-3 -23
-25 -4
-43 42
-45 21
-33 -45
17 8
-8 -23
7 -22
46 -21
-43 36
17 -42
27 40
-41 25
8 -28
26 -5
36 30
9 4
-46 3
-3 -31
10 37
12 -48
-16 43
30 -23
31 -28
36 8
-37 2
48 -18
30 -35
-5 23
-8 7
23 -19
-8 -23
8 48
30 -39
-23 27
8 -40
33 21
-17 -46
45 -39
-9 -30
13 -35
-41 8
-11 30
-35 47
3 39
-12 9
8 23
33 2
-5 24
16 24
-7 20
-24 -39
4 22
34 -41
5 -48
-3 -18
32 7
12 -20
-11 28
-29 32
0 -40
35 -10
39 49
26 -8
1 -34
-25 -41
-8 39
-15 13
-42 -28
22 34
8 -49
22 -29
48 13
-8 -16
-48 29
42 -32
38 -30
-47 46
14 48
-28 -18
-41 3
-46 -1
5 41
4 -15
-14 4
-44 -43
31 -9
-21 36
37 23
-36 -31
23 -36
40 -27
-25 -21
-41 -25
-10 -7
41 14
-20 -21
43 38
-3 41
-29 -29
-45 -35
-46 -29
21 16
19 30
-46 5
12 4
6 -9
26 35
46 -29
30 -4
26 -26
-47 6
-25 -34
-39 46
43 41
-15 -46
47 19
-33 -10
0 -13
-29 -13
-3 -41
-12 -30
2 -13
22 24
-22 -21
-24 18
-32 -24
-45 -48
-14 34
-49 7
36 -30
38 -24
36 -5
9 12
0 4
-13 -12
16 20
-32 44
-23 -44
0 35
9 -14
31 21
25 -42
48 43
-49 32
27 -16
10 -40
-41 -49
-27 36
27 -26
22 -32
24 49
35 21
-37 43
44 -41
-13 -43
-43 -49
-1 -40
12 -23
29 24
-12 -10
25 4
-2 45
-16 -9
4 4
-13 9
24 -48
-44 34
-1 48
28 -31
-4 -18
4 -36
-10 -40
-15 0
-20 26
48 -41
13 49
-14 -16
0 -16
-40 -36
25 -20
-19 -42
23 9
-11 -14
47 42
16 -21
25 13
30 33
39 -1
-16 -18
-6 3
11 31
-28 26
-41 -43
-1 0
-35 -30
38 3
-20 -26
33 2
28 -12
24 14
37 0
5 -38
-18 -6
29 -42
-21 -9
32 -3
-8 -24
3 -9
42 45
-21 -35
-43 -49
48 43
-13 -16
25 -47
-46 -45
-11 -8
-36 -47
-27 -19
23 -17
29 -47
-34 -20
6 5
-27 17
30 -30
36 -49
-18 -16
45 17
-14 -20
27 46
9 22
17 43
-24 -14
44 -7
42 37
10 45
36 -21
5 -6
2 -17
14 -49
-34 -17
26 -38
-15 28
-6 6
43 15
-32 -42
45 19
-13 -12
-36 -12
-49 1
-45 -6
42 -44
-13 -16
2 29
-39 -6
48 36
-44 -2
-12 0
1 -19
35 -41
-46 19
48 -36
-25 18
-14 -43
-20 -10
48 -17
30 14
-46 49
-23 -27
0 23
-35 15
-11 28
36 14
23 -21
12 0
29 25
-28 -14
-48 12
-19 25
-20 48
19 22
-9 -13
-28 9
17 1
27 25
15 -49
-30 49
-19 20
27 -33
19 1
16 28
28 0
1 21
-13 21
-24 47
-17 -4
0 32
40 -33
-32 -17
-9 10
-38 -44
-20 -30
44 -38
-38 17
37 -42
23 -32
8 8
-21 -29
35 -37
5 -25
3 0
-17 3
34 -30
10 -45
43 24
-33 23
10 -19
26 -29
45 49
-42 40
6 15
-41 14
-17 32
44 0
27 9
45 41
-19 37
-5 13
29 11
40 -38
20 22
-34 -25
43 25
-16 -35
9 33
-3 46
-34 -22
-46 -15
-42 13
-45 36
-21 -7
-16 27
49 0
46 -15
10 3
-13 8
6 -10
42 -47
27 44
3 -8
-17 -27
-46 -22
23 -8
-3 13
35 -18
-26 34
-36 -44
34 37
-33 0
-22 10
-25 31
42 -27
12 31
24 -5
3 -23
14 49
-40 7
14 35
-18 -46
24 42
-25 10
4 17
-32 -27
-38 -20
8 22
-31 -47
-38 14
-13 -28
-3 24
-30 5
-4 15
-2 -42
-42 23
-28 -16
-31 -40
24 -37
-6 -39
8 -44
-38 -15
9 -20
9 -49
0 2
-45 21
49 -42
19 31
-45 -2
42 16
-15 37
14 41
35 -37
4 -8
-30 -27
-2 -45
-43 -30
-11 -35
-20 30
15 24
25 -31
5 22
12 -48
45 32
-15 -41
48 14
-13 20
9 38
-17 49
-14 19
-24 -24
35 -28
-3 -35
-12 0
8 -38
-25 16
-16 -14
-15 49
20 -9
-49 -11
27 46
-29 -18
45 -18
9 -14
16 24
0 38
-16 -10
-26 -28
-43 -19
34 14
-12 34
40 37
19 -46
-44 -3
37 7
-31 22
-21 5
22 -3
10 0
40 13
-34 -28
-40 22
-32 -14
1 44
-32 -23
11 -3
-2 -34
10 -39
45 0
-27 37
5 32
-49 28
40 9
1 -48
38 40
-17 3
-5 4
-31 3
-33 -41
-44 -23
8 33
-1 -32
-23 -32
-18 -19
16 -39
9 -32
49 17
-42 14
37 28
-48 -28
20 -41
-2 6
-49 14
6 -14
42 9
-23 -44
-15 -16
-4 -29
6 25
35 -9
36 -1
4 -22
-10 -7
-20 -49
-47 23
39 -32
31 40
-33 -17
26 42
42 -32
-37 -36
-13 -14
18 -30
-37 -20
27 -10
-49 -18
-12 34
40 43
-9 39
-30 -35
-17 -37
-40 13
10 -42
-29 -35
-44 -20
-30 7
5 10
-12 41
-19 19
-11 41
-25 -2
31 -22
-17 10
39 48
31 -3
12 43
28 -38
-30 43
-42 47
-21 -47
27 -7
-29 0
-2 -32
-5 35
30 -41
-13 37
46 17
-29 -14
47 -21
-10 26
-1 -19
15 -25
7 -42
42 -18
-36 27
-23 30
30 -31
2 -13
-32 -30
-14 16
-2 31
12 -30
-11 22
32 -26
25 7
-4 31
6 48
23 2
-17 -3
-48 -12
-40 26
10 3
17 -6
11 -19
27 -18
-18 -4
-27 -37
5 -26
10 -16
-39 -24
1 23
-47 29
45 -37
-42 12
26 -48
-29 34
-8 37
-42 -32
-2 48
-34 32
-15 44
46 -12
32 36
-41 -38
22 -8
15 21
-36 -31
45 21
45 0
-18 43
10 -33
9 10
26 9
22 -3
-45 34
22 4
-28 30
16 -11
-9 1
11 -20
1 3
29 -12
-23 -9
-25 -12
-20 -16
-6 21
8 26
-31 43
-26 -48
-37 -35
-12 21
12 -16
0 41
-46 -31
-30 -3
-29 -2
-20 12
-6 -22
-8 48
3 -49
-24 19
36 19
38 44
19 49
38 -35
29 -18
-19 20
-46 7
-45 17
21 0
-4 15
-49 22
-45 43
-35 24
-29 -44
37 -21
-33 -10
47 42
19 -16
12 11
0 2
44 -39
-11 -14
-14 24
-14 -22
-9 -2
28 -22
43 38
33 -25
1 21
44 38
18 -3
-39 45
12 36
-40 -2
4 -23
5 -44
-5 12
-39 34
35 -24
-48 -12
-35 -2
2 38
10 -35
-8 -16
23 -27
-11 20
-47 36
30 37
-34 25
-35 0
17 -14
8 -45
-49 -43
-22 2
1 -1
-24 46
33 -48
2 17
6 47
-33 16
-7 -25
32 36
-38 2
41 -34
-2 -31
-24 -41
21 18
7 9
18 -35
22 9
-30 -36
24 0
-47 47
-34 -45
13 -28
-33 -14
24 17
-16 -29
-47 -33
-8 -41
2 46
27 4
32 -24
30 -34
8 28
-32 -35
44 25
18 -16
42 -38
-2 -8
19 0
13 -11
23 15
-13 11
21 -11
-18 -25
35 -27
36 -13
-46 -28
33 -13
32 48
-1 -12
19 10
-37 -14
19 27
27 -28
3 34
4 -43
38 -41
-1 47
-23 -39
10 27
11 23
10 31
24 -32
26 -38
22 -49
46 -42
-43 16
6 34
47 31
-24 -22
-39 5
0 21
49 -5
-3 -31
-10 -25
-2 40
13 5
-16 38
2 16
26 39
-16 26
-34 -11
3 -47
25 17
15 42
-46 -19
40 -17
40 15
-23 26
5 10
-31 16
24 23
38 32
-23 -2
-26 40
30 -9
-40 2
16 28
28 -10
25 17
42 -49
-9 23
18 16
-16 -11
11 -49
-46 12
-44 -12
9 -25
-42 39
-13 28
-23 32
20 -16
32 27
-13 -21
-17 43
-18 -23
2 43
-23 25
-11 0
-35 -41
-17 -1
48 4
-41 47
-4 4
9 19
-9 -42
-37 -19
-12 0
42 -9
33 48
-10 -16
-10 -9
-22 6
36 10
-18 -48
-7 -23
30 25
-12 17
-5 -16
-22 -8
17 -21
-13 -1
-21 17
-16 -39
36 -37
49 28
-47 -35
-48 16
38 40
31 -33
8 37
-41 26
24 9
-17 23
-35 3
41 -39
24 22
-44 -21
-31 -1
-3 -8
39 -39
-46 -15
-1 -20
-17 17
44 9
-19 20
28 2
-26 44
-7 -17
12 -8
-41 -42
40 -19
-37 -30
38 -21
5 0
-44 3
48 40
9 -13
33 45
44 25
-25 17
5 46
45 35
36 -33
-16 -22
11 -21
-27 -17
-16 -8
43 -19
-41 0
-48 45
-48 -2
-43 13
-32 -44
34 9
1 31
-26 0
7 -1
20 -41
21 -4
46 16
-36 38
-32 -33
-39 -36
-30 23
46 -40
30 -44
-8 3
0 -14
29 39
-38 -22
4 -1
39 49
-32 -41
22 34
-10 1
44 7
36 -38
34 -49
-15 -35
-19 -45
8 2
44 25
-22 35
25 25
42 7
-10 -25
-4 3
17 -34
-37 23
-8 14
29 38
-12 -23
36 30
1 38
-37 -30
13 29
8 -48
-3 22
1 -23
-6 -48
18 -19
-21 26
44 0
34 20
18 6
31 -9
21 -6
-10 17
-12 11
-46 -48
-10 -16
-4 39
-21 -30
49 15
-22 -15
-4 -44
-32 -25
-46 -36
3 6
48 -38
-16 -30
35 -7
24 -44
-45 -25
33 -34
-12 -9
-28 -5
-41 -31
-44 -45
7 18
-10 26
0 35
-24 -24
23 -44
-7 25
24 32
25 -23
21 -6
-7 11
-15 45
-30 -18
-19 30
-32 -48
-19 -18
43 -42
21 -23
-30 40
26 -31
-12 41
11 -35
1 -20
43 20
-46 -25
3 -46
10 -32
15 7
-1 39
-5 43
-40 -33
49 31
-5 22
18 -45
-3 13
39 -2
28 24
22 32
29 -24
24 27
-32 -1
-12 -20
-40 -5
-27 -27
3 0
0 41
49 41
-46 -5
24 -41
-38 -26
26 -8
-26 47
46 17
28 -18
36 -2
-20 -28
30 2
-11 14
5 -1
-41 -33
-38 10
20 41
-21 17
0 32
44 28
26 -48
40 14
-22 -29
-24 31
-19 -49
30 15
-7 2
-30 13
-30 49
13 17
-37 32
-36 43
19 -32
-27 -43
48 -26
25 -31
10 -12
21 -25
-14 8
30 -5
45 -49
-28 30
20 -45
-5 12
18 -35
-13 42
-11 -41
-22 -40
-14 -37
8 39
-15 25
-18 29
-39 -43
-44 -2
15 -16
23 -29
-29 44
5 39
22 19
-49 39
33 -15
26 -39
21 31
19 -5
-33 36
16 -1
4 10
-20 48
33 34
-39 -49
-11 18
5 15
-33 -42
23 18
10 37
-13 22
46 -22
27 28
7 17
-33 -34
18 34
-6 -38
32 21
-22 34
-27 -45
34 -22
-22 -28
32 46
25 3
40 42
29 26
-41 35
-34 -40
-13 -31
-34 -37
-22 12
-24 33
-49 34
-39 12
-17 -5
16 -22
32 -41
-20 8
-41 41
-49 47
6 25
-39 27
48 -25
43 33
42 -13
16 22
-44 -40
-45 -43
-17 2
12 2
38 -30
28 -8
-31 -9
8 -9
-47 -34
26 -14
36 -18
46 -25
14 -31
-32 -41
40 21
47 18
20 -1
-23 21
-34 -41
39 15
37 3
-46 44
41 -5
19 -8
39 15
0 48
-30 16
46 -6
-36 3
-16 29
20 14
-4 11
18 2
18 7
-27 49
27 36
-47 39
-1 -16
-13 -47
-45 39
-33 -2
-2 38
-49 41
11 26
-49 -19
37 -5
33 0
-46 11
48 -40
-11 -48
22 -39
45 -1
-1 33
37 43
-47 -35
17 -21
-1 26
-44 -18
39 14
-9 -24
0 -2
40 -5
-25 38
4 0
18 38
21 -34
46 13
3 -6
20 0
46 34
0 29
-35 -32
30 46
-8 11
39 2
-43 -21
-47 -49
-30 20
-47 49
-15 -11
21 -26
9 -17
-12 -6
49 4
2 -24
-47 -21
30 -41
29 -9
31 -19
-16 -23
-39 -28
-40 3
45 -32
-23 9
-25 -12
-36 -6
43 -27
46 23
16 1
-19 -35
4 16
22 -48
36 1
-28 -1
12 7
-13 -29
-3 2
3 -26
0 -37
40 48
-36 42
-44 42
-5 -42
6 -5
-21 32
-15 47
19 15
-36 -35
-19 13
42 -23
17 -40
-33 -9
35 30
-48 12
-45 12
29 19
-6 -49
-47 3
-45 24
42 2
-38 -23
4 -28
-35 38
-45 -38
-10 28
-11 37
37 42
-31 17
-7 7
-49 17
6 -29
0 -39
-44 -49
-16 33
-35 31
8 3
-3 46
30 36
-12 1
5 44
-10 -22
-32 31
-41 -8
-3 22
-34 -5
-13 -43
-13 -14
9 -48
44 46
-2 -35
20 5
12 -30
-29 29
14 -14
2 -45
34 26
-48 15
-1 -6
23 38
30 0
19 -26
-37 -6
-40 -35
-36 30
-23 7
-25 0
8 -14
-8 -17
-23 -36
10 -12
-47 7
-23 2
-32 -20
30 6
24 15
-38 26
-8 -11
-1 29
44 -46
-16 28
23 -12
-40 -49
-41 -24
7 -46
-17 39
38 46
-3 -33
12 -42
-44 -22
43 -7
22 -23
-43 35
27 12
-35 -19
-36 37
0 34
-21 -27
19 -20
22 41
-23 -31
22 31
-22 37
14 3
27 -18
-16 -9
-36 29
-12 46
41 30
34 30
26 -27
17 -25
-29 -15
47 48
29 -12
-19 12
14 -41
24 43
-20 -30
49 49
-11 31
20 8
15 -7
-34 -3
16 15
-31 -40
31 -34
-21 47
24 -30
-43 0
-18 15
-34 25
14 -12
47 -10
8 -35
-37 13
-47 -1
13 -10
-8 18
-30 39
-7 -48
36 -11
3 -2
20 -49
29 -18
-1 29
16 -28
25 -21
46 -18
-43 -2
7 -28
23 22
-2 10
-11 42
48 -1
-2 -38
-45 34
33 38
-23 -39
-39 -14
-11 -31
-10 1
-13 -15
-3 25
-19 -37
16 30
-10 -1
17 -10
-21 -41
-24 34
29 -4
-24 -40
45 7
0 -43
46 -2
36 1
-47 27
-37 19
37 -17
9 -17
35 26
10 46
-48 -23
-15 8
7 48
-37 23
8 -17
22 26
-19 -7
-1 25
45 20
3 41
-29 14
-21 13
17 0
18 -35
-40 32
-13 -32
14 39
-25 -28
-40 -26
-28 19
-32 8
42 41
-12 40
29 10
49 -35
-44 29
-47 -14
-31 -31
11 3
-43 49
23 22
28 -12
-10 38
39 6
3 16
-45 -33
-15 -7
42 1
-38 20
-42 15
3 -46
-21 -30
-33 -43
-7 -37
0 41
15 -39
45 -32
47 -2
-32 -26
39 -45
-38 -24
28 48
-36 38
-26 -37
-40 23
-26 -18
-25 4
17 -18
-44 -4
32 45
45 30
47 -16
47 36
6 36
36 -44
-19 -48
-16 12
19 27
-24 -25
-3 18
8 -7
-28 -9
28 42
-21 -47
-19 29
4 29
-2 -45
-3 -4
22 -13
-38 -28
18 -12
-26 -45
-41 32
41 -3
34 21
-21 0
44 -18
-37 16
37 -45
48 18
-9 -12
-4 11
29 -6
-45 34
38 -10
34 -5
38 -18
22 -18
43 -21
-1 -32
-11 -17
3 -5
-26 38
2 -19
1 -43
-49 -31
14 -38
32 18
-3 -21
36 -21
-38 -31
5 -45
13 -14
32 -23
19 -36
8 -24
45 -38
19 2
-41 7
-48 47
4 -3
6 -22
-18 -3
-34 -21
22 -30
-13 -36
5 -26
35 8
-36 47
46 5
-26 16
-41 15
20 0
1 2
34 -35
-42 33
-5 -30
44 -42
-38 -1
-16 18
4 -41
11 13
8 -28
8 -2
-38 1
6 -26
2 -42
-23 0
2 46
47 -44
40 -25
-40 -46
-19 -27
17 40
37 -20
-44 -20
49 -1
27 8
29 -32
6 46
-11 -26
37 -32
45 3
36 40
-44 48
-8 29
-12 -32
27 -21
-34 -28
-48 -15
-6 13
-9 -28
32 -42
45 -35
-23 47
-2 -4
31 19
-40 20
40 -14
-19 -44
39 -35
45 45
41 -46
11 29
-3 2
20 0
41 30
28 33
-15 -1
-25 49
-46 -49
-38 -48
-7 -15
25 11
4 7
-26 8
-46 10
-28 -48
39 47
30 -9
45 -9
42 7
-46 25
-45 38
-6 -21
49 19
35 -42
33 -38
36 -13
-23 -25
37 15
-19 -39
13 20
-33 23
21 29
-23 49
6 -1
4 19
42 -2
35 7
47 -17
-14 -23
-28 18
-29 17
47 27
29 47
-41 3
-37 -43
40 41
-15 -11
-3 26
49 -39
30 1
8 42
45 12
-14 -37
-13 -26
-40 -41
3 -12
-47 -16
28 27
-6 39
-45 33
8 33
-8 47
-24 -26
31 17
11 34
-26 -19
49 7
47 -6
-45 -11
-8 -26
11 49
20 1
-2 47
8 -13
-4 18
-30 -10
-16 -47
-2 -16
-46 -20
-43 -35
-26 -45
-25 47
6 27
24 30
42 37
-8 -35
-21 17
34 -35
9 -1
-12 -35
48 36
3 -47
5 -40
43 26
-10 -21
10 -27
0 15
-39 -7
-28 -24
10 19
36 43
-4 20
43 -27
-26 -23
46 25
2 -2
34 -35
46 0
46 -35
-44 -15
26 42
-3 -29
41 -14
-26 -47
-5 -9
-9 26
-24 -28
-43 -43
19 -44
13 -28
16 -48
13 27
15 -33
34 32
-39 -46
31 2
20 -14
-26 15
-7 1
22 15
-43 8
21 -26
39 -12
-48 12
-49 49
23 -12
-3 -23
22 -35
-31 -11
31 22
32 21
-18 12
12 42
-33 26
-23 -23
-37 37
-27 14
-26 -45
-37 -47
-6 -48
43 17
44 -37
-18 -35
13 -26
48 -22
30 -5
-44 29
1 -4
13 -32
3 39
48 44
-2 -10
6 27
0 -30
-27 48
-39 -4
20 -40
-17 -45
48 35
15 -22
-31 22
-7 16
32 -13
-28 -27
27 -43
-21 -7
33 22
6 35
26 1
30 -8
-44 16
-37 -30
0 3
40 -18
-45 1
-3 0
18 26
-4 36
1 -38
-26 20
-12 -3
39 29
-23 2
-3 22
-23 -42
-13 -48
39 34
17 -11
0 14
-35 -5
-41 12
-24 22
-5 -7
17 23
-10 14
41 17
29 39
-1 31
34 -36
-16 8
-30 38
29 -45
15 9
-33 -42
-31 31
17 -28
-37 35
-37 -34
-40 49
44 49
-15 -45
31 2
-23 1
-29 -22
-26 11
-7 6
16 -8
27 12
-28 -1
5 0
37 30
-18 35
-15 -43
28 3
35 -14
-1 -13
40 23
17 -28
-36 -11
35 21
11 44
-15 -38
-25 -32
46 12
-41 -44
43 10
0 6
-18 -1
-47 8
-8 -4
4 24
-4 32
0 5
14 -10
-28 40
23 0
-32 43
12 40
15 -42
-27 3
-23 2
-13 38
20 -10
32 32
24 23
32 -48
-46 13
25 -36
-48 -42
24 37
0 9
31 -32
49 -16
-2 -39
26 44
-48 6
-8 22
-49 -15
-43 -20
18 -39
34 6
36 8
27 40
-39 7
-1 -28
7 -28
-42 -40
-44 48
-42 -23
29 35
34 -16
-39 -43
-27 -16
-10 34
19 7
-9 -19
-41 41
-41 48
21 -21
-19 45
-34 -47
-19 18
-22 -14
-43 23
20 34
0 45
-47 8
0 -37
-43 -15
-38 11
-49 21
-9 5
15 15
12 25
-14 -43
34 37
22 33
33 -7
-40 -34
43 31
-48 -40
-48 38
-46 -38
13 -3
34 22
4 -46
26 -1
1 34
-15 -26
-12 34
-35 42
20 -29
37 2
-16 32
38 36
-7 4
31 -41
-45 48
-30 47
28 6
-31 -6
-47 18
-11 -17
21 47
48 -6
-11 -13
-43 -26
-11 38
-48 -34
40 -28
-23 -12
-23 24
13 -20
11 45
11 16
25 -44
29 6
-32 11
-3 42
-34 23
-34 -11
0 28
0 -12
-24 37
-20 25
5 24
-23 -11
31 3
-40 -18
-11 6
21 -35
34 -16
-41 37
-2 38
9 -38
-11 -17
-33 34
-23 -31
-17 -1
-42 -1
37 -4
-5 10
28 40
43 -9
-4 22
-39 14
42 -31
-48 -7
-39 -5
-40 -11
-12 46
34 -38
-31 21
-38 43
-21 -14
33 27
-4 27
-18 -13
-27 41
-41 5
-4 -30
-4 -20
20 38
-20 -32
12 14
-46 30
24 -31
13 2
25 32
23 -1
9 8
31 -8
49 -25
-28 18
-6 -3
25 -8
-12 43
-45 -14
23 1
2 5
6 -15
-10 48
0 16
0 -26
0 42
23 0
27 -40
36 12
27 -29
-2 -30
36 30
49 2
-14 -16
20 -35
-9 -1
-28 -15
12 -10
-45 -8
-38 -7
-46 11
47 49
2 -31
27 17
48 -5
12 41
43 19
49 46
-12 6
49 32
49 -7
7 26
30 48
-35 -21
-10 -46
23 16
-20 -2
-48 21
2 42
-15 -45
-34 -24
-4 37
-12 2
48 -7
-44 15
-33 -45
-49 12
2 -18
-43 21
-22 -33
2 -24
2 -33
-7 43
-43 -20
0 -43
11 41
-16 0
49 -11
-23 -24
12 -33
-32 45
-42 -24
-12 -18
-30 47
25 46
-15 48
2 -23
-31 39
19 14
43 -7
-21 -43
46 0
34 24
33 -5
18 6
-2 34
-2 0
12 44
