3580 -556
-3751 -2218
-1699 -2517
875 -2266
1707 -4658
-4434 -606
851 4305
-392 1626
-1186 3488
2692 -2207
698 272
3443 -1996
-1203 -3847
4999 -3196
4488 -905
-3633 1117
2350 -160
-1359 -1422
-2475 -3767
-1417 -3123
851 -3356
-1947 666
-2436 796
-3214 3723
4363 3909
-2306 560
-3358 -2015
-1596 3503
2232 2248
140 -1638
678 3316
-4817 4230
-2758 4454
-2875 750
-939 2483
3961 -833
-3190 343
2623 1911
-1058 3072
4982 -863
-2791 -4919
-388 -423
1500 -3012
594 -2527
-721 998
4553 -3137
-147 4822
-296 -473
-3396 -4515
-3734 3056
867 -3993
-4193 1147
-349 -54
-1775 -988
-4386 981
-1017 3043
1819 -2590
-4056 -4668
-4359 4228
4678 441
-4099 -1214
3503 3987
4853 -592
4635 -35
1910 339
-4148 -3451
-823 420
-2169 -1874
-222 -2588
-4044 4681
-1241 4667
1757 -1625
2863 1912
-1563 1087
-73 -2695
-3082 -3909
785 3661
3754 1534
-3373 -2223
-133 3447
2529 -1938
-428 1153
3570 2418
2661 -1441
3320 -4797
-1617 666
-4173 -578
-921 -4177
1227 -2115
3018 703
2060 4940
426 -3121
1983 -1365
4122 4869
1178 1647
-3668 4084
3000 -1763
-3802 4740
4579 3501
-1667 939
41 822
1337 2439
-1252 3039
-3360 -3649
2546 3057
2228 -1046
-4581 -31
2907 2176
-3933 -2538
-1464 -1128
-957 2357
4387 -4051
2807 2412
3269 4698
3762 4203
-2721 3181
3732 3856
-1769 -3601
4645 -4327
-327 -3794
-1775 -3726
147 4353
391 4804
-3098 -1089
-226 2940
1587 -3616
-2762 1961
4674 -665
-1342 -1983
3270 2001
-3701 818
-2169 4501
-4884 -4489
-3143 -434
-947 2183
-4927 4424
-1034 2649
-165 4482
-1781 -569
2527 4687
4161 -2302
-3402 -846
3735 -3160
1493 -474
-744 4768
2315 -2213
-3925 4633
-1791 -191
-2752 655
-1303 1778
1620 -3002
-3989 2846
793 1237
3253 3803
-2668 1869
2730 3434
1258 -2517
-3836 1286
4420 3800
-1331 -1956
2578 3598
1326 2421
3272 3653
3015 -3419
3414 2366
729 395
4332 1454
-942 -1379
3580 -4799
3708 3983
2184 1166
1020 3532
3210 -3042
-4777 -4808
2554 -1317
-2080 -3582
-4351 -1935
-278 -2917
4457 -3168
2234 4260
-2464 -1033
-261 -2513
2218 3667
3798 -782
2072 4468
773 -3277
4598 2862
1724 -1547
3935 -2011
-3397 24
738 -2540
-270 2437
-3184 -1735
1588 -2178
-4835 794
2717 -3868
-2937 3560
-886 -464
-3431 872
4958 -61
-587 912
-2277 -930
-2402 -3018
2721 -112
3269 435
-916 2643
-4622 -156
-3284 -1081
524 -2745
4371 2140
4989 -921
2185 3704
-1619 -3913
-1836 -367
640 4282
-2984 3924
3168 -3995
1464 1248
1744 -1499
695 3390
3621 -4556
-2045 1048
3639 -4612
-501 4955
4597 -32
51 -1935
-4826 3849
-4282 3606
4709 -2152
3917 2173
-2119 -3557
1320 4667
3857 988
4974 -3023
3981 330
-1128 -3494
-880 1237
-1936 331
2923 2089
-4931 -312
2 4623
-1170 -4288
-1308 134
4748 -3038
-3498 -1441
-4564 59
2628 1080
-4278 1018
-4028 -458
2221 -3707
-1034 -1199
-2734 -592
-2733 1406
-617 1124
2816 -2502
-2344 -1444
3135 -3350
-4697 1367
2844 2553
-1438 1274
4342 -4116
614 4390
3337 -4537
-3322 4697
1502 2944
-4395 873
2908 1626
-4572 -1968
3084 -4300
-4940 545
-437 2310
2103 2063
591 -4904
-2845 4058
4340 4543
-1718 4821
4355 -2519
-4507 -3334
-1718 -4752
3878 306
-4033 -2254
-4115 1858
-85 -1602
-2318 -290
-4230 3317
1974 -4353
3021 -3516
-269 -2964
-3560 1548
-3671 4619
-3112 88
3372 3526
-3903 -4462
-3941 3475
3771 1839
-2633 -2167
-3067 -4074
4609 173
816 3550
876 1309
-2161 -1300
3800 -638
-3867 -2168
-3293 377
2003 1550
2714 -2730
1278 -2051
626 354
2958 3818
2554 3707
4867 2237
-2845 -2333
-4955 -2434
-944 -650
4515 1851
4625 -137
-3216 -182
-3445 -1049
-3121 3131
4915 -4661
-1869 -1485
328 3683
-2017 -1611
-4338 -2810
-4931 -2797
-3711 -1763
-1410 1397
-4657 -1896
-2452 -3987
-349 849
1818 -3628
4050 -4297
-779 -1033
-3340 -3046
2747 1725
-4670 265
-30 137
-4005 -433
2227 2405
-3082 -774
4691 3722
-1063 2121
-366 -2923
740 -4641
4314 -4453
-90 1884
1774 -1034
-4972 -1899
-2463 -3945
1496 4627
-2304 1628
3876 -130
4248 -2679
528 3720
1594 3457
2143 1843
4128 -891
4350 -689
-1415 -2805
-4013 -3923
-3629 1541
-1132 -4255
516 3251
1931 3398
-954 4396
2464 -2095
1612 -1874
-191 -1019
-952 -4417
2415 -377
-3898 1692
-2600 3
-3882 3831
2865 -171
2623 -319
-2836 2338
-3080 3139
-3992 4610
2594 90
-2120 -4354
-2363 -1000
536 -4168
2278 4880
-3428 -1192
-3927 -1023
3994 -506
790 678
-1453 126
-3265 2638
-1895 -517
-1250 4831
-4078 -825
4866 -1590
-1305 4884
4816 -4437
-2525 -271
-2078 -2638
4312 1520
-164 -2463
-4827 -4298
-4564 -3494
139 871
819 -3371
-4761 4477
791 -3403
-3713 2052
-514 165
4095 4569
846 2017
2106 -4989
2583 1445
2048 -2987
1889 2756
583 -4403
3741 -178
53 2414
2925 1039
-559 -4316
-954 130
-2576 -1945
-257 -2365
-1964 3992
1092 -2230
824 1978
-4252 -4609
1666 -4206
-1266 -1803
-2590 3473
-1944 27
-2619 2142
2240 2149
-2543 1854
-212 729
-2112 1819
-3882 377
4331 -2032
2075 -4416
2681 1626
4285 4160
2169 -4667
1738 -614
-2025 3223
4871 426
4085 329
3109 3877
-464 -2851
4320 2727
-3707 3351
4993 2927
-4952 -2797
3058 1894
-4029 -4671
-3779 -2284
-4928 848
-2557 2635
3236 -3450
-4209 -549
4237 3799
-4786 4880
63 -2818
-3929 -339
-3262 -541
4178 1153
1513 1415
22 597
2750 -3638
-3640 3766
-2878 -365
-4054 789
4876 -686
2321 -1876
2790 -4456
-4292 3295
-3796 2350
2921 918
-3959 -2356
4932 -3326
4089 4215
-1814 4527
-19 -3008
-3867 1233
-3731 -495
-4436 1370
3832 -4348
-1739 -4412
-1607 1142
2269 4540
378 2735
-1352 1054
4590 2355
-1060 3487
3163 -2521
-4183 3945
-4838 -1185
4342 -3952
-1169 1228
4138 -1721
-1999 4090
3354 598
2411 2798
3812 3958
2856 4111
2936 4645
-4053 4062
2149 -2045
19 -1230
3338 -1391
3275 -4765
4624 -1471
-2447 1342
4252 -3882
-3651 1730
-3315 -4964
3649 -1100
-1856 4590
920 -2963
-208 -1642
3243 -641
-4510 2389
1961 -1512
-2340 -518
448 3344
-854 1348
1657 -4621
1183 -3708
944 1530
-2423 -4048
-4663 1319
3024 1087
906 608
-837 2960
3171 -4753
-4672 3887
1579 3570
2325 -2227
-1974 -1992
-3446 -957
1098 2450
-1311 -3699
2276 3930
-4099 -4791
-2341 4201
-1001 3673
-1020 -703
-3709 1210
633 2862
4043 3527
-4780 2120
-609 2842
-1254 3688
-4716 4194
-2000 166
-1334 -1862
-3110 -2602
2430 564
-4476 -3399
-1087 1151
-4287 -4787
-2309 2923
-781 -4798
3273 -3208
542 -2154
-1086 -3458
4357 -455
1195 1744
-1215 4101
-3643 -1688
-378 3064
3313 -979
-2626 -2738
306 -776
-1536 -580
1734 -3821
4376 -92
-728 3960
-2383 -4929
-3301 -255
1378 352
978 1412
607 -1518
3097 887
-4289 -3656
907 2387
-3375 2864
2821 -131
4159 4202
-4432 3322
-2421 1878
1410 -670
2232 4061
273 -2733
-1269 196
-4 -1073
-4397 4363
3615 -4060
719 3355
-4006 -3623
2810 1292
3376 -852
3354 3804
-1453 2446
852 1288
1110 348
4008 2559
-2832 -87
-2273 -2671
-4897 -350
-4021 -1609
4580 -949
-1430 2117
3953 -1958
4662 -1057
-2774 4672
4455 3865
-4497 -867
1894 707
-593 2271
-4519 2818
-1677 -2795
1297 -2726
-438 3297
2229 -810
-4496 2846
9 -2259
-372 2106
2214 -4322
2968 -20
4617 -253
975 -372
402 218
-2973 552
1676 3991
2899 1283
-4570 -2857
-1586 -4304
-4359 -307
2128 -793
-4409 -2601
2520 4627
-427 2869
4344 1273
1229 1012
-1932 -4907
-3524 1891
1172 2029
2607 -2557
-1088 1638
1608 -2823
-1363 3007
4869 1987
-3741 501
-1376 4486
-4461 2503
4194 -1069
963 2398
4885 3699
2749 -2661
1749 4561
-1822 -2979
3828 -2498
-3110 1643
4527 -4242
-947 -4501
4686 -3101
4363 218
4694 2274
-3265 -345
2466 2957
4240 -3510
1522 3428
-3635 -691
3505 -3294
944 -2390
2530 2310
1332 1436
4466 1589
240 1751
2926 3215
489 -2530
-4880 -4585
4482 -4886
4945 447
3555 -2476
-2224 1172
-4383 -1312
1200 -847
4448 2846
-1303 -1319
-3106 -2665
-1364 1362
4764 272
-633 1438
-3212 -3806
2186 2895
2121 4971
-2055 -4383
1086 1969
-250 -712
614 287
3777 601
1632 -861
2565 1423
3092 -4049
298 2993
2694 3615
-2388 4012
-2514 -1550
4193 -1513
-1563 -1091
1108 2598
1915 -139
1147 -1459
-2525 2316
4744 -2755
-4181 3916
1068 1250
2986 1190
-1286 3572
-3213 609
-1901 -1652
-640 1824
-1826 4316
-4619 3106
3287 2715
-1159 -4024
2226 -2951
2627 3283
282 3371
4185 2598
-2981 -3750
-2572 4650
-3138 -2703
-4240 4790
-2938 389
3598 3965
-2303 41
4082 4520
1384 -2835
-1205 -4672
-3833 -468
1297 156
3604 2585
6 3029
-4411 -37
-2480 4343
-2467 2045
2892 1973
2722 -4780
565 2273
2403 4066
4640 -3082
-1121 3728
24 2865
4341 -144
2619 4368
-3490 -849
-848 -2067
3153 4367
3513 3385
1614 3832
562 -3172
-3939 -2995
191 4098
4820 4442
4204 -3346
2465 2648
-3975 -4770
-3518 1677
-1420 540
-3648 -3833
-1119 4393
3659 -1516
-1306 -949
-4570 -3935
-470 -2511
-668 3689
-3287 2239
-1383 -4548
1671 -4057
-3328 464
3810 2419
-4038 981
3330 3124
3766 1531
4158 160
-2383 2926
1828 3691
-3384 -4475
4561 -1438
945 2055
-2926 2178
755 1426
-4291 3348
-2615 1486
382 -395
4379 492
3501 -1179
3154 4154
-1431 -601
-1713 -2431
1455 2190
415 -913
-4476 -3584
524 -3770
-2356 1360
-2024 2130
-3987 -4645
-3933 4644
2150 3671
3156 -692
-1084 -2653
4382 1578
3531 -4341
-1092 3451
-360 -3982
253 4458
-4766 -3637
2782 -2704
3923 -3194
-4322 3905
-4527 -770
-3137 -1320
-2226 -4174
3227 1650
-3473 135
257 -3968
745 -2932
3698 1253
1938 1580
-1754 4797
2301 -778
3408 3526
2589 -4406
4691 -2029
3474 -4081
-997 1091
-4869 379
-3174 -3602
-1440 -4333
102 -1023
-1259 -1752
3980 -2981
4061 288
2664 664
-1299 4868
4405 -293
4630 3132
-1606 1511
-2260 2397
-3260 -4131
-1802 855
-1940 3949
-1350 1487
-4736 4477
-4940 -4931
-924 1384
4135 -242
519 3690
-1889 2625
186 206
2378 -3267
-598 -1274
3981 -4149
-1382 1825
-715 -2199
1323 -839
-2725 -3507
-2465 -858
909 2239
-434 1311
2661 -304
4172 4374
2018 2827
-603 3857
2033 -3229
1480 -2341
-729 -2903
-2926 -2614
-3545 -1935
-1373 -1686
-6 2764
-3675 1000
-4861 -292
-1766 3221
40 2375
1414 1680
-3830 535
678 -798
-3312 4693
-1601 4539
-3798 -2029
-1684 -1183
-4936 2896
-1350 4649
-1141 4152
4972 1512
-924 2095
1289 3601
4060 -3890
-1422 4513
322 1222
3595 -3538
3010 -3744
-2744 376
956 -3164
1002 -2715
-3942 2002
1760 631
-1019 -1133
799 3852
3168 -4216
-416 -2585
-3045 861
-3884 4805
-763 -733
-1406 -2496
-2414 -257
-697 4817
-1049 -1945
563 -4316
2179 2640
-3683 -4003
-1550 -4342
-2571 -3156
434 829
-3808 -3840
3494 -1975
-4367 -1279
2547 3311
2224 -2843
-3620 2434
-3585 -282
-2889 -4929
3943 -1104
-3691 -2981
2379 -1314
777 -2429
1500 -2747
473 -286
3216 -3887
-1824 1492
-3448 -3496
-4457 -2057
-4095 -1393
3036 4286
-3749 -527
1800 2786
-2733 1109
4030 -2443
-550 1029
4666 3969
-783 3733
1263 1829
-3291 3129
806 4420
-444 2657
1941 -1266
-1783 2038
-1426 -4294
3669 -3020
-3853 3141
-3779 918
-4997 -1861
4968 -4052
-3772 304
1077 3429
4084 1825
4440 3479
-4232 -4475
2510 -3476
3548 -2530
2150 -609
-3388 -3606
191 3083
-125 -1807
-3953 -762
4917 156
235 -2422
3766 -3818
-4076 -2803
-262 1216
-3277 384
812 448
2894 -1115
63 -3663
-168 -1027
4556 4482
-2773 3550
-1147 -2431
4709 -3428
1712 -4911
-120 -2468
4986 -4546
-2349 1523
1737 -3791
-4386 3401
-3351 -2470
-1281 2959
-4496 4000
-1987 1727
2089 -314
2380 979
287 1980
-728 4837
-3727 400
284 1996
804 -2504
99 4520
4355 416
2759 2394
-1485 3341
-2405 -1923
-4499 2863
-1851 -3811
3926 797
1442 -383
2982 1395
1579 4835
-870 2869
1281 -3951
-928 -3631
-2728 -140
275 -969
597 -360
-4328 1602
974 1462
2238 -4736
4988 1585
4187 -3246
1651 -1222
180 -4337
-4839 3497
593 2859
4000 -61
-4753 4414
-2495 -3788
4185 1077
-4081 2618
4124 -564
-2404 -2151
1000 -2842
-2493 -1791
4679 1443
4480 -4469
-4643 -3303
725 -4703
2404 4775
-3901 -2334
-4480 -1289
1291 618
4912 -1278
-1315 -3777
1946 -2447
-3073 -1867
4186 671
-4490 903
-899 -4261
-1448 -606
-1177 4866
2808 -366
4307 2693
3539 881
992 3034
3252 2272
-371 -3020
2614 -3539
-4652 -4287
-195 -3024
-4775 2026
4506 -4388
-407 -4468
-4675 1106
-4797 -2078
4966 629
-1039 -3738
-4235 1121
-603 4284
-764 -1571
-691 3901
-2687 -1661
-2919 1768
-430 -4876
-3938 -1393
334 3
1085 2233
1934 4061
-1261 -1260
-4538 -2428
3282 124
-1543 455
3278 833
-320 -3386
4932 94
4736 -1709
-3106 1762
2772 -4739
-2140 -1585
3632 -2334
2686 1898
-3029 607
4932 -1799
-391 3233
3743 552
-4854 4982
833 1019
251 -3096
-1059 -2515
-4574 -3496
-3420 -125
4055 477
-4815 -3226
2556 823
3791 1152
-3914 -3634
3317 1833
-1118 3494
-2833 -4463
-4393 -2930
-2586 2867
276 4852
-3851 448
2289 -3420
-318 550
4905 1845
-741 -960
98 -648
-4277 2222
-4867 3709
-2924 3286
446 -4955
-2650 -608
-4546 911
2327 1223
-1259 -347
2703 -2176
1798 -716
-1910 841
902 -3774
-4109 4023
50 3739
-2454 -4289
-1026 826
869 4376
4135 -1494
1307 -147
-2599 1888
-3183 -4238
-3466 3281
751 1908
4114 3648
4685 -1094
-3433 -2772
-1633 1130
2990 -3198
-2796 -1716
4310 -4788
-1427 257
-3204 2059
-2981 4836
485 3217
-4995 2783
2235 4771
224 320
-4826 2335
2717 4693
1183 1259
-4997 4546
717 3244
-3690 3169
4708 50
-2411 -674
-3351 -4393
-2572 -2660
-1003 3657
308 -4605
-2995 -724
-2369 -1420
4770 -923
-1101 1114
2875 -3251
-4901 427
4305 -2332
-1160 4232
-4459 -1236
-3850 643
2647 -2424
2930 490
-1960 -2533
-4943 443
2127 4363
4834 -4617
-4461 4047
-1876 -1532
1787 -1983
-4187 -2164
-2667 275
512 -500
-4197 -3019
4383 -2895
-4157 -4157
-3212 491
-2486 2409
1127 -3310
458 -4082
-1337 -1069
-1832 -1734
3363 1528
-3425 -4155
-4080 1075
1963 -4538
-3071 -2703
2676 2386
-1027 123
1512 685
4783 3066
822 3426
4073 -3182
313 3086
4669 1135
-1620 553
4606 -2431
1331 4483
545 308
1363 1436
4475 -2408
3302 1256
-4959 1418
2220 1397
2037 -864
-1146 -1412
2619 -3617
-2566 -3891
-4419 -2688
1032 217
-4268 4573
2767 -175
3806 -1418
-2625 -627
-1371 2802
-3467 -3942
-2700 -568
3068 -955
-3898 -2300
3704 109
-538 -4718
-2630 2266
-3141 1783
-3739 -4609
-2116 2159
-181 -4440
3761 -2997
-2429 -2083
-358 -3813
-4601 1218
-4332 2044
1210 -4086
-3524 -1592
213 -3409
-1925 2200
-2963 3941
-1655 -4990
1798 1013
2323 3072
-117 3440
-3672 -4536
662 3589
-4433 1911
-1280 4138
-1654 3635
2163 -2563
-3758 2878
-3354 3201
3682 -608
312 -1398
2258 -4982
4539 1564
4784 760
-2379 289
1651 4223
3742 -644
-2688 -841
-2419 -4422
-2099 3002
-4384 4809
1916 2755
-1113 4265
4663 4313
-1677 3606
3728 -4515
2992 2049
-2866 -1732
3694 -1960
-1974 1758
-881 2663
-239 2989
-478 -2083
3057 -575
3295 -3846
2553 3423
-4871 -2362
3507 -4009
554 -1033
695 4372
582 -3676
570 -4324
1867 3996
4696 -3439
2384 446
-2890 -2696
-64 1263
809 -2995
1003 855
-1112 -4394
417 2388
3937 -2507
-1907 -1388
-4663 944
-2272 4524
-2240 -2550
3743 -3442
-4158 -4984
-3032 1912
-701 -19
-3360 -3974
25 2559
-3873 -4274
-2337 2385
2445 606
3002 1624
-4870 -4641
-822 4929
-1706 1379
-922 -2583
848 -3164
3652 4161
3717 539
-125 -2719
-330 -3500
-1015 -435
878 2808
-4639 -3149
1720 637
3851 4837
-555 -3427
-1249 -99
3362 4222
697 -2416
3971 -860
-1231 -3052
-2953 4416
3756 3702
4133 3033
-4768 135
131 -2985
-671 -4718
657 2750
-3548 4444
-3225 -3511
-1961 3258
2311 3882
-589 -2237
-517 2791
1307 -1339
1807 -981
-3793 4859
-555 590
-3244 -1303
951 -2652
2724 2803
-2776 -909
-225 -3492
-2090 -2626
-1967 -2149
-2069 3114
980 -4161
1938 4650
-4538 -3632
-2527 -1397
1792 4453
3423 -1039
-1148 4796
-1031 -1805
2843 2554
-416 -2157
-56 -3771
957 -4938
2470 -4991
-1309 -4107
-4610 3608
1473 -4352
4988 -1332
-1835 1736
4361 2116
4607 4488
1000 -1428
4371 -2888
226 -4235
-1349 -3232
4441 -678
4514 4942
2281 -4253
-2577 -3220
3610 417
3426 -4147
-3993 576
-1114 2962
-4104 -3163
648 -4994
2818 567
-2355 2653
-1569 -1336
-4367 3702
2814 1673
436 2254
-591 -3965
1421 2643
-3539 -3755
-3789 943
-2728 -1790
-350 -3733
3716 725
4903 -1377
-2485 -1956
2237 87
1571 2856
1498 1245
-679 -4345
-2392 -4564
3462 3379
4493 -798
-3246 -2423
1788 -1475
-3447 -167
355 -3084
1748 187
-2748 3248
-4644 2431
-1924 4329
-1394 -1306
4836 -362
2663 4607
426 3422
2233 -4533
-3388 2368
1281 3223
1017 -4549
4851 4027
31 -3743
2513 -3992
-1240 -2953
-1605 -2545
-3777 -1854
-91 -3738
3821 -4133
2335 2503
-2225 -2903
-784 -2643
1708 -1066
-852 3251
3870 -2702
-1955 2072
4537 -659
2152 518
3112 613
1200 4318
1124 -502
2960 -4108
-3105 -1823
163 3269
-18 1552
-1758 1608
-1322 2948
-2297 2458
1829 -1817
-1956 119
-2988 -2352
1090 -1136
722 -595
397 -412
2662 4980
-99 -466
-4612 3563
-570 4142
2690 -435
-3141 -4215
4879 3181
-3303 161
-3164 3480
2730 -2490
-4839 -1191
-2009 2365
4060 -149
-1278 2641
-4309 -3438
330 -3971
-401 1364
2356 -694
-2349 -2508
-3644 4088
-4637 3172
-4665 702
-2120 -525
-4132 439
-927 2046
4310 -4737
-4859 4752
-3260 3199
-65 -3768
-1896 -2897
-2187 -1179
-89 4249
1241 2902
-2707 4338
4611 -1190
-4297 3824
2740 2637
4686 -4721
2437 2027
1183 1442
-1885 2822
-2364 -4962
-2040 -2171
803 -3026
-4563 4398
-4329 -2368
2020 -1526
-4975 -1874
941 -1125
-563 1053
-1505 -2860
4182 3143
-1025 -4994
-591 -4585
1662 3753
-2704 5
3460 -2933
-4648 -3352
-1264 1802
-1949 -4087
-1251 -878
18 846
-3386 1796
2702 3346
188 2210
3049 -3246
4485 -469
-2907 1507
-2722 3867
3550 -3545
-3628 -162
2537 4393
4748 1883
2337 -3195
204 -1040
2790 -659
-572 -3281
-2687 -3360
2566 1240
-3173 2279
3236 -499
-2052 -2708
661 -1727
4652 -1466
-4827 4992
-2633 -3527
-4355 1175
-4105 409
-2371 1477
2981 -1957
3891 -824
3363 -4590
4897 1943
-817 2714
-4668 137
-3652 1315
4222 3505
-1969 -2765
421 1222
843 -3032
2234 4461
-3537 2065
-113 329
-3537 -3
2128 917
951 128
3802 1492
2226 -4671
-555 -2633
3124 1633
-849 -111
-4003 725
-3214 -1833
2305 2531
-2580 4624
4745 -1835
335 -692
3451 -3357
-3622 -31
-4590 2342
3527 2395
1471 3984
2597 -1809
-1459 94
-4286 -4737
-4596 352
3858 -331
-503 -2985
-3816 -3884
-1588 -4321
2994 -1565
4374 66
-3612 641
2098 1217
-2666 3818
441 -2518
-4281 3983
-3896 -1903
280 1355
3262 -285
-1303 1991
-3549 2263
4191 -1382
-4723 -2227
3914 -1318
-1354 3382
-3893 4141
3022 -2317
-2410 -702
3976 -2301
461 112
2764 2400
-2915 897
13 -2564
-4628 1959
-3270 4940
2232 4890
-1234 1740
1592 543
4685 -968
4835 -1593
-1510 -3268
-4237 -4909
-1907 -3935
-832 3957
-2387 4681
2017 -2469
-3452 -361
-1138 -744
1752 4872
-1403 1424
-1254 1496
-2001 1649
-2684 1172
-1482 1116
2702 -4882
-3218 4049
-2366 3859
-4050 -699
2440 -4213
4623 1792
138 -4262
2361 3655
883 -1604
-3987 2336
-4467 -4906
-933 -4298
1173 -3197
-2995 2203
2437 511
-4754 -2435
1151 1003
2685 -1902
3502 -4892
3070 4794
-1791 925
-1525 1597
1445 207
4014 -4087
4256 -1868
594 -660
-4002 1016
2955 1837
3022 -789
3586 3112
-4764 -690
-821 873
4414 -2839
-4805 -3220
-2718 698
-4129 -2584
3165 -462
1499 -578
829 -3509
2214 -4977
1499 4670
-2372 -3353
-4496 2704
4688 -2948
-1968 -273
1903 4451
-4513 1260
-3343 485
-2355 -3081
3793 2569
2438 893
-2128 1149
-454 -3362
-1514 -3294
-3855 -2163
-2023 945
3260 -1193
3462 1579
3890 -1211
617 304
4762 -3757
4929 -812
2034 1241
-2742 1492
-2525 -3687
4420 -797
-4244 -1332
2302 951
-4617 -322
-1534 919
-4548 634
3645 1330
-2033 -2593
-3344 -1337
759 376
-4792 -3625
-817 264
-4052 -4928
-4306 4855
605 4335
-4763 -3560
1586 -820
848 4867
-466 -1935
-1647 -3477
-2528 -1309
1168 -4790
953 2460
-3719 -2988
1328 -1622
249 -2529
-286 2425
-241 -3860
2542 -979
4651 469
-4318 -2999
2671 -1688
2996 3781
4194 -4117
-2996 -2159
2108 -4065
3769 1443
-3276 -892
1577 2700
-1928 -58
3047 -1570
-1691 -2111
3367 -2919
-4959 2786
3101 4001
2363 3755
2625 -281
141 208
-3332 -4425
3658 3808
1654 68
-4880 546
-4391 3535
-4296 2888
197 -1555
1874 2900
-2813 -2499
2472 -1328
-2944 1995
3750 -2076
-4201 -1582
-2042 4734
-2958 2161
-2658 -2466
546 3424
-483 -885
4862 1789
2007 2343
1467 2886
3503 -1582
48 2566
-3148 -1921
-204 1514
4140 7
-496 -4068
-2629 4793
97 -2009
-865 -2684
-3188 3138
-3481 -4836
4631 2
-2016 -4190
-127 2625
-2613 636
2790 4118
1477 -342
980 -4638
-2743 -3246
974 2394
3348 1642
-4047 1324
-4769 1400
740 148
-2433 1337
1395 2793
-1824 2305
-4410 1796
-2763 -894
1721 2596
2198 2549
-758 4186
3590 -4041
16 -2004
-601 -4600
738 -677
-3954 1799
-651 3358
2096 2229
4243 910
-3202 -2892
3640 -2697
-708 -151
3877 1622
-4060 -4410
-319 2445
2556 -4010
-3559 516
-4432 -2152
4405 -1544
1104 4283
-2611 2499
3869 -1409
4018 1542
-1741 2480
-2105 4267
2646 2445
4086 -3926
4031 217
3356 3632
4272 -4118
2179 -3539
1073 -4870
-3789 1639
-3454 -4679
-2819 -8
3680 -1422
-1620 -595
-3577 3939
1852 3773
2116 4793
1238 4073
-3896 2223
-2224 1438
-3040 -273
3418 824
-2546 -192
4239 -2204
709 -1614
-677 325
3219 -1363
-4783 2070
-3624 1952
3691 3556
-3955 -10
988 2918
-4728 -1519
81 -1577
-1265 407
3554 856
-1249 3434
3598 -4948
1765 4062
-2591 -3705
1104 -1104
739 -784
-3502 1603
-213 3815
3346 2690
1696 -4227
-4908 -1973
-3011 -4120
112 1251
2980 -3460
577 4597
-4115 1605
4407 2495
698 -467
3080 2375
2188 -1186
-2582 -2499
-2642 -1035
651 -2626
-383 -39
3116 2281
-2471 -2073
-4290 -108
-3471 -4830
-97 3444
233 -1836
547 3067
-852 -2015
3967 4012
-1596 3864
-2113 -1823
2967 2040
1661 -1783
-1743 -1132
4961 -3270
-3556 -707
543 -3467
3954 -788
2110 1897
3570 2984
1367 4751
-4617 -4568
-668 4310
4450 1006
-4279 3394
-599 1525
-3188 -234
-4543 -2179
-3451 -3779
-2565 -2
-2125 -1118
3073 -4399
1277 -834
4740 4897
-4654 1243
-1949 -2226
-214 3452
-800 -2737
4794 -925
-1064 599
1921 -794
2 -108
651 -2026
-3387 976
1819 -1675
-937 843
3647 4753
3935 1125
-1272 -2074
521 -2407
582 4934
-2939 3315
-3426 -1864
-3814 -3753
-124 4908
-2416 301
-3002 521
-2738 2743
-1109 -3669
-2921 -366
3087 -4047
-4779 -4561
1501 2777
-1861 2501
3523 3182
-2828 1000
-3117 1195
-1475 284
-626 1933
3563 -1978
2990 3197
-2477 4457
-1729 -3218
-1409 -4725
733 3733
-3890 -1963
3174 626
-3854 4002
-2727 -2820
-4968 -789
-4523 -964
-3325 -3816
-528 3384
-2613 328
4645 -751
2769 3168
932 -1290
4833 -2080
-839 144
3882 1603
-1376 -390
-993 1878
-4052 1936
2975 -3932
-2440 -1221
2254 4521
-1952 -3088
487 320
4519 -3586
4287 2639
2749 4979
3453 1585
4269 1634
3856 -1760
4905 336
131 4784
4273 1584
-2951 -3883
2656 -1976
2991 -3876
-3623 -1730
-3698 -1055
-4697 1678
-4582 -2034
-3585 -4336
-3248 3023
-4463 -3745
-33 -618
-4752 2122
-998 370
769 2011
-1453 -687
-2809 -4355
-78 -4699
775 -1441
-2635 1742
4302 2019
-4429 -3823
1382 239
1984 4809
-2464 -1603
2861 -4523
-3563 -3344
357 -1744
-1807 -2670
-951 3863
2759 4600
4176 -3861
-4302 -1189
653 -3609
-4661 216
1397 4221
132 356
-4073 1543
2463 2641
-4706 3939
532 -2323
-2553 -3745
3045 2948
-2130 -2617
2405 953
3957 2560
834 4667
-1975 176
461 4292
3043 4080
2774 4662
-2729 1710
-4974 -1637
-1246 2956
1217 -4324
-1597 4598
3097 -1216
761 445
2213 4312
4932 -2200
-2433 -4718
4176 -3201
4621 758
1670 312
521 -833
1596 -1379
-2748 -978
-715 4855
-842 -839
1513 4350
3777 -1014
-1807 3445
-4756 -1872
-333 1042
-2367 4068
-346 -708
1636 -4276
2445 -1899
1626 762
4390 1916
1808 4533
3950 -3858
-490 -1135
1605 4923
872 -289
801 1637
-797 3665
3737 -1688
-922 4667
1310 517
-74 3903
4818 -230
1252 -2140
-1895 -3622
-2050 1756
2772 1850
-1827 -1809
-4188 1472
-1800 3682
-1491 4445
-1670 -902
-2095 1149
1435 3367
-2829 4467
1077 3828
-684 4889
-768 606
-619 -2834
4634 -3023
3900 -378
1493 2367
2837 -4019
4911 -208
-1616 3467
3721 4865
-2876 346
3655 -679
-3144 589
3768 -2097
-2944 3374
-3134 3911
2451 302
297 -4710
2453 3808
-3020 111
-4706 -3892
-2317 -2382
4659 -819
4793 -1484
-1696 2825
4564 -3817
2676 -417
-404 -1409
4992 2477
-4191 -653
4256 3952
-1514 -4982
-4173 2090
62 -4876
-188 3313
-1633 594
2262 -913
-2330 -3715
-516 -2147
-3417 3237
66 2412
-3858 -3240
-3764 -2726
-1337 -2886
-3987 95
2936 639
304 -3667
4176 455
4559 -3642
-2251 -2440
2879 -34
4156 -4917
3611 3984
-946 751
-654 4924
-3937 -4816
963 86
2128 -3442
4954 -2659
4787 -4612
-4468 -4061
-1730 -3304
-1731 -1878
652 666
-30 4044
-2556 -2937
226 604
-2111 3110
3781 -1899
-911 -638
-810 -2630
-433 3109
-1488 4014
-1698 4351
4818 -4361
-2528 4990
-862 2659
-2871 -1998
-3874 3158
-2128 -366
-1746 -2496
3197 4336
1561 -990
-3314 -878
2149 2802
400 1269
1489 -3788
-1 955
381 500
-1123 -1791
-4116 -4408
-1567 1870
2949 -3484
3997 -3278
2624 2779
-3685 3798
1667 -430
-3397 -1943
4229 2782
-848 -2981
4839 -1772
-802 3801
3368 -965
-4638 -1978
-3163 4304
-4654 -1532
28 -3672
761 2140
-3325 3318
1985 -4699
-4335 -431
-3238 3482
2210 -4867
-3115 -905
2198 2737
-4226 -2803
-969 472
-4018 2297
-3787 4991
-219 1625
-4343 1466
-2183 3214
1190 3315
565 365
-836 -3119
4792 -2431
3154 3628
2564 -3204
-2194 -4788
3491 -2752
-2436 4779
1820 -3910
-242 1299
-1233 2478
-2200 2321
-2970 2275
-424 4625
-1151 -3735
-1885 1494
1126 357
-3535 -39
1172 2344
-3610 1331
4424 -3942
977 3524
1177 467
4532 4293
2746 -1792
-774 327
-1214 -4713
-3093 -1652
-3445 1332
-3789 846
-210 -2358
-401 914
-455 -1538
2386 -2288
1891 -462
-4085 -3415
-2332 -3287
42 -4438
-2402 -3408
-4074 3026
2085 681
-1391 -268
-1294 4247
440 1996
2004 1177
492 1938
-381 -3449
2233 4867
-4109 -648
1551 3629
-802 -1247
-102 4584
2018 -1255
2783 157
3387 -2434
2165 -1525
1858 298
2362 1439
3342 -4676
3047 -1195
2250 -2124
-399 -2720
-3720 -3138
647 523
4857 4318
4948 -1999
-1223 393
4997 -1916
3876 593
2631 3563
4756 -3822
2774 -4234
-4529 3049
-4970 -3169
2871 -739
-760 -1572
4913 -3655
392 -862
519 -4913
253 2066
-87 2060
-2003 -1154
4221 -734
-268 -3857
1091 -4429
-2648 -3979
-1422 -4715
368 2046
3109 -3832
543 -1068
-1458 -3550
-1990 4648
2390 -1980
-666 494
2229 858
2494 -3673
-58 1978
1098 -4630
3989 681
347 -4602
238 776
220 830
-33 -461
-2851 3365
-350 2665
4037 -2887
886 4273
-50 -2106
379 1021
4934 -4634
-721 -90
2579 915
-1593 -37
2694 3909
869 -938
-810 3813
-3604 -1483
3712 -4071
2379 -381
3896 4058
-4948 -1616
-3848 4287
439 -3032
-3124 233
-1095 2818
2674 1623
-1147 -453
-262 4863
4990 -3316
4825 -3619
3942 -961
-4430 -3051
-4586 214
-4324 -2044
196 -1040
1471 -1368
-2740 1524
-161 -3389
945 -2035
3938 2901
-4158 -4606
2443 -3679
1296 -3363
-46 1751
-248 -1612
1182 1222
3045 -936
-861 -3290
-1301 2832
-1982 -1169
3806 2976
4800 -3850
-2393 4697
-331 -4329
-4926 4755
4250 -3703
2942 2915
-1536 3510
-3555 -1922
1220 -4652
-230 183
-2332 -3150
-4266 -2495
-4252 2617
482 -2217
-2114 4823
-2798 796
-626 -2882
-1290 -541
3639 3190
2631 -3759
-3999 2496
4362 1896
1725 4571
2465 3782
1275 -2259
-1698 1833
-4549 -2405
-3256 1256
-4172 -4440
-2400 2346
1348 -1873
-1940 -511
238 2866
4875 3351
-2518 -1772
1275 2581
2075 268
-2314 3865
4922 1027
-2804 2156
-2150 -24
-3572 -3950
-3475 2159
-43 -3163
-4750 4057
1761 3589
-420 925
336 785
3494 -2559
4996 -550
1465 -3136
-272 -2443
2174 2575
-2553 529
-123 -127
1978 -1928
1410 -4810
-2796 -723
1761 4558
2860 3997
-1300 3021
4334 4779
-2464 1974
-651 321
288 1975
-2046 -1604
-296 4408
3482 3413
-2563 -3410
1159 1442
-2525 1387
-1995 3351
405 4241
2309 4988
1470 -2430
3514 1820
-4455 -4989
3613 4296
-4861 -4332
-634 -645
3304 1590
516 2943
1965 94
3027 -1776
-2449 -3801
-2156 4169
97 -528
-4856 -253
-993 3855
1202 -519
-1545 -1320
9 -2671
-1796 3994
4597 -2943
960 3609
3696 -1005
-4236 4770
-2259 4999
-2021 4274
4549 -4267
380 -2982
-953 -3046
-3447 4454
3289 4412
-2646 -2752
2767 154
3566 -1467
2432 -3416
3015 1612
1263 -1577
-1596 -1310
-2723 -3062
2911 -4751
-4125 -4839
4233 -1880
3151 -2280
4083 3900
2370 3882
-494 -1574
-3807 -2113
4300 -2735
-537 -3684
3765 1873
-2669 -1709
3608 -4066
1345 622
4379 1652
1757 -3313
-3979 -3607
-2246 4761
3295 -4185
-1435 -1154
1726 946
-2501 2551
-4588 3054
-2198 4573
2658 2017
3975 2459
2673 1002
4671 -94
-3230 2713
3606 1662
494 171
3093 -714
-1124 -1909
703 407
-4389 -743
3358 4008
-1591 4008
4718 4233
-3052 -86
1097 -4284
-3062 3016
-1629 4066
3632 1714
-2694 -3766
814 -840
-2383 -3252
-3270 422
1629 -2451
-3224 -3864
-3059 1025
3806 -4747
3658 -1801
877 -4289
-4050 -3455
-2057 3295
-563 4875
3595 -4191
-4259 -4111
-4737 1751
2934 535
-3547 184
-3975 2195
-2379 1150
4688 2782
-1978 4107
-3529 -2606
-493 -4783
2353 -1153
-349 2948
-1733 -1393
810 -4455
383 -4084
3777 3105
4356 2745
-484 1747
-1431 -1869
163 -2827
-662 1848
941 248
1662 4022
-2086 -2236
2490 4191
2631 -2634
4816 686
3633 -3095
-73 -1285
-3517 4870
2049 3473
-1435 425
4317 2810
2233 -1321
-2510 2499
59 -766
3195 -4001
-1111 3827
1594 -245
-4751 1914
-708 4536
3207 1417
-2892 3097
-2761 -4441
-1105 4506
-3162 -4324
1935 -4059
-3288 4224
-3298 3405
-3796 1805
-1282 3888
4256 -3034
-1857 2794
1755 -2213
3273 2146
1305 -180
2652 -2971
-4325 -4209
-3305 -30
5 -1306
3865 -4375
-367 1376
-1735 946
4900 2532
-4783 -709
-3282 1125
-1029 414
1747 -1285
1907 2161
4121 1887
-2182 3780
1347 -4936
2745 -4716
-4309 -2702
-4336 2045
-1282 -4593
-2204 -1117
-4063 -277
3819 3328
473 -1914
349 3454
-373 -1684
-2869 1665
-4236 -666
4177 2220
3529 -3673
3761 -3127
-1386 -4056
-462 -14
-562 3343
-3570 1782
2024 4122
3921 -4066
62 624
2286 -4382
-3312 3963
-3979 405
1898 185
1200 4803
-348 1443
3872 -1802
1667 806
4648 -4990
811 2355
684 3417
-4567 -3374
-46 704
-2440 -4902
4288 3432
1996 -3529
-2912 1013
450 1724
-1274 1963
4674 4617
-2224 3174
-4765 -808
-1078 3844
-1946 -3891
-885 -2625
-887 -4821
1940 -3492
-1169 2325
-3549 -749
1558 -4566
778 -4293
2330 4953
2719 -1138
2571 2038
-805 -4449
-1176 -980
3996 -2595
3690 4510
-1462 -4645
-3786 -1834
3478 -4526
-354 -1844
48 -1630
-1770 -2186
-1391 -865
979 -3414
-1369 -81
-304 4388
-1407 2635
499 -2178
-3460 4982
3002 1269
2022 -992
-1085 -4118
-2008 -2224
2365 4633
-3172 2365
-2506 2284
-1852 -1656
4983 4839
-2705 -1804
-1879 4374
2468 3732
691 1539
-4628 414
3571 -128
4902 3758
4210 3165
-4014 -3515
3388 -410
-4106 3929
-3402 3963
-1392 4391
3184 2700
3672 536
-4997 4233
-227 -2246
-2257 1491
4827 -4520
2318 1939
3804 -2140
755 -4994
2608 853
846 -3630
1459 3935
-3446 3486
3960 -4173
-3444 -3023
-1289 -4594
1684 -1942
-1247 862
3062 3100
414 2457
-3316 2514
-2821 -3171
-3089 2713
-3928 3694
892 -3311
3813 -991
-1734 855
-2583 2152
-4322 3252
-703 -1419
3619 929
60 3494
3898 2416
3109 -3412
-387 4522
3913 2647
-4017 1412
3451 -2055
-434 -2101
-383 -2317
-4554 -1826
2659 -4479
-3163 -4141
698 2231
-777 1147
-834 -3173
1588 -3902
3704 217
656 -368
-536 -1635
78 -250
997 -800
-4505 1555
-3935 -4838
-1922 -3731
3484 1105
3737 -1865
-80 -4462
2496 3320
2972 1670
2716 -2717
-1729 3637
-2141 4834
-3603 2327
-786 229
1429 4780
-3326 2901
-3361 884
1010 -1769
4447 1143
-4633 1657
-2838 -253
702 -1200
2150 -2156
-190 3838
195 2976
-2877 3369
-1475 1937
-2892 3156
691 -4000
2239 799
3920 -606
2702 -1835
771 4221
3881 3643
-3933 -2446
4413 -4222
1915 -641
-2876 -3410
3344 3154
-2478 -4888
4581 4766
-296 -1013
1327 -1579
-2521 4805
-2475 3565
-683 -4124
-3954 274
-633 -513
1502 -4171
3129 4433
-49 219
-4309 3543
4625 3653
2378 -4751
-922 4909
-3382 2886
-941 -4625
-2601 336
2344 -37
-746 -2173
1308 2735
933 2322
-3491 2048
-4925 2775
823 -2721
72 1681
2717 -3202
-2908 898
4129 4774
-313 1480
3159 2555
880 4406
4234 -1049
2685 1506
-1223 2542
-3953 3636
-2487 -1670
4974 -3782
1514 438
-2754 597
2823 2450
-4556 3420
-2904 -3057
-3635 -4870
56 -3723
3851 3085
-3212 -2652
-54 4359
-2140 4066
1954 -1773
-861 2656
-1526 -1398
2759 -3492
-4278 2240
-4836 -699
-3380 -626
4405 -2614
-994 -356
2955 4970
-3956 -2304
4163 -1395
1503 -407
193 631
4855 3323
-3210 4820
-3627 4131
-4464 1232
343 -1897
-2596 1493
-4659 -4445
2357 168
4059 -923
-1506 2638
1674 -184
829 -4976
880 -454
4178 -2928
3845 -4605
-3205 4639
-3878 -1284
1449 4439
-4741 -481
-1565 46
-2666 3113
627 4810
-2117 -3810
4193 4297
-138 -4572
-247 -1866
137 2884
-2059 -1258
-2225 -1055
133 2338
1896 -4617
-153 -4218
4274 -1763
2793 1380
1948 2611
3944 639
-1825 -730
-1974 -2998
-4228 -4066
-4130 -2802
-4442 4595
2794 514
3971 -214
-3273 -4576
-1792 1793
3205 3391
4236 3083
1588 432
2927 -4178
1770 -2060
2165 3313
3589 -4265
-1667 -1558
1689 1864
-1195 -2289
-2916 -4316
-1771 391
2894 3003
-4737 -1543
-4135 4692
3173 4450
-2946 3020
-2749 1291
4900 3228
4327 83
1286 1349
4887 -528
-3418 3149
-3813 2809
2803 3175
-4361 -2532
4931 -2591
-2696 3970
-795 -2253
725 1344
3797 1666
610 -942
1654 -4202
-2128 -4795
-2550 -2147
-2583 -4734
666 -2612
-4279 -4364
4600 2217
1714 1429
-3275 3924
-2207 -1438
-687 2910
3872 -3978
465 675
-3678 -4582
4761 4620
-4670 1356
-356 -1442
-1175 -1942
-1662 329
-1618 4681
2618 -3523
2762 4319
-932 2697
-2327 -687
575 -1966
-3862 -1358
824 147
2489 1474
3217 -1143
4380 4672
-2693 -4844
1453 1017
-4847 3371
-3626 -739
-2741 4815
3719 -3329
2697 2289
4976 -244
920 -3803
3279 -1007
3329 4595
-110 -966
1166 1545
-4519 -3312
2518 344
3214 -4854
-4675 859
-2658 4457
-4854 3033
561 -4972
-3856 1888
-4213 3039
1263 2851
3058 4162
2887 79
393 4598
-1598 4596
-1893 -3372
-3960 3533
-251 -849
-4850 -3462
-754 2423
1576 480
3022 163
3256 -970
-2040 1517
3312 -659
861 9
-2049 4146
2805 -3503
4266 3890
2199 -1569
-1268 145
3680 -1740
546 -1410
-3917 -318
-4663 -2969
1614 1651
3715 1586
129 -3485
-3869 2024
-3094 467
127 -4532
-304 1668
-1373 -3781
986 3718
-1802 -1735
4384 29
4377 -3796
-166 -2402
-2907 -224
964 -2877
2955 -3034
-691 43
2810 734
4327 2103
2259 4833
-4747 -2675
136 4862
574 -4087
4855 1773
3710 4548
1437 -3653
-1174 -2253
2598 4814
-890 4528
-4215 -2213
870 -4462
4249 -3109
776 1891
4376 -3863
250 -1437
3319 -2092
611 1881
730 -3296
4872 2896
-4138 -2712
-2704 -4271
-3362 -2293
-231 2822
447 1826
4871 -2963
-2664 482
-913 3908
-4959 -4890
-3951 -3922
1896 2824
-1075 -4118
-1991 -2695
3092 1415
-2707 -4454
-4892 -4018
2992 -3394
1638 781
-2880 4755
2507 -4047
-146 -3870
-4708 -4402
-1542 4936
-4993 -1664
-3559 2535
1355 -3921
2846 316
-2290 229
-1612 -4826
555 -3682
-157 4613
-4496 -4820
-3318 -2951
-3915 1269
4146 1660
4570 -3636
-4783 1378
-151 54
-229 1972
-4057 -3266
3069 46
-3751 2483
-2775 2783
2720 4283
-1286 2732
-3652 -1769
2196 1592
-4959 3104
-4091 -1985
-2206 555
-3295 -4238
-600 3383
3487 220
-1677 -993
-3804 3208
1434 -3976
3761 -1663
3215 -2004
-1429 1714
3770 43
-3219 -4256
-447 682
3609 -3084
3015 3416
168 2081
2614 63
3772 1489
2529 516
-3236 1027
2285 1695
-139 593
50 1840
4784 271
-195 4947
-2502 1083
1791 4158
-2241 2494
-2269 2222
2929 4560
-2903 1768
3928 -1382
-1551 -1962
-898 -3222
275 2012
-2630 -2876
-902 2386
-4503 -1547
-1301 721
-4453 -4258
3240 -4691
-2288 -4986
-1227 -4253
528 4276
2165 2055
-4752 -4665
3881 -743
3592 -127
1123 798
-1513 1982
908 1940
-4548 -1489
-1598 -2743
-1658 -1972
4429 4806
-3185 -986
-2455 3193
4542 -2052
189 -3278
-3479 -1638
-4392 -1824
1047 2671
1953 -1634
-3033 -406
2757 -3491
-453 1295
-1657 -4239
-938 -3898
1115 3775
4539 4513
-1251 -963
1423 -1412
3152 -123
-4033 -2692
-61 4609
1054 3483
2517 -1999
-2141 918
-2561 1417
-4781 4121
2634 1430
3994 -3337
-1689 4397
-3255 -1554
931 2594
4038 -3392
4415 850
-2510 -453
-964 1296
-3871 -1335
-2238 -2125
-2825 -2186
1812 1510
4399 -3872
2059 1515
-2658 -4004
568 -1317
2417 4198
-2947 810
2629 956
-1699 1929
-4004 -1458
4756 2379
4123 -1587
-2681 -1931
1374 3406
-811 3740
1990 -559
2106 -3122
-2761 -650
3696 -4005
-2880 58
2774 -496
1549 3102
2490 -932
4014 -2356
-3062 4443
-3326 4630
-4530 -4850
-352 498
398 -2004
-1229 -1100
-2042 -1487
-4487 -648
-540 -1397
-66 2419
-558 2368
2586 2059
236 -2989
4046 -2924
-2085 -4082
1455 -4663
2806 -3364
-157 -3694
-1071 -2728
2300 -234
564 1072
-2866 1157
954 401
1988 -3096
-2382 -1846
4692 -3744
1154 -3224
-2007 -244
-421 2459
764 -1764
-1835 4862
1356 418
-4379 722
-319 1665
994 3148
3456 1170
2118 -2995
550 5
-4357 4841
3748 -2190
756 -2907
-3485 1641
3520 4924
-1737 -3480
-3566 4002
-4467 3532
-1692 2726
1054 -1948
2833 -975
-3825 -2493
318 -4338
3336 -4476
-4009 -4790
4409 -3251
-8 2317
-2465 4614
-1269 2718
-152 2525
4607 -4451
-4033 -2561
1311 -2049
2426 3668
4825 -1265
-3594 3905
-3866 850
3018 3871
147 875
-780 -3157
-3139 -2670
3922 4336
4912 -1315
3340 -329
4812 -3801
-2266 1804
-1077 -3657
773 -2079
-2033 2532
-4449 4506
-708 -3922
1878 -1613
438 1882
-1983 1087
2634 -4767
-3841 2202
2778 2242
-4848 29
-811 -2008
-4244 620
-4060 3198
3461 -380
2966 2420
1419 4797
4271 4152
1305 993
4555 -4008
3139 3368
-4607 -3940
-4018 -693
-4353 -4748
188 4091
-2718 3573
-1467 564
-3094 -2198
-2205 -1627
-4542 -2972
4720 4145
3293 -2745
171 -70
-4416 -3846
3168 3573
3423 4324
2139 1414
-647 -36
4135 548
2062 -278
4047 -4733
4011 -303
4901 -181
-2616 -2984
-2759 -2418
-1637 4263
241 4882
-2935 -3873
-213 -3694
611 75
-1031 -2897
-161 610
4701 -2485
-4108 -295
13 3241
1589 4404
-4620 -3899
3838 -3744
4022 -1017
-2389 -3804
-4519 -373
-950 2891
-1041 -1554
-4892 2075
2978 -3351
-210 -586
659 2266
2564 -356
611 3305
2786 303
1856 -738
-4934 -772
-2544 4444
4477 1163
-4390 -782
-2826 384
-1154 -1912
1552 2941
1650 -3144
-2528 4342
4376 4522
-3856 -4120
-3403 -503
1368 -4453
-3795 3806
3514 -2420
1519 3472
1265 -2017
2382 -2027
2607 2120
2852 -3172
-4312 4430
2447 -3273
2290 -382
-4903 -1665
1484 -680
4992 -2070
-1340 -1839
-3689 -4614
-4300 -1652
-548 -3357
1246 2532
-132 -4226
-3791 523
-3184 -958
-1509 -3381
-1555 921
2730 806
-3487 -34
-4688 -1064
-1276 590
2307 3997
-819 -4583
-1843 3182
-2212 1602
-4130 3048
-2450 3776
-4655 -1772
4679 -4367
4964 -2535
174 2041
3091 4451
3105 3584
272 -62
-4770 -4136
36 -4141
3758 -3388
-4003 1910
4101 4680
-4349 -136
-2761 -3689
-3258 1199
-2992 -4266
350 -816
1042 -868
-4038 -2627
-4647 3250
-2303 2730
-3392 2536
-2390 3017
-1923 1596
1502 4929
4878 2958
-4945 1585
1687 3669
3226 -4621
1378 -1918
3902 4970
-3765 -1666
-2517 3253
4258 -1494
-2207 -3527
1932 3186
-3966 3384
1301 -3694
-1206 -2666
3665 1435
3109 3409
4359 552
-3511 -2507
3098 4186
-2589 3917
2201 2313
2350 3722
630 1920
-1367 -3988
-4756 4184
-1481 836
1898 1464
-1109 3178
-1857 1887
2565 4091
-3921 -2773
1862 -3093
-1270 -2032
2368 3482
-4305 -2007
-4969 -2054
4253 143
-2322 3083
169 3084
2853 -2363
-1576 -663
-2519 1087
-2152 4145
1232 -3782
-4786 4916
4784 -1268
3706 1364
-3885 -2483
-2084 -2777
2882 -1253
2489 -4586
1596 1961
4410 -130
-255 -3485
-509 -1102
-4638 2299
2140 -3097
-395 -408
3704 3591
1824 -1040
-1247 2330
3362 3756
583 2277
-4186 4455
-3101 2071
1892 -3747
4121 -3560
2158 -1240
4153 859
-1129 -612
485 3636
-976 44
1548 -853
2204 158
-2067 822
-4650 -2275
-3323 -2464
-4306 4050
229 2401
-4753 -2806
-141 -1206
4994 3699
3310 4329
4683 -1812
4343 -26
4508 -4442
-2613 -1981
-1646 1175
4019 -313
4293 237
-749 363
-2973 -1296
4608 -1929
-1412 4703
1986 -1337
-1721 1089
-3170 -515
70 -3037
1822 1715
-4077 -1593
2496 474
-3567 -3571
4352 919
-3992 3142
-2963 -1956
-1611 -4385
4839 -2394
-271 468
4401 -4221
700 1331
-147 -4551
-3895 -4470
2847 -2150
347 -3959
-64 -791
-220 -345
2557 3447
-1586 2534
-4440 3612
1779 -77
-1400 -3320
4816 -2387
1062 -1347
3605 -1015
-4835 -532
-2535 2901
3827 96
-2510 4555
-400 -2508
-45 3499
-1601 -3503
-1822 498
-2818 1717
4404 -2395
-2214 -3509
4088 3909
123 537
-1477 2782
-3328 2678
-1800 -4884
-3212 78
-1476 -2950
3742 863
1509 5
-420 2704
1980 -4572
2894 -4048
4433 -3398
2500 -3741
-2778 -4860
-4496 -1703
3982 292
1839 -916
-1623 -4893
-1477 -3219
-2931 4635
-4032 -1647
-2337 -2092
-4394 -2590
2802 -2855
2731 1762
-974 4874
1007 -1267
-875 1978
-4592 -4881
-274 -2517
-1536 -2148
1624 3948
695 847
-1023 692
-210 3330
4899 742
4732 4993
-4761 -3576
432 3775
-692 2803
-4394 2712
-3735 -2194
1681 3389
-1545 2759
3323 4826
-1496 -2608
1782 -1715
-4710 -1181
754 466
4960 4971
678 -168
-2866 -940
1471 3339
3113 3182
-4410 3859
2510 -3990
3005 1663
-3000 1542
-2817 -3032
-4871 3442
-3518 4316
51 2109
-1464 3758
2861 -200
-3900 -1778
-2191 2396
1635 1269
2079 -4846
4450 4522
2085 3731
-1370 -602
188 1123
2140 3580
715 -4283
-2433 -1392
1717 -4338
2694 1338
-548 -58
4838 -1297
-4177 -2873
-3770 2080
-4848 -1364
-937 4967
-4460 4539
-2149 -4861
1820 -3599
3630 442
1654 3473
-725 -4428
3640 -4288
-2361 -4349
-3469 -557
4635 1375
1560 -675
-2561 -462
-4250 3253
3959 2241
2578 -4725
3532 -2062
-2079 -4807
279 -2587
3284 2623
31 -1659
-4501 -2509
-1122 2681
1800 -1387
-3585 2244
1980 -3038
-389 -938
4687 395
3803 -1096
3309 2247
-4173 -1830
-2058 -2987
499 -3262
3859 2556
-4189 1865
3673 -236
3974 1209
-163 -2657
-4726 -3816
-3423 1653
-912 443
-4542 -1192
1834 2095
-3226 -928
4707 2391
-248 1662
4982 -1858
-1837 1355
3508 -179
4341 -2945
-2503 2478
3847 -3569
2137 1920
-4949 70
-3202 4367
2759 3166
1488 3815
2695 2739
-2791 -2343
4078 3615
-682 -2227
902 -3068
-3398 1284
-1456 818
-81 2392
1315 4097
3401 4359
-1740 311
-1923 -1426
-965 1221
2435 -4166
-890 -3977
-2949 3541
3639 4948
592 1322
2359 3713
2786 -3278
3658 -1748
-4224 2117
4565 -2379
-898 3761
4817 -3404
-4873 3910
-2610 -1518
1059 -2522
4936 2984
984 -4720
1410 3586
-3729 -2978
819 3817
-4419 -1514
551 2041
-3663 -951
4983 -38
-2082 -2405
-3795 882
3168 -2805
2586 -32
-1169 1490
2675 237
-2591 -1372
1407 4823
2698 1798
-1971 -1839
-1328 -1022
216 -3822
-3219 -1733
-3049 -1658
-154 -571
3398 2435
1658 -3358
4730 -3676
174 2271
2187 -348
-1239 -3413
3943 2411
4335 3684
-4658 -3384
3438 -336
-2034 1930
-2731 -4942
4630 -3927
4584 -69
-2101 -4004
-3056 -3370
2981 -3538
4252 2200
2018 -1541
-168 -265
-4373 1109
3273 -4525
-658 -2801
-3720 -3547
-2880 4282
1323 1619
1420 414
-4472 -2060
-445 -3984
2445 1808
-1042 1092
2588 -4763
-146 128
-526 -4229
2352 -4702
1726 -1154
-3528 2343
3363 1387
-2229 2477
3745 -4140
-1644 -2073
-4116 4677
2841 -1587
-3167 -4066
1536 749
-3344 2703
-1401 4002
3166 -112
1182 -1788
-1982 4447
-3263 -4460
-3970 -2760
-528 -1095
3688 -2816
3813 4630
4640 1433
2140 2465
-293 -1594
-3514 -1551
-3556 4083
-942 3507
-1382 -4182
4377 3453
-931 1996
-3330 4054
401 464
-305 -1729
-3291 3273
2676 1397
-3908 508
-4826 3869
-1883 1280
-4214 768
2587 -4286
4474 1720
-4036 -2222
-4108 4771
-377 -4842
1622 3097
-213 -1016
2546 3959
2364 3235
-1417 -4834
-2756 886
2056 -4503
-4371 1463
2595 2055
901 2567
-3933 -711
-1814 -3848
-2650 1551
300 -1157
-3019 3532
-1874 4459
4609 584
1498 -3995
-1931 4065
2768 3893
-4605 -4821
-1165 -3050
-1382 4450
-904 2770
2309 3022
-3857 4495
-3031 -3801
3166 1698
-2868 -671
-2870 4155
-3197 1052
-482 -1400
249 -862
-2846 176
4510 -262
4000 2334
1064 1743
1120 1119
-1975 4096
-3947 2439
951 -4600
4741 3782
-70 2025
-1140 -4949
2873 2957
-1143 -3257
239 -2880
-1594 -2487
4265 1621
-935 -2690
-3339 -2551
4867 -3245
2280 2474
-4610 -1809
2719 366
2345 -1065
3003 -2067
-806 2637
-3415 2785
-4595 415
-1279 -2194
-2922 -618
-4052 -1187
3386 2605
-122 -2882
3993 1135
-3187 -833
-3998 -4305
785 1354
291 2953
-3458 -701
-3861 -1164
718 -2695
-76 -756
4010 -4379
-1600 -3197
4467 151
-452 711
2226 1757
4320 -4322
-1016 -4
740 -4967
1261 -761
-2239 2580
-4814 3443
49 -2456
1842 -452
-3565 -2989
-3443 -1537
4126 734
2468 -3071
-1941 3813
-1390 3131
-358 3827
-4612 3887
2107 330
-4161 1482
228 -3743
-703 3776
624 2762
-4742 2066
-4821 1296
-891 -2607
4098 -720
-1882 -2564
-2895 -1329
-4349 3003
857 -68
3904 -4813
-1687 -2605
622 1706
964 -4108
3239 3741
-1904 2670
4696 2537
-1900 3056
-1244 -1483
-4310 3101
-918 4248
-4608 -2423
-4434 -3339
-3897 -2977
3421 3166
3680 3317
-4571 1009
-1439 -759
-4625 -956
3197 3821
1207 -3563
-218 1971
-274 3314
2117 3787
715 4248
-3189 -3745
-2626 -3325
-2013 -2377
1568 2800
-3350 2645
-2935 -4598
481 -4904
1132 4992
2394 2466
-4793 -1684
-3519 -3360
-1836 -4187
-1887 3417
1621 -1183
934 3327
-4735 -4420
-2804 -4187
1588 -1114
-499 -915
3727 -2929
1394 -1740
-2975 4489
1421 -4853
4894 -2824
290 4050
2169 4287
3627 -669
4617 -3740
3394 2060
1597 -3941
-466 -4860
-74 882
-364 -1552
941 -2238
-1485 -1752
-495 -1942
1444 -2070
3154 2646
4529 397
2084 1690
3160 -4055
-4327 330
4871 3267
-654 4390
-4004 -4529
-3669 -1761
2525 -2684
2425 287
4278 4796
-1620 354
-1894 3175
3658 -2956
203 -4961
-2545 2654
-153 -4381
-2386 -2286
-3187 -1313
-4149 -2818
2635 2625
-1928 -4385
1438 2966
1956 -869
-454 4619
2 -2124
4333 4320
-4805 3901
1863 1382
-1824 -4170
-292 2772
-679 3497
-3920 -3296
-3504 2906
-1087 -2503
-563 4205
-1187 3296
4652 3203
-2014 -2655
567 -36
3158 3028
1207 -3621
4288 2652
-1850 -1664
2426 -5
4701 -2946
-533 -2903
3287 -1503
-250 -3530
-3100 -631
-1550 886
-1872 3152
4537 4306
4754 -132
-3272 -893
-797 -1191
-744 -3226
217 4374
624 1457
-905 1290
2496 -1584
-527 -2982
-2199 2229
-726 -4056
-3156 2946
-4289 2081
-2302 1759
-544 4420
2465 1731
2040 1829
4170 3186
1343 2463
-44 -2123
3640 -4015
-4975 778
-2914 -4385
-1626 3496
745 1006
-4323 -1370
-4677 2238
-3036 165
-3417 -143
-3322 1014
155 -4190
1542 -4886
-3153 -4606
-2672 -1816
907 837
-992 -1799
-183 3072
89 3894
3003 -621
-4028 -2799
-1268 1110
3045 3466
2848 -2478
-20 1449
499 -1215
122 3649
2035 3789
4286 -3623
-2633 -3980
1301 -1914
-1255 3836
-312 3980
633 -57
-2452 4674
-3324 -1613
-645 -3232
-1972 -3447
-2315 3605
4383 3809
-4825 -4791
-1174 -1821
-3062 -2634
345 -2747
-3440 1242
3332 -107
-625 -3499
1626 745
-4797 2871
-4173 530
-1026 -2571
-3508 1186
1751 -2620
2549 -3499
-3468 1080
3816 -4371
2901 3227
-1131 -974
2165 3671
4645 3776
-155 3147
2199 -2000
-4400 3385
3745 2116
1586 3485
-212 -1890
-1006 -736
1524 -3423
-908 -2670
2957 -4598
-476 1075
-858 3150
-1269 1457
1932 4932
1448 1484
2176 -1615
-3981 -342
-2178 2698
-117 4273
708 4151
3107 -2562
871 -2518
1004 4934
-3848 3619
-3978 -4314
-3404 793
-4065 2404
-2301 -2170
98 3307
3875 -4429
-2009 3236
3728 4803
4629 1383
1637 -3208
-4425 2000
-3974 -4412
160 3877
3203 -323
-4614 4199
-2832 4147
4434 2457
-81 3634
3212 486
3919 532
-4539 -4563
-1834 2627
2021 3475
2009 -773
2674 3399
-3648 -4903
-442 939
112 -2917
-327 -3457
984 -852
206 1674
3410 -2224
4495 1261
3425 1122
-1679 2826
-426 2177
-4060 -3960
1438 -1750
2756 -29
2515 -3431
-3132 -842
2114 -1478
4832 3722
1776 3096
-1998 3289
-4701 3474
4446 -818
-2123 -589
-1832 4489
-910 2015
1572 -3005
-3491 -3133
-520 -4355
1552 -4007
2866 -2683
-3100 -771
-1575 -3095
-4793 633
-4390 474
2216 -3718
-3663 -1861
3419 -4448
3704 610
2342 -739
-4765 971
292 4459
2968 1100
1896 -2479
-2508 403
-1851 4269
-4567 3031
-1159 -1648
330 -1405
-783 -3266
4892 537
1515 4363
-1398 -4182
616 -1706
-1587 -735
4480 -4655
1827 -3857
4252 -3695
1037 -3223
-4020 4014
4007 -2123
-4296 2294
3413 -3830
2409 -2417
-2879 1310
-1272 -4571
4567 -3296
-2366 -474
1847 -1204
4464 1827
4546 -2280
-2518 -1498
1453 4709
-3040 -2070
4172 4653
2308 3814
-2671 -4668
-912 -1467
1608 -1584
2945 -667
-2848 1177
-4507 2701
-2006 1937
-2098 296
-836 -3166
1644 3193
-3156 174
2172 -97
-1484 -4181
605 -2432
4468 2342
495 -4893
4177 526
1621 1645
1118 -2304
418 3534
-2619 -224
-2876 -1512
-4912 -1387
3019 -4068
-4930 -985
-2745 -1462
4509 -2695
1634 1056
4340 718
3514 -878
4062 4907
1449 2438
-3653 -4989
-4366 3941
-3690 4274
-4697 -1096
636 3063
-1732 -4258
-86 232
3544 3302
3417 -1704
-3383 -2185
-562 3617
-1676 -3673
-4293 2925
2575 2493
3966 -2149
-4874 4848
-149 -94
-4484 -2682
4276 -636
-3059 -3301
-4600 2786
4290 2015
769 -4336
-1109 -3723
-2204 -1459
-418 1979
-3085 -2694
3691 -2070
-4137 895
-1823 -3598
-4587 2583
769 -3495
-3425 4203
3278 1714
-3194 -3775
4417 -3022
-1924 397
-2543 3525
2776 -4137
-1181 -2397
4426 4064
-2662 2690
-1158 2596
298 3458
-1937 3183
1632 3704
3683 4414
-343 -163
-1573 -4446
-3388 -3944
4837 3768
-71 -2634
-2233 3470
-4386 1728
2966 3103
-2567 3300
-2435 1674
1711 4502
-561 4612
-3560 -4118
1581 -3888
-4882 -775
4454 3017
341 1171
3987 3554
-563 1700
-4570 2663
4648 4303
3555 4620
3372 2391
-2131 2709
-326 -459
-2596 -4789
-3014 -435
3465 -3279
3260 -3942
249 3937
4098 68
2632 -4579
-3598 -1130
-2341 -4451
4966 -1611
1217 3936
-2902 -3180
4271 2912
-4211 -2833
3599 -2720
313 2030
468 2586
4192 4819
-3072 382
4376 -2256
3467 1517
2266 -1551
3690 1475
-3322 3957
1317 4906
1260 2688
2381 78
4016 2779
774 -2214
4544 -2340
-1550 3413
-4550 -2101
2523 -4669
-2069 1696
293 -2483
-2007 -4895
-256 -525
-1035 -2990
-2492 1840
-1979 3263
-1535 1824
-718 -1056
1107 -1354
3728 -2349
722 -4538
-3369 2006
-2030 948
-3501 80
3967 627
-4332 -1684
4207 -4656
1522 2727
2707 1861
-874 -3354
4705 -1540
535 -4948
870 -3388
3453 2721
-1450 -1637
2016 -4238
-4146 -2131
-4472 3941
2562 4680
-3310 4205
-2263 -4140
-453 4178
-2301 3746
-1294 -1876
-352 -3668
-4300 -3175
-4511 -2460
-4673 -2840
-2263 -4519
4714 -3242
4291 -2270
484 4062
1755 4049
4886 4373
-2431 -1404
60 -2023
-297 -4356
691 -2631
-1100 -4883
-769 -3256
2523 -3201
4584 -1587
979 -4972
4736 -2371
-2665 -1158
-3922 -593
-1684 -3876
-2568 -1617
146 4082
4712 -4545
-4147 2597
2949 3057
1576 1379
-3980 4246
-1747 -3285
849 -514
1502 -1390
2062 -1006
-2942 4592
-4901 -2158
1160 2092
687 -4412
-4543 -2600
1221 2190
3647 -4502
46 -2845
2893 1738
-2009 -541
-3693 3285
-2460 1651
4229 -4481
4001 2706
978 -3795
4728 690
698 -1900
1973 -1843
590 -1093
2372 232
2372 -4001
-3853 -2142
3057 2188
2145 -3667
4371 -2055
610 2420
-4020 4939
4164 1594
1538 -4417
-1070 728
-1899 3287
1920 491
-1190 -1405
-2101 -3956
-3976 -2972
-1293 4229
-2997 -4452
802 411
-2869 -4166
2162 -1690
-3743 4246
-1982 1798
2219 322
-3981 -1544
1842 -2115
-4702 852
3795 -4511
653 3068
-429 -4224
2626 -3284
-1466 -3440
-3437 2876
534 -33
-1043 3801
4849 -192
-2668 940
-2602 1507
697 3949
-909 3359
1238 -1315
-3033 2683
4314 864
-3703 -4467
3052 -3898
-3732 3976
-4122 -3733
4023 756
170 -3177
1860 -2933
2912 -344
201 -4398
-349 1186
4603 -2349
-3590 -3886
-1504 -43
-4715 2993
4614 4372
3349 -950
-2835 903
-3719 -1898
3636 2643
2575 -2694
-125 -684
1672 -4479
4549 4659
-616 -1459
-543 1735
-2943 4186
242 -610
-3318 3300
-1920 2548
2746 1059
-3418 -1169
3054 -3303
-180 4011
4971 -1271
-3306 -686
594 -2910
4091 4166
4182 3168
-3699 -842
-2137 3720
936 -4823
-2887 4829
2318 -3544
-4200 -2324
1624 -2866
1650 -1282
-534 3278
-3023 3110
558 4860
-3837 1620
2080 -4906
1007 -1838
-3039 -2238
-2660 -2837
912 -3322
1486 -2578
-2701 -4746
3189 1830
-2932 -1674
2303 439
1954 2817
263 -2340
-2119 -1368
3687 3125
2088 -3790
-3273 -290
1898 2638
824 1480
-4805 3870
-4634 -960
2744 -3355
411 -416
303 74
3144 4297
4041 3451
2985 -3777
-3666 3854
-3597 -2370
170 4351
1392 -2892
-454 1242
3302 3048
47 -3368
-1761 2063
-1416 866
-2376 -2071
3677 -2102
-2324 -871
-1905 -4559
504 805
3696 991
-622 -41
4369 4186
-760 1127
-3378 -4198
-4943 3468
-977 3734
4726 -871
1060 -3240
371 -2888
-848 -2476
1672 -3506
2581 -2711
-2426 -2287
4972 -3734
-1851 969
-2520 -4969
-3249 -3723
-1590 4488
3608 595
174 4101
-3979 3678
-1402 714
-3035 -4293
1448 3191
3516 -3347
2795 1299
-1175 -614
-2728 790
-3478 -4006
3670 487
4488 -480
421 1319
-4393 1384
-3556 1703
-3186 -1872
-362 -1523
4121 -230
1853 -2365
543 -3874
3531 4562
-4116 -3330
3447 -865
2199 4185
-1022 -2903
-3568 2381
131 -4510
2148 2864
-3780 -3504
-4325 -2547
-2496 1088
-2066 -2343
-4597 1116
2308 4348
3909 -3964
483 -2865
1780 -1553
2841 4739
-283 736
-2712 4854
-696 3728
573 4308
778 -2990
-847 -1824
4825 -188
2398 -502
-433 752
-369 -343
-2349 4523
3767 3107
-59 3711
-1270 -786
1653 4335
4662 -1832
4044 4376
4998 -2319
-309 -4364
1950 1980
2296 562
2598 4947
2538 -2628
-4057 4770
-50 -1300
2452 -1660
-2926 1370
1535 -165
-3793 -2624
-919 -604
933 -879
-3229 4620
4352 -4823
-2776 -276
3381 -3698
4165 4639
3902 -4645
4847 -918
4587 -1151
2673 4637
-1783 2367
1646 1352
-1920 -3147
623 3917
3576 -2172
4626 -3412
3569 -4929
2478 -4738
-1806 -4098
4888 -234
-120 1345
4789 -672
2124 696
2198 -552
220 -3277
-836 -1032
1573 672
-3540 1974
4512 3539
2630 361
3556 -2379
-2324 -605
-3992 305
-1761 386
-596 252
-1485 1757
1919 4628
1232 2138
-1924 4922
-3924 -3037
295 -1996
-1321 3018
2771 -1454
1948 3813
-2141 -1267
2869 2294
-3189 1224
2184 -3561
-3963 1782
1381 -2442
-2750 -1346
1271 762
4920 -3146
-887 1984
-2772 -3194
-3294 -3836
-2634 -1538
176 -3184
506 3977
3284 -1996
-2036 4313
-19 -4024
4188 -2306
-1303 -813
4119 767
363 2239
-1919 -3455
4533 1411
-1043 -3329
3123 -3147
1689 -526
-697 -725
-1734 -643
-200 -2957
2319 -2442
2561 2903
-3756 -897
-1946 -1689
251 -4168
1767 -2733
-2762 819
-2487 930
-520 -4824
-4059 -1158
3215 4280
405 2565
4981 -3177
2746 2784
-797 -3336
4867 1425
-3 4516
-1898 -3706
1400 3707
1245 -3145
-703 1859
-102 -3705
-4777 -1735
4264 -3198
-3087 4892
-50 2147
2964 -2460
-3588 4042
-690 2438
768 -3484
3343 2804
374 -4387
-2528 -735
-3736 70
-2369 -2118
900 2327
3883 -419
-2032 -1808
-403 -4822
-1081 -2171
2879 930
894 329
-990 560
3282 -945
-4656 1008
-4370 -4802
903 876
-2019 2566
1224 2435
-4253 -2550
-4658 374
-4831 3621
-4141 3044
2165 4013
4911 4857
-3130 -2571
-1435 1707
-1455 739
-338 4818
707 4490
4486 2238
4303 2539
1729 1376
-2492 4441
3179 425
4398 2656
4363 1285
1125 -4691
-119 1716
-2579 -733
2585 -191
3363 -2406
-2015 -391
-3846 29
-4802 2750
-696 -4887
3659 -2732
-2840 -2199
393 1435
930 -3024
-3889 -2565
-1476 3128
-337 -3081
-608 -2345
-553 -1857
-2664 1731
-2759 2218
-1267 4525
4644 4284
1024 -2405
4825 3864
-3526 4816
2568 -2411
-860 4864
3779 -3457
-1123 -3631
1538 11
4687 4209
-449 -2864
1249 -872
-4583 -1887
-3383 1789
-4457 -3062
-3857 -3230
681 -1561
-2436 1526
-3856 3340
4783 392
3482 -3541
3446 3813
1166 4776
-386 -1328
133 4086
4022 -3651
-3595 -4791
-1733 1405
-2960 3330
-3995 -4761
-2465 -3047
1840 -4147
-1478 -3882
2834 -2943
-2893 3130
2831 -2215
3510 2818
-2280 4994
-3175 3530
550 1669
4610 4519
-960 4795
-126 173
4407 -3111
-4521 -3422
-289 -1380
481 1371
-2107 -585
-4976 3504
4617 -2495
486 -4431
-1390 851
-622 -2291
2721 -4403
-4904 -1255
2223 -734
-4862 -2859
2929 1802
2592 1685
663 -1293
-163 -618
-4658 -2962
-4799 -4100
-2567 -3156
-1865 2208
1965 -2274
837 -529
-4618 2623
4695 3180
3514 -1278
-2016 -3367
4799 -1631
-2771 3285
1370 1314
-1599 -2628
2162 3231
-4320 2176
-3662 4483
4905 -4183
2403 -2585
-3961 -4945
-1737 56
3956 -1264
46 -935
-258 3721
3147 4955
-4755 -2089
-2938 -1725
2148 -3157
-3161 -3826
3044 2682
-2207 -4914
-3933 -3023
-3100 -3341
-3459 1454
3806 917
-1193 4379
-3225 2765
-1151 3455
4010 -4668
3736 161
-1167 -3556
-3029 4525
-2091 2553
-188 3792
-4591 -2190
-2599 3248
2320 4649
