4 -49
-43 -41
-38 40
37 31
14 -33
0 -22
20 36
-21 30
0 -22
48 14
-40 -47
38 -30
45 6
-12 28
-24 -19
16 49
-36 -20
-26 -35
-24 30
9 23
3 -47
-19 39
-25 -49
-38 -42
21 33
-7 39
48 5
8 13
40 -11
-30 23
32 16
-13 8
49 -19
-1 -42
-7 12
8 21
18 -23
24 -4
-6 -30
25 -45
-45 42
11 0
-40 26
32 -30
-1 -15
-26 -39
-13 2
-23 -43
41 27
-5 -41
-45 -41
-16 16
40 31
12 -14
-40 -23
12 44
13 -20
39 4
49 -47
-3 -44
-20 3
34 28
41 15
41 0
-30 18
-22 36
-46 37
-23 39
3 -15
-19 -33
-19 -21
-12 -3
36 22
-46 48
-14 -12
-24 -5
0 49
3 -31
8 -34
20 47
-4 6
30 -26
-9 36
44 -28
21 -8
-33 -32
-18 6
-2 21
40 40
-48 48
-30 -6
22 -17
9 -4
47 -12
-47 -32
-38 -36
35 -38
38 -41
-48 18
11 -26
34 44
-23 -40
14 -46
-49 -18
0 23
46 -4
-23 0
-21 -14
4 -11
-18 -4
-27 31
-39 43
-2 -47
48 3
17 -11
47 47
-21 30
-26 -44
-4 30
23 32
48 26
-10 34
23 39
16 -39
-40 -20
24 -34
-6 -14
36 18
46 -38
-44 -11
-6 2
-33 16
-16 25
-1 33
-31 44
0 -13
4 39
20 -28
-31 20
-1 2
-10 -24
-25 18
-2 19
22 -19
-4 16
11 27
-35 -12
-45 38
-6 11
11 -12
-10 9
21 4
29 -8
39 1
19 5
-27 11
31 18
17 37
-29 -45
-10 35
21 49
-36 -37
-21 -3
21 33
14 18
-43 0
42 -25
-29 4
0 -34
7 -33
-11 26
-21 -6
-47 -10
-45 3
-23 33
-12 -20
4 -15
13 -20
48 -22
-24 44
-13 -13
-47 37
-26 -16
-16 11
16 -47
-37 32
-48 27
-7 -23
-11 37
-45 -44
-39 44
18 0
-6 43
5 -49
-12 -17
25 22
-22 -40
16 -16
-44 -44
-22 10
24 18
-22 -1
44 20
-10 -41
-2 32
38 -21
-30 -35
31 6
-5 -13
29 7
-38 -15
6 32
8 2
-2 -20
-26 -7
10 44
-27 3
26 21
-14 -20
27 -19
47 42
-21 14
4 27
38 -21
-7 -33
-32 24
-25 33
33 -13
-2 39
48 0
37 7
-36 24
-13 46
-15 -22
12 -49
-29 16
25 41
30 -2
-6 18
-35 43
-15 18
46 45
-31 31
-27 3
31 24
17 -44
18 -12
48 -27
-24 29
-47 36
-43 -10
15 1
-31 32
-11 16
-6 -6
16 -17
46 -34
26 20
-41 29
49 -7
-34 26
-36 10
14 -31
37 -16
-40 -48
1 -29
32 25
-31 -30
27 5
-38 2
12 22
-24 -48
27 -44
10 -24
-11 -42
-32 -40
40 48
-2 38
33 49
27 13
18 24
-47 -16
-43 -48
23 31
46 15
-19 38
-38 -37
19 38
-39 21
-17 7
10 -27
-33 42
30 -27
-46 -8
7 15
14 -1
-24 -1
-33 -32
-6 31
-18 -32
-26 -16
28 -3
29 46
-31 36
7 -33
-36 -3
-7 33
-5 -31
18 17
-25 1
29 3
6 -7
-6 5
-26 -21
21 44
-11 47
-1 26
-9 -2
-21 6
-49 48
18 -29
3 -46
48 2
8 37
-12 37
34 1
15 -22
-44 28
9 35
17 48
29 43
-4 -22
5 14
38 0
-24 15
3 13
27 30
-12 -15
-6 -27
5 29
44 35
-22 -21
-7 36
12 14
-16 29
32 7
29 46
-44 -28
-39 42
31 11
35 -41
-9 -40
-35 15
-30 -12
24 13
-32 40
-30 1
-13 44
10 49
11 41
-23 5
38 47
5 47
28 46
21 38
45 24
1 25
42 -23
-1 -45
40 -35
30 -49
44 37
-18 -15
-28 34
-21 9
-21 26
-44 6
-36 -6
-17 -47
24 41
-28 -6
32 -25
39 32
37 25
0 43
6 -31
17 -33
49 45
39 -21
-7 35
26 13
-38 -21
17 -32
-4 18
13 49
-31 -33
-23 10
-5 32
-31 -36
-16 -40
32 -16
3 -30
-31 21
-12 -48
-37 41
-5 29
-2 -25
-10 -16
46 19
-47 -36
4 -12
-15 -28
-30 -13
-12 12
3 38
49 -21
-30 39
31 49
22 9
8 42
-21 34
-19 -30
-47 47
-46 24
-10 6
-17 1
-44 -4
14 42
-37 15
-42 8
37 14
4 5
32 23
14 14
-18 30
-19 -41
-10 -9
0 -18
11 -9
17 15
-40 35
-17 12
29 20
-45 21
-21 14
-12 -44
36 -2
-14 -12
-43 6
-10 43
42 -8
-7 -19
-22 3
-35 -16
17 45
45 -29
-38 -49
-44 -11
42 -13
19 -43
8 -17
-19 18
-36 -12
1 27
-18 -48
13 -47
48 31
-17 37
17 43
-5 37
19 42
-35 -9
49 24
-28 -31
-10 -13
30 -36
0 -26
-36 0
32 -46
43 29
-31 -25
0 -11
-22 -26
-15 38
28 0
-16 22
-12 32
45 -20
0 -10
-21 -11
-20 -7
30 33
-38 3
18 -19
-20 22
35 -19
37 31
-19 48
40 0
7 30
46 48
-13 33
-49 48
6 -17
18 -25
14 -37
9 -4
19 43
3 -20
31 -23
-35 -1
1 -48
33 23
-9 17
17 -47
36 -15
15 38
43 6
-46 -20
-48 -48
-36 -13
-37 -8
-43 -31
24 7
-12 49
-21 28
-6 9
-36 23
17 34
-20 40
11 -43
-39 0
14 13
16 -34
-46 -15
25 35
1 4
21 -10
-5 -47
-18 48
19 -16
25 13
-27 -23
-39 39
-17 -7
44 14
30 -28
18 44
2 47
-40 -2
21 18
-4 -7
-12 -1
4 38
41 -28
-44 -12
-46 -19
-39 -21
-22 6
-10 -16
-6 -49
-5 4
-8 -30
-17 4
-13 16
5 -48
-11 -6
-39 30
-38 -17
-38 -26
23 -30
-26 -27
28 -11
45 3
-43 9
-17 -19
-49 0
34 -10
-45 34
-46 -28
25 -16
-8 -38
2 -41
-18 -25
-18 -15
30 -17
-28 -25
-7 20
23 -33
-2 -9
-45 49
-4 25
-17 2
-24 25
-23 -15
-10 -46
45 21
-9 -3
17 5
40 -48
-24 42
3 38
37 -14
-14 -14
47 -39
-7 -30
-36 6
32 31
-41 -44
-30 41
-10 25
-40 4
-13 49
-10 34
5 3
23 8
16 29
34 -44
39 -15
-41 -40
45 3
-4 40
-4 -26
-10 13
33 -32
-26 -43
14 28
13 -17
-19 -1
-30 -39
-5 -49
28 49
29 -2
-46 -31
29 -22
-15 -8
29 49
13 30
-18 -20
21 -17
7 -21
30 21
-14 23
-9 36
38 7
32 -7
28 -37
-6 1
16 -46
20 37
-12 -45
-27 30
44 24
-24 -17
2 26
41 -19
21 -12
-15 -11
5 33
41 12
-18 33
37 25
-44 -25
-39 6
7 -45
-4 -21
38 -19
-46 1
46 3
38 -33
29 -35
39 24
-30 14
14 0
32 15
-21 -15
-20 -1
-30 11
43 -26
-46 30
45 31
40 17
-1 3
-6 -5
13 17
13 14
6 -16
26 -9
39 -13
-8 13
-18 46
-42 18
28 48
31 -44
10 -44
-11 7
-18 34
37 -26
38 -1
32 -5
-18 -18
23 -16
45 31
4 10
-21 46
-28 34
-43 15
-27 48
42 -47
-40 38
-5 9
3 1
5 6
40 -39
-16 26
-47 16
1 44
-19 41
-45 -37
-35 5
-16 -12
0 -8
5 -48
-14 -6
-19 12
-32 -31
34 20
18 -1
0 -18
45 19
26 24
-39 -15
22 -27
-9 -19
-18 0
0 29
17 13
-48 29
2 -23
-23 -18
-13 9
12 -47
-15 2
16 18
19 5
-7 -26
-24 16
3 26
5 -49
-16 47
-1 41
-39 -46
48 25
-15 18
-44 -22
23 15
-32 -36
-14 -3
-46 -42
-48 -42
-13 -14
-12 7
17 -45
11 -10
-48 10
-32 14
-9 -37
14 -37
15 27
36 8
33 9
-2 -47
-14 31
30 30
-34 -45
-17 49
27 -42
45 -26
17 -23
-43 -8
-36 -14
7 -43
-10 -25
47 -11
17 -34
25 -13
22 19
-7 13
-18 17
-14 -44
43 35
27 -42
20 -8
-26 19
32 0
43 -10
32 -12
29 -33
17 -12
-17 -43
31 -14
-10 -23
11 -2
-22 15
20 18
48 18
29 -47
48 -10
-26 6
-42 48
-43 33
21 -24
41 14
-47 -4
-33 4
23 -37
49 17
48 -46
-5 -47
-29 30
-33 -11
-30 9
13 17
-39 34
32 21
-4 -6
-10 10
28 0
4 -27
40 7
-6 45
26 -18
48 -11
-11 -13
-1 12
40 -29
-28 28
-28 -10
0 -11
-40 29
0 27
40 25
29 -41
48 9
24 37
-20 -30
48 -17
-6 -12
-24 -48
-28 7
48 47
35 -7
7 3
-15 35
-1 -25
-15 49
-3 -16
-28 -13
-5 -17
2 31
-26 25
-10 -37
21 20
-4 6
-35 -46
-27 3
39 26
30 34
4 -14
20 16
25 -30
-3 18
34 41
-1 37
-40 -21
-33 -45
9 3
46 16
20 -19
13 -1
-17 12
38 33
46 -13
6 -29
26 15
-40 -9
-46 6
-10 -43
18 -8
-19 46
31 -23
1 -39
0 13
39 -24
-29 26
9 -44
-16 33
-23 -28
-45 35
-48 0
-34 0
-29 30
-37 40
20 33
-19 34
-26 -13
39 -4
27 -34
-5 26
-49 -19
32 6
24 27
9 38
-37 -23
16 -21
-15 -49
-34 23
49 -26
37 -46
-33 -31
26 -18
6 -27
-46 37
2 -8
-6 24
-40 -19
-36 22
-5 -21
1 30
-21 -20
32 -33
10 11
-31 -12
-9 -6
-27 -9
10 39
14 -29
-21 11
29 -1
44 -38
-30 0
-30 -26
-18 24
-1 -38
37 -25
-31 9
-46 -26
-7 -5
-15 -16
-25 -1
11 12
45 22
-38 22
-20 -15
-24 4
-35 22
-3 -14
-31 -39
-28 28
27 17
3 10
33 27
18 -2
-44 16
-11 -23
-14 -41
10 -22
6 -40
-33 5
43 -48
45 -19
33 -11
7 12
1 41
6 -35
-21 8
-22 -12
31 0
2 -16
13 8
45 26
-42 -48
23 -48
34 44
-31 37
15 -17
-40 29
-30 13
-17 -20
-21 16
0 40
-23 -33
49 20
19 -11
5 -25
18 46
-49 27
36 38
15 37
49 40
19 6
-45 12
46 -45
-47 -14
-45 -34
5 31
-20 42
17 -30
-38 -17
15 -30
-47 -9
37 10
8 -24
-27 -37
0 30
-35 16
-10 17
-45 20
10 -8
-37 49
43 -45
32 33
-15 48
39 44
-30 5
-23 -22
26 22
-45 -30
21 -46
39 -28
2 2
17 14
-6 -34
-5 35
28 -28
43 -49
18 -12
41 -41
-6 -25
18 -3
36 21
18 -30
25 -33
-4 -9
18 -42
-24 -32
41 9
27 39
47 33
7 -33
-35 12
-7 6
-21 46
44 44
-25 46
-14 -42
47 19
45 19
41 -33
-18 -34
-1 28
-49 -16
-49 18
-23 -29
42 14
-16 -42
15 29
-27 4
-35 49
14 -34
-42 -9
-23 -36
49 32
11 36
-31 -8
3 -19
0 23
-45 -22
5 -29
17 2
46 -41
-9 -31
-21 -24
-46 18
-11 -9
41 -4
33 -44
-2 -38
18 45
9 8
32 41
24 -13
2 5
20 -41
-4 -42
9 12
38 43
20 -20
47 -2
-28 -40
0 -18
10 -6
-18 -45
21 29
45 31
-22 -34
45 -36
3 18
43 -41
-37 38
3 30
-29 46
-46 -22
-33 22
25 35
23 41
-35 38
5 15
17 35
8 33
-43 9
37 -22
-9 11
-48 22
-33 33
41 1
20 32
-35 33
-33 14
19 34
-25 24
-23 -17
-27 -15
39 48
-29 -25
-47 3
-49 33
-46 -30
23 16
1 15
-3 4
-37 4
-13 -44
5 28
-6 6
-9 37
-21 39
8 20
-22 -24
9 -23
-21 -1
47 34
-35 -2
20 -36
7 -12
17 -30
28 -27
-15 2
46 18
-7 -25
15 -25
-40 47
42 -43
-28 -36
-49 -45
-25 -37
16 22
-13 14
-32 -27
-29 49
-32 38
11 19
-42 -30
-32 -3
41 -20
-33 -8
38 5
46 0
7 39
-20 -45
-30 31
-37 -36
44 28
-23 -25
-32 -32
14 -25
-30 37
3 -5
19 8
37 6
21 -37
-9 -7
-34 -23
13 6
-8 -44
24 -24
22 -13
-3 -37
-15 48
-9 -29
-36 12
-4 -39
29 -16
-7 -19
-35 45
-21 -28
-22 18
-38 24
1 -1
-13 37
-36 10
13 -38
46 0
-49 36
16 -4
32 -21
0 -30
-19 -49
42 5
-39 0
-45 -30
-48 -24
11 2
37 28
-18 -8
0 24
35 12
32 48
-15 2
29 35
7 -3
30 28
-34 -33
-30 -27
38 -10
-6 19
-15 24
30 -9
16 -15
2 33
21 -17
-25 -8
-22 -38
37 45
-32 -44
-26 0
-42 -29
-34 -47
0 -42
27 34
-34 26
42 -12
27 41
-22 -44
-6 -19
40 -31
1 25
13 8
-36 -38
-37 27
28 -43
-14 -8
-23 18
5 -37
42 9
-49 41
-7 -8
-10 -10
6 14
27 -23
-14 5
49 3
-40 49
26 -25
41 -42
-35 -40
33 -35
-12 -36
-18 42
-15 -49
-5 9
48 35
41 42
-43 30
-5 -16
8 43
43 -39
-29 12
29 33
-25 21
24 0
-14 41
38 -44
0 35
26 -7
-8 20
6 -1
-44 -30
46 42
25 46
31 -44
-14 -12
8 35
47 -35
-14 0
49 42
9 30
38 -23
-20 3
46 14
46 32
-5 36
-3 36
-34 -6
29 16
-4 32
-28 42
20 48
28 43
6 38
25 37
-35 49
19 -2
25 -30
-24 -22
-19 25
34 37
-18 0
-7 -18
-5 -24
9 21
-44 8
-40 31
-26 -21
-7 -24
-32 -40
-29 -45
-15 -45
-22 -4
-27 47
-32 -24
43 -23
43 10
35 -46
-8 4
-33 46
31 -48
-15 -3
20 -29
10 -36
-4 -17
-26 -30
-5 41
-32 -30
-7 20
-4 5
-27 -21
39 43
4 28
25 7
-42 20
20 -40
25 -43
-17 29
-13 -9
-46 -29
23 -15
49 8
-23 -23
44 43
-17 -32
-10 -25
-27 25
46 -20
-13 10
27 -11
29 48
49 -5
-15 1
16 -12
40 41
40 25
-33 -1
-14 37
-20 44
11 11
17 38
38 22
20 18
38 -42
-39 11
-28 24
-32 0
-38 -33
-27 34
1 -44
-10 -40
21 9
-46 -1
42 -27
49 -16
-43 -20
-11 -21
-38 -28
-24 -47
45 23
6 44
8 36
15 -14
-38 -29
-46 -7
-1 3
-38 -39
-24 -15
20 -4
-14 -49
49 -40
6 26
-2 45
-31 43
-36 -31
28 -8
35 20
6 -24
-10 49
-33 -48
48 21
39 -1
22 -44
49 39
-7 44
41 21
7 -38
2 35
-19 -10
-45 31
-43 31
-11 45
38 21
-26 -32
-1 31
37 -4
18 32
-14 35
30 -10
26 -31
-4 -22
-16 -42
-5 27
-7 49
46 -25
11 -2
-12 32
-8 -14
-35 -7
-2 -5
-21 -48
44 48
-35 -26
-6 -2
0 8
20 -35
-1 -42
34 0
30 -14
-40 -48
-49 9
-33 -8
-19 21
24 -17
14 -37
20 -7
-35 19
45 -43
-32 31
26 36
6 -46
-10 47
-30 -36
2 15
9 33
-30 -30
-17 13
46 -3
11 -41
-21 -33
-27 -15
30 -15
-25 -33
4 35
33 -42
-25 -14
-3 -28
-21 12
-31 -6
37 -8
-46 30
40 4
-7 6
-33 0
-8 -10
44 40
-48 11
-15 26
27 11
21 -37
-13 15
5 -13
46 -38
-14 1
-44 1
12 -49
-8 21
46 -9
23 18
44 -7
-23 -43
-48 11
-30 -14
-48 -9
-14 39
-2 -4
-37 -38
44 -44
27 38
-41 5
30 48
36 -13
-42 -11
34 -30
-9 29
38 -18
1 18
17 -42
46 -41
-16 -41
16 16
15 15
-49 40
-24 -42
1 21
4 -14
-7 -13
-22 30
25 13
-21 0
-31 32
10 46
37 13
26 12
33 37
10 -40
-14 20
-44 -10
41 15
-37 23
47 -42
36 22
29 -30
30 42
-42 -14
47 -11
12 20
17 0
-19 28
37 -26
-39 49
-42 13
-29 4
27 -27
12 12
7 -21
2 -46
39 -7
32 -23
-8 23
-20 17
8 36
-2 0
23 -6
-45 10
9 42
9 43
-5 12
1 -19
34 15
34 2
20 0
37 -49
-36 -35
25 -23
-29 -43
-7 -4
44 31
-5 27
37 29
-49 -10
-39 -12
17 3
5 19
25 25
-46 15
-2 -2
24 2
-47 8
36 23
36 5
20 -30
-8 -48
6 46
-43 -21
-20 10
-17 34
41 23
-4 -6
-21 0
0 23
-48 -22
-26 -22
-16 47
-2 26
10 21
-22 -26
0 26
22 -42
-14 -30
39 27
-35 13
-27 35
45 32
-13 29
32 -27
7 19
18 12
-10 41
47 -27
18 -17
27 49
-38 -1
45 41
-39 -46
10 -38
48 -35
25 -21
-38 0
35 -10
32 -29
-42 -19
-10 7
28 -48
42 -18
34 -47
33 -3
7 37
37 -36
-7 17
10 -9
-27 33
2 33
41 36
39 -13
-3 35
-21 39
-14 2
22 37
25 -12
23 -15
29 -15
22 29
-28 -21
-48 -6
-2 13
38 2
-29 -45
27 -3
9 49
7 -43
18 -47
-2 -30
-10 -26
-2 -46
32 47
-24 -42
12 -9
-47 -8
-19 -23
38 -32
1 29
19 7
-13 -17
-19 17
27 -15
-36 -44
0 -14
35 -31
-3 40
45 -47
-10 -17
-24 -22
5 -42
26 -14
1 21
28 48
6 26
20 26
-16 12
-14 -19
12 11
5 13
-24 -31
-6 16
38 35
-30 -31
14 -17
40 -34
-46 -11
-49 -25
0 -12
-11 38
-10 -39
0 33
27 -31
7 21
37 16
-27 -26
-29 -3
19 -14
19 -18
14 -18
-16 23
-43 -6
22 -6
32 -27
-41 -42
-17 -35
31 -47
37 24
37 -2
43 -1
-4 -42
-3 47
-16 4
39 -19
12 17
-43 -45
-49 35
35 0
29 -7
3 -40
15 -28
-39 -22
-23 -27
-16 19
-42 5
42 -25
-13 24
-5 -5
-13 -21
3 11
-23 -48
17 -6
-26 -9
-1 48
-10 49
-36 23
35 0
-34 -4
12 -39
41 -18
-46 11
46 31
35 45
-30 24
-42 0
-38 -12
5 36
7 28
-16 23
-23 1
-6 32
-42 26
-3 46
-20 47
-20 -41
-32 -38
39 29
-39 8
26 0
-48 22
32 -3
-36 33
-4 -26
-13 29
-35 -24
46 17
10 -4
-37 -5
14 -37
-23 -32
2 -17
0 -20
21 -31
46 -33
-29 -29
-47 9
-11 37
-16 40
39 38
-41 35
-35 -39
-14 -21
13 -11
20 35
-23 9
17 -8
48 6
12 10
-22 -31
42 -25
-10 5
-48 16
42 39
-30 24
48 33
-14 18
36 -43
-48 43
30 -11
-23 -21
12 21
-43 -5
10 -20
-10 18
46 -48
1 21
34 24
3 -10
-14 6
17 32
-1 -35
25 -34
-9 25
-11 17
20 -41
-45 43
-10 10
-17 46
13 -34
29 -7
-41 5
-33 -43
23 30
-25 15
35 -12
-26 -47
-2 43
1 -9
-11 -44
-41 -40
-25 32
-48 25
20 -14
-22 -8
45 7
-22 29
-17 -14
-41 -49
4 -36
0 -19
15 -33
-46 -36
-20 14
-9 -30
47 28
-2 1
43 20
-38 19
14 8
7 -41
20 14
-28 22
-4 47
0 -12
42 -34
-31 45
-39 -26
0 1
29 9
37 -3
-21 11
-2 2
-13 44
20 -45
38 -39
33 -9
-47 -19
22 -10
-17 0
-49 -28
36 -22
30 49
44 17
-47 -44
23 18
-3 -26
48 -25
8 23
-47 -3
-21 -38
12 44
44 1
-26 21
21 19
-38 -14
-14 -32
-43 -37
34 41
35 -48
44 -15
2 -1
-1 18
-37 37
-24 26
-26 22
-4 -31
24 11
28 -40
-44 39
-40 41
29 -9
-18 -30
7 49
-15 29
-23 -40
34 -34
-37 -5
37 -3
-22 31
-11 3
-1 26
-35 10
-27 3
-47 -9
-23 13
-12 24
35 -32
38 -22
18 4
22 -37
-13 -35
-49 -40
-18 -1
-12 -12
36 -4
-33 23
41 9
-42 -24
30 33
-25 13
-2 15
-10 1
-18 -5
22 21
-43 26
42 31
-4 -34
-30 7
-43 20
46 -36
28 -6
-36 7
-44 24
-3 -34
43 -19
-12 -4
-26 44
-10 14
43 -43
33 -7
-36 -32
19 1
-7 3
12 46
-17 -8
-6 2
-23 -45
0 32
40 -39
48 -3
42 14
-27 33
-17 -3
-24 -15
15 47
-1 8
24 -19
-29 -37
8 40
-28 -40
37 -4
-11 22
46 46
16 -45
-39 49
-47 2
-14 46
-4 -38
-14 -46
-46 16
-6 2
-8 1
-49 -12
39 8
20 -21
-41 40
10 13
-20 40
-18 -38
-44 -39
2 4
-39 -12
24 1
11 -19
11 -5
26 12
-38 -48
-21 30
-3 -21
4 42
-19 -10
-16 -10
44 8
-49 -40
-34 37
-29 41
49 -28
10 -14
0 15
3 19
-41 38
-2 25
23 2
-19 20
0 28
14 2
-29 -17
46 30
2 22
-20 -24
8 1
-49 -3
-16 16
24 -47
-45 -35
-48 12
31 7
-5 31
46 42
-29 23
41 46
46 18
-19 -14
-27 -40
-29 4
33 15
-46 36
-16 -46
8 33
31 -14
-22 7
7 7
-3 15
26 22
36 -27
-6 9
36 43
-11 -13
13 -41
-49 11
-32 -36
-17 -5
18 -29
30 24
4 -23
7 -40
-29 -34
20 -2
-33 -13
-39 31
35 -44
7 -24
-49 32
-48 -21
18 30
18 -47
0 45
39 1
-49 1
38 -21
2 19
-44 -3
37 15
-35 -20
6 -11
21 -17
43 6
-47 -13
31 43
0 -36
36 -38
-45 2
25 34
26 9
16 34
-36 43
-11 38
-4 -44
6 20
3 32
-33 4
25 -42
-29 -12
41 39
-19 -23
19 -30
-12 26
6 -21
49 -19
-34 12
9 49
33 28
24 20
-10 47
-33 -28
-18 27
39 13
29 -2
5 46
-14 45
37 -36
-14 -45
-25 28
39 -37
48 -49
-8 -20
-11 -3
24 -20
6 -2
-12 -18
36 -31
30 -43
42 16
6 24
14 -33
31 -48
-5 -26
-13 14
6 35
13 -2
8 9
-6 45
37 14
-28 -49
32 0
0 22
-41 12
10 -8
27 -36
-46 -11
-31 48
29 -30
36 25
-45 10
-38 40
-21 4
3 14
-17 18
47 -32
-6 4
13 -49
-10 -9
11 34
-30 -33
8 29
18 38
-13 15
34 46
2 39
17 23
-43 49
3 29
-19 49
-20 13
34 19
-47 42
-8 -41
0 -27
-41 42
33 -18
26 -5
47 22
11 43
13 48
-24 4
-7 31
-37 -9
24 10
-9 -25
30 15
-31 23
37 48
-6 -33
-2 -36
5 -3
16 36
24 -33
-29 7
7 17
-1 -27
-2 -23
-11 13
23 -46
16 -25
23 1
46 -37
36 39
-35 -29
10 -1
44 33
1 4
-41 -13
-39 12
0 27
-17 8
49 -8
8 -2
46 -20
19 48
0 -48
-14 -3
-28 -47
31 -22
11 17
-4 -49
-4 20
49 -49
-13 25
34 31
-41 -42
38 -17
-48 7
5 41
-10 21
39 -5
-43 25
-10 11
-27 -14
-43 -33
-28 -14
-10 -6
17 41
-47 40
5 -6
-46 37
32 7
41 28
28 46
36 -14
16 -4
-9 27
-10 -2
-21 27
49 14
-33 44
38 8
-23 9
40 39
-22 -23
4 3
6 -22
49 49
21 13
-8 -28
14 6
3 21
23 41
-12 -16
-32 41
-16 38
22 -22
7 35
-44 49
24 46
48 -41
0 3
-21 -30
-18 -39
-3 -36
3 15
-48 0
45 14
-10 46
31 35
15 -39
-4 7
-15 2
7 25
43 15
-40 -26
-35 4
-7 -43
-22 -31
-24 -4
19 -30
-23 49
26 28
6 38
19 -43
18 -21
20 32
42 -41
17 -3
-37 -18
3 -27
-17 30
38 0
-38 47
-5 -45
-1 -10
-49 14
-13 -33
-28 -9
10 -17
27 0
7 -13
38 0
26 -23
28 -35
-37 -5
-8 -22
31 -36
-32 -22
-32 11
-12 48
25 -26
-41 33
19 0
-11 15
49 -33
40 -42
-1 -24
30 -29
41 -24
25 -36
-20 18
37 37
9 22
22 6
-2 -1
-13 49
33 25
39 -11
36 -47
-15 -13
15 -29
-46 21
29 20
29 27
32 16
5 39
-9 -22
45 -1
-14 -46
-33 22
23 45
27 3
34 41
-32 -21
-27 -28
39 -14
-41 -16
7 -15
3 1
37 -48
-9 31
-34 0
39 -15
14 47
16 13
-3 -22
-9 -9
8 -10
27 34
-29 -35
-49 25
-9 -33
-24 -10
-5 49
36 -29
44 -28
-33 -8
34 0
13 -5
0 48
-10 10
6 10
29 2
-26 33
-25 -45
20 29
24 24
49 43
15 -35
-12 -33
31 49
-24 48
10 -8
38 -29
-45 -21
-20 2
-1 -27
-12 47
-9 35
20 -49
5 39
-34 -42
-48 -46
39 21
15 9
-3 -7
-19 47
-40 -32
37 -48
-18 47
-16 29
-38 26
37 35
35 25
13 13
32 9
43 -17
-27 35
-15 38
-41 35
-42 0
41 -17
-11 5
22 -24
20 -35
-39 -46
-40 -21
8 -33
24 -38
-1 42
6 33
34 18
-37 33
1 -12
-14 34
-29 23
-45 -29
-35 -3
20 -37
10 24
0 43
0 -22
-36 -45
-11 27
45 -20
44 28
-39 4
-22 46
-40 20
5 28
-22 34
18 22
-39 12
-43 35
-18 -45
32 -44
31 16
12 3
0 -47
-49 31
27 -47
48 48
-8 -5
48 -46
-38 -3
49 41
5 13
-41 -12
0 3
6 6
10 31
31 -6
43 29
-20 45
29 40
29 5
36 -35
12 24
-3 19
-4 -35
48 11
-34 -8
33 -14
32 40
34 -33
-9 8
9 2
-19 -17
35 -14
-28 18
24 -20
-31 -17
-3 41
8 -19
43 47
-7 -47
13 9
18 42
-35 -2
49 38
38 41
-31 39
-8 2
-1 30
-13 2
-24 32
-49 -23
-30 43
36 -10
43 25
-16 31
19 -43
35 -47
8 25
-20 36
0 -29
14 -8
15 37
-45 -10
0 -8
-2 0
-40 6
-25 -40
-25 -34
-35 -35
-49 43
-13 -35
-31 20
-19 -30
-8 11
9 -28
0 -22
22 35
-22 41
-18 -38
-34 -35
-39 3
-43 12
-11 -20
-36 15
-38 -42
7 21
6 -39
-22 -44
34 22
31 16
26 15
-48 0
45 -6
-48 -25
-32 3
30 21
44 -11
-22 45
-24 33
-21 49
3 15
-20 -1
-35 -33
-12 31
-45 8
-31 35
-35 13
27 47
-34 -26
-14 -41
-33 -44
11 -40
10 32
43 13
-17 17
-18 -46
9 -18
-16 39
-33 -12
26 -5
42 -15
22 -4
-37 -45
-8 -5
-21 -30
13 -49
-33 2
48 -21
-44 3
-49 -43
28 -1
23 -3
10 -41
-18 31
34 47
13 -2
-44 7
9 33
30 10
35 0
28 -6
5 2
-8 1
-25 -16
-24 -31
-48 -11
40 18
49 14
-49 4
-2 13
-27 -29
-3 -22
27 13
-2 7
45 0
40 -44
-38 26
48 46
21 20
14 8
-44 29
-32 -34
0 19
25 21
1 45
-42 16
-46 -13
3 31
22 9
-28 21
-31 -25
-30 -44
15 0
-47 12
49 9
-1 -27
-14 -16
25 -21
32 -8
-12 41
17 16
-38 47
29 -38
30 42
15 2
38 -19
-11 31
-24 -8
25 -4
-22 -44
47 -7
13 -44
1 5
18 -30
8 -49
19 -34
0 29
-30 -18
-29 -39
46 13
-3 39
48 -24
-7 -43
46 -24
-39 -21
-10 25
-25 -9
-31 -1
-49 -40
-11 -23
-21 37
-47 35
0 -34
21 -14
27 20
25 31
-9 -15
39 -16
-44 -21
-34 -16
-20 46
36 47
-5 -36
-7 32
-20 34
39 0
24 44
-6 -46
30 -13
-21 -27
18 -34
6 -41
20 15
16 1
-37 -35
1 26
17 12
-40 38
30 -20
-46 30
-48 1
-25 -4
42 -32
-23 15
25 -21
-10 -28
38 31
-27 46
-23 45
43 0
48 30
21 47
-2 4
14 37
37 8
3 -16
-13 1
-47 -6
-49 -23
36 -32
2 21
-15 25
1 28
-39 -22
24 -29
-28 0
-28 -22
28 41
-43 -2
33 -24
2 43
48 4
28 -46
-23 35
17 19
11 -11
-37 -26
-10 17
0 18
-4 26
30 39
-16 -14
1 -41
28 2
13 -34
-2 -48
-31 43
43 -47
30 -9
3 -47
20 49
-29 4
10 -7
-29 22
-8 24
44 -49
16 -40
-30 28
39 -37
15 -8
46 -39
47 -46
-13 2
13 -13
-25 17
-19 45
22 -28
-36 12
2 -25
-3 -27
11 -39
-2 5
35 6
23 43
-34 29
-9 34
7 13
7 -11
-12 46
-4 43
11 -1
5 13
-16 18
-1 47
17 21
36 -35
10 -9
-15 -15
-23 -16
-32 -29
1 -11
-7 45
-47 -30
44 46
-17 46
12 39
25 -35
11 -10
-11 -43
40 -39
-47 31
-24 -19
18 8
-4 -18
-10 -14
0 -20
6 18
-30 -33
0 33
42 -11
-10 -30
-33 -5
22 -48
-22 12
1 3
41 30
48 13
-49 36
29 45
46 -18
41 0
-34 0
-1 41
-35 42
21 -45
13 -45
-18 43
-40 -12
49 -44
-31 17
-49 -16
-12 -7
28 30
25 -44
12 0
-38 -21
-5 30
-40 -24
-9 28
27 17
40 26
19 0
-40 -45
34 34
30 20
-12 -48
31 2
-20 1
-20 -33
-22 -31
-47 0
-25 8
4 40
45 46
-31 43
-41 -48
-23 19
32 -36
-41 -36
-48 -14
37 -49
-29 21
39 45
30 13
41 14
17 37
10 -24
-32 18
-48 28
5 -47
-22 2
-32 -28
-2 30
11 43
-37 -48
-20 -43
-26 37
-9 -41
23 8
-6 -8
31 -4
29 4
12 -25
26 -44
-6 25
13 -37
40 -34
-37 39
6 -38
7 17
-36 -10
16 -20
-4 29
-4 11
-28 42
14 44
-8 -4
37 -34
-43 -9
22 -19
44 14
32 33
7 43
-30 46
-48 29
-7 -24
29 30
34 -21
49 9
-30 -36
8 29
4 -22
-42 38
0 -30
-43 17
21 7
-25 -19
38 -12
18 43
-36 36
-43 -15
13 -20
10 33
-49 -26
35 6
18 -25
37 -10
46 -14
-42 -29
23 41
2 36
14 -29
38 -16
-31 15
-2 25
38 -48
-16 -26
-27 -44
-44 0
18 8
3 33
-20 -48
-13 -2
15 49
33 -19
8 32
43 18
-24 8
32 -47
-5 12
-24 -6
-9 1
15 11
33 -1
-30 -47
-44 0
-37 44
-43 40
-3 40
35 -17
-12 39
9 -7
6 -44
48 -15
-34 10
18 28
27 10
38 -38
-34 -7
45 14
-17 21
-18 14
25 17
-17 40
22 -12
-49 -24
-48 -34
37 -28
27 21
46 23
-32 21
0 49
46 30
-44 -10
12 8
3 -23
-44 -33
-11 -23
-30 -29
4 -47
-34 -3
30 -8
-11 17
-34 40
19 -48
-7 -23
14 -36
1 4
33 -32
37 -23
-44 11
23 16
-2 24
40 -12
32 -10
-6 38
31 33
-4 -33
8 10
-22 42
-47 46
-29 10
-16 22
-38 -6
15 -21
-9 14
3 -9
48 31
21 -29
-8 -18
24 -6
-19 25
8 26
-34 46
19 -45
35 -35
-24 9
12 22
26 20
-6 43
-5 -17
45 -8
-19 -29
-21 25
15 22
27 4
-31 17
16 12
-26 41
40 44
-3 23
-34 41
42 -1
4 -20
-21 -43
8 -11
8 -7
-5 16
-37 44
25 -33
46 -47
40 12
-35 19
-38 19
26 -18
-1 23
-19 46
-18 -28
-15 11
17 -15
-18 -14
-34 -23
29 -19
-43 -40
34 30
-11 -25
-21 32
21 0
-14 21
-9 -46
42 9
20 5
-4 19
22 -26
-9 -10
-33 -36
37 8
40 -3
-19 -33
-33 26
-25 43
-37 31
28 5
-18 -45
-15 -36
29 0
-46 6
48 4
1 -46
22 -44
23 -48
-4 -19
-11 1
27 34
-19 33
-10 -44
-36 1
-31 22
37 -18
-4 28
40 -7
22 42
-44 39
-46 -13
-39 34
0 15
-47 49
-20 -19
18 -40
-37 -42
11 -41
-45 34
20 -42
3 -8
-26 -49
-26 45
25 -29
8 3
39 -35
42 48
36 17
-24 -34
22 -49
-40 47
-20 -29
-32 11
10 -17
26 48
-39 48
21 30
-49 32
-45 26
-13 8
37 14
46 -47
-18 30
16 41
15 -17
33 42
3 1
48 8
28 -39
-7 -3
-12 -49
-23 -24
41 -8
-13 44
28 41
-30 28
4 6
48 41
-49 49
-46 -27
-4 -23
-39 -29
-15 6
-1 -36
-9 32
-10 -47
-43 -40
-47 10
-28 20
-31 -6
-22 -13
-43 45
10 27
-46 8
14 -46
44 -33
-3 -4
-16 -14
-12 14
10 -18
-17 6
19 2
23 -24
-4 18
-33 22
-37 0
-49 -15
29 -17
48 -11
41 -27
30 9
21 -35
18 45
-46 34
47 28
-8 41
-36 14
-15 -37
15 32
-5 16
6 42
27 35
-44 14
-36 -1
12 25
13 18
-32 8
-24 4
21 42
-18 -38
1 -8
35 -49
-2 -26
-18 0
-15 -36
4 -48
2 -14
-23 -1
-20 -37
37 -46
36 -1
-24 48
-35 0
4 -33
-2 -15
46 39
-27 2
-3 -32
49 38
-46 48
23 -1
-43 2
21 41
40 5
34 0
-17 -7
-49 4
46 -40
1 -49
-18 35
-43 -49
33 33
-20 -46
-6 49
14 -14
-47 40
1 -13
-8 7
47 -41
-25 9
28 -17
36 -47
-30 21
-12 38
4 27
-46 -7
47 24
0 -28
-33 -3
37 23
-43 11
35 -24
30 39
18 22
-45 20
-16 46
-43 -19
45 1
4 -21
-44 -6
-31 5
-37 35
-1 44
-41 -36
-38 33
-16 -11
-11 -27
-18 6
-48 3
-1 -5
16 -36
-33 3
25 29
-28 -4
-5 42
-12 0
9 2
-6 14
-15 -22
-11 22
-38 29
10 28
-31 30
37 -48
-48 -43
-43 -31
32 10
-5 10
-2 8
34 -36
-27 43
5 -18
43 33
41 1
16 17
-22 27
33 49
22 -30
23 41
-15 34
0 24
10 16
-18 30
10 -33
-43 38
-20 19
45 11
49 0
-15 0
13 -21
-35 7
-18 4
-43 29
-22 47
-4 -46
30 46
14 34
35 -14
5 29
-45 -24
9 14
-34 -4
9 46
26 -3
-25 -8
49 -43
-7 -6
10 29
-31 -40
39 4
17 40
31 31
45 -24
45 -14
10 -39
11 19
2 -47
-18 0
-17 11
1 26
27 27
-36 17
29 -6
43 -33
-42 5
-43 14
7 -42
34 5
-6 6
1 -14
-4 -43
-13 -43
-35 -26
-14 7
-33 49
-5 45
16 7
23 -25
-40 -1
-38 18
-36 38
-36 26
-1 21
43 -12
48 -34
47 42
8 -3
5 31
-18 -3
-29 -36
33 24
17 3
-35 -4
38 -30
39 -5
16 11
16 10
