49 48
7 -49
12 45
-19 17
-8 -32
-40 18
44 -43
-9 31
37 -31
-37 -46
-33 -1
38 43
20 12
5 17
35 -21
-5 -5
-49 10
-28 11
33 -47
22 0
-41 -39
17 -4
8 -20
-3 21
18 -16
-18 26
-11 24
-5 -40
-11 21
35 0
-3 39
-25 43
-34 24
-22 -35
22 8
35 27
-46 47
22 49
-8 36
47 2
-30 20
13 11
48 25
-18 4
-49 -22
-5 7
-40 -44
-18 -39
42 44
-5 31
-19 -38
-32 10
-40 30
19 -11
-42 1
35 -1
-26 -32
-43 -19
-49 20
31 14
-41 -8
34 34
1 -23
-17 45
-12 -24
-10 5
-10 -20
26 35
-14 33
38 10
33 -45
-25 3
-37 -31
-44 2
45 48
-10 41
-14 41
0 -22
43 9
-20 -1
-29 -34
-48 -28
-26 33
18 25
-3 -29
38 -2
-2 -44
-38 28
-25 -18
-25 21
-44 14
9 -23
24 4
32 -6
5 36
37 34
44 24
26 -35
-8 6
0 27
-36 47
-17 -45
3 22
-29 -28
36 -47
11 -25
25 -42
-26 3
-3 19
13 -2
-17 -33
40 9
-12 -38
-10 33
42 19
-34 34
43 -17
32 -37
19 -48
-40 15
-26 21
16 26
-4 48
36 -21
-6 -30
18 -21
-42 13
-41 -16
-18 -46
33 45
7 -6
47 14
-20 -49
-25 -44
-2 -49
15 43
46 -48
-45 29
1 5
-4 28
42 -8
6 44
27 -2
-40 4
4 37
-10 10
9 30
-43 -16
32 -39
-31 28
-32 3
14 -8
6 -21
-19 10
2 37
-13 -19
0 16
30 -14
-40 -36
25 11
-48 21
-34 28
2 17
34 -6
28 -48
19 -31
-42 -41
13 12
-20 -4
47 -15
24 19
4 11
-41 19
-27 -28
-24 42
13 -26
-16 31
11 -40
-17 -38
39 42
42 11
-25 7
33 42
-41 -20
-20 -47
30 -13
40 -20
47 27
0 15
1 -32
-45 14
24 43
-1 -24
19 32
24 44
-49 18
0 29
48 1
-30 -3
29 0
37 -13
-13 39
-30 21
-15 -33
46 -40
-34 -25
-34 21
5 45
27 32
30 -41
44 3
4 -34
-2 -35
-27 41
43 39
2 -36
-36 -25
29 34
-1 -29
-44 21
-35 -10
-6 1
22 -15
-18 -18
-44 -29
-17 -12
-11 41
47 -33
-32 45
-38 -24
-49 -43
36 16
32 11
37 45
32 40
-12 -3
-32 -19
40 -45
-34 -44
0 -38
-28 -11
-23 -23
42 -43
22 -35
46 -8
22 -27
-47 13
-13 -49
-13 15
-17 -34
-25 26
40 -16
-32 32
41 -44
-34 -5
10 -32
33 -19
-32 -6
-28 -1
-23 -2
-16 -39
-34 -6
39 -9
46 31
-23 -44
-18 -33
17 27
-20 -41
30 -21
-1 -14
-40 -27
-33 32
-27 29
-19 38
-19 -49
-11 -32
-36 20
-37 6
30 -49
10 38
17 6
-20 -12
-25 -10
-34 19
-24 22
-6 -47
1 -10
48 -49
8 20
-43 -9
2 38
33 24
-35 47
13 6
-12 24
-38 37
-27 23
-48 45
26 -25
-20 26
-16 -5
20 -19
46 33
19 9
1 -18
11 -10
10 -42
-41 -11
32 49
49 -20
-41 21
-15 -21
-36 -49
32 -28
-3 -46
-35 -11
40 38
-48 35
-44 49
-1 -49
18 -45
39 23
-46 35
-3 -19
-14 11
-49 -24
49 -26
7 13
3 47
-26 -27
-47 26
-1 -41
3 24
14 -43
24 42
-37 49
32 -19
17 -37
20 8
-6 -7
41 -32
0 20
14 -7
-37 44
-42 42
18 17
25 -29
-14 -34
-10 -22
11 34
45 4
-28 26
46 18
-43 4
26 31
-32 -22
-30 1
49 41
-24 -39
-24 -6
24 11
10 48
-33 0
-18 -37
-8 43
-49 -2
-16 -38
21 -21
33 -13
-35 44
26 7
-4 -39
-30 -35
27 23
-34 44
-16 -1
49 -18
19 18
18 -27
33 6
15 -31
6 32
-18 -45
21 39
16 29
38 -17
49 48
13 -19
-24 27
-46 -11
-1 29
-33 32
-47 -40
-1 -49
14 -2
-49 -38
-46 12
6 25
-4 31
-7 -39
