111 16
-665 -288
-611 735
54 -839
628 759
684 -306
472 732
-802 889
-102 -355
203 485
-858 487
855 459
705 422
-545 -442
800 -679
313 -645
-889 841
549 -19
-449 -268
341 -87
-19 -780
-529 -589
893 -365
-142 520
-628 72
-667 -100
60 -894
-83 153
-366 328
688 401
63 -172
550 -420
-652 -635
191 894
-779 -728
217 -452
-308 891
625 691
767 74
-735 369
847 424
-266 -842
382 -220
289 538
336 -725
-477 297
-250 283
486 -329
189 70
802 -258
-701 -543
365 727
-249 483
335 -303
-680 -209
-362 -304
-72 446
-573 677
-483 -775
146 -9
165 823
867 295
81 -78
148 -738
465 755
348 -782
662 -764
701 -658
-358 -487
531 466
-595 -464
395 557
-581 182
841 -512
126 243
61 -379
-737 342
-764 639
136 641
-8 -1
-334 319
-492 846
29 -702
-371 -867
-348 699
112 361
-131 -211
-668 60
-46 796
347 273
604 452
691 120
302 -574
774 822
-564 340
499 -187
-414 -193
429 650
651 24
-856 -228
833 -765
-798 -662
-831 -284
-370 -763
65 437
-175 673
602 -549
-888 872
-333 -820
761 98
-14 -693
423 228
-774 299
533 -331
72 -110
-407 -211
11 -328
262 684
-565 178
-668 -207
308 -441
690 223
-192 -755
-7 -504
686 -651
-663 238
-228 -155
877 -271
-864 -536
-646 532
-69 -293
278 -58
-356 893
657 -394
189 2
-741 -505
629 -518
174 754
773 -272
233 849
324 -298
-309 -263
-707 -828
882 170
815 -667
447 882
12 123
519 -146
130 -492
66 -747
-288 -120
578 604
-9 -381
645 33
-405 -5
-754 -514
-290 52
-495 -727
-439 748
558 -752
-641 159
-662 -160
-43 -422
-650 481
-226 -892
-654 208
450 -464
-771 777
40 533
-415 264
440 122
678 348
720 747
836 416
532 866
-627 -391
-50 103
718 -475
-394 -108
-718 -153
587 175
-162 -580
495 736
578 593
238 264
-190 829
-71 -209
207 328
-579 -6
659 -613
6 885
230 413
614 773
104 -169
-191 -280
-289 8
158 -565
-459 379
-108 -44
353 751
624 91
354 487
754 -845
761 864
-255 634
-151 -739
163 116
-381 157
612 621
126 843
77 -749
-231 94
150 458
518 362
199 -522
200 -294
-357 -51
389 18
571 173
-596 -607
629 -615
19 -771
152 -39
-199 -71
289 -417
288 311
289 -45
-165 577
872 -475
560 -295
-882 -835
311 754
-389 -303
0 -81
-683 -623
-133 -749
-197 -91
815 505
-63 -506
-139 -78
-430 571
-236 563
-762 -621
-111 797
-121 714
-303 737
-52 -533
-312 -215
46 837
-392 344
-208 892
329 226
-184 -650
-554 87
-817 503
-202 8
504 619
644 -314
835 800
119 543
34 877
-37 -25
-94 -518
460 453
436 -317
-147 -287
-311 -677
-345 366
125 509
-329 -639
199 375
-330 745
-528 472
844 -664
-824 -75
179 278
27 228
206 536
493 866
61 -766
-141 770
111 -857
269 860
464 19
434 -719
-355 555
533 -170
-814 -557
-383 230
49 414
23 830
694 14
-281 804
356 -157
308 -401
38 -299
654 134
-725 149
-704 -128
72 -856
869 -478
0 60
404 303
-450 -726
357 837
712 -807
-422 -27
-185 443
559 -29
733 -659
-883 -212
-872 270
-47 -381
574 -804
604 -888
-130 455
821 -407
-217 176
-200 -6
358 846
-72 629
511 72
-328 -573
-773 -891
-749 574
10 285
562 -864
-629 391
-362 46
656 681
737 -197
750 434
25 -868
45 -275
-387 -663
543 -391
169 -478
-356 12
25 792
-193 -365
-151 -48
825 -20
-863 48
84 -19
577 237
708 -207
-580 -643
800 571
100 883
682 -492
-364 -252
-240 -79
-810 55
-422 399
-48 -463
-473 -192
-673 -821
-349 -748
-6 -401
-520 -683
888 74
30 -4
-312 347
619 -725
-672 383
-483 -787
600 -793
239 763
649 -114
453 -432
506 -401
813 -108
583 180
495 -411
-386 -266
327 -623
63 424
866 383
-530 138
110 413
489 -515
837 173
-532 894
77 -93
114 -871
735 164
-106 -369
353 617
708 -315
275 722
-676 -63
-114 825
-59 -101
-727 -331
-191 749
-692 731
-646 538
-808 -422
-431 678
-419 319
651 -850
-893 782
117 -495
-851 -198
-519 -178
-173 460
-543 -657
56 -145
726 -724
-152 633
-853 -611
-341 -710
605 -777
-384 -475
-404 248
857 839
75 6
424 615
-310 55
424 223
-662 -611
-840 369
-624 -706
17 673
-731 -830
307 621
649 -780
353 170
36 -574
526 329
-755 -897
665 -116
245 146
517 -807
-625 -317
784 -42
381 -53
382 -692
-268 -845
80 -352
377 -57
-91 484
186 787
511 -569
-426 -228
460 -310
-96 -414
-95 -389
614 141
238 138
-597 395
-181 -655
-561 -222
256 7
-217 -230
616 485
-204 274
-678 -423
-42 -707
8 -498
-632 402
-140 -517
393 -227
-840 -258
-575 -315
160 -800
714 -83
-642 -580
367 893
-587 -87
562 179
-375 -716
23 -215
-837 204
-826 314
757 642
-671 -589
-293 434
361 -594
94 818
751 432
-666 -287
-528 424
-418 790
-377 283
-590 452
-508 175
-254 609
-407 290
761 -84
-417 -17
-555 41
-693 511
618 818
518 881
98 720
409 296
-123 -274
4 -242
-823 -637
-740 -375
253 586
-154 -283
-462 -155
780 331
192 449
648 -193
504 366
-271 -418
578 -779
-265 -114
-23 626
-711 786
-565 -631
-581 -738
-462 518
597 -764
154 -223
870 587
-409 171
-207 -864
744 -867
582 341
759 769
881 432
327 -460
-227 -121
-504 635
-840 402
274 -328
-353 -515
429 -460
128 -320
-656 -372
-852 -490
96 -584
774 -765
652 518
-383 716
-307 -867
851 444
199 254
-312 34
578 -578
714 -725
839 40
153 -68
-309 289
274 222
729 565
-587 -295
669 732
-307 532
-734 -307
133 410
-615 178
-698 42
-788 324
-340 -175
147 -245
271 660
345 -227
86 -742
587 133
799 -466
219 774
616 -497
612 349
-750 224
77 207
46 -331
-505 615
-89 31
0 152
-107 454
-383 64
-486 282
230 29
882 -481
-170 523
-329 445
876 -824
445 -594
-360 -851
861 360
-200 86
-770 381
-109 -59
657 -629
-195 -612
-53 -450
439 851
-507 -474
659 855
316 71
-586 17
-239 753
533 663
286 596
840 315
674 -332
-513 -133
-812 209
129 893
755 606
-83 588
335 691
98 754
471 -725
-727 450
-388 -878
-860 358
-183 674
-346 187
-161 304
-296 220
444 213
-88 290
-405 -247
-608 -445
834 -447
-645 729
-836 5
-645 261
423 -391
-618 290
184 -681
364 405
263 -48
647 -314
-614 208
581 -437
849 123
-808 457
665 -625
460 -699
-20 619
-190 -642
19 194
-866 478
-620 -56
625 -103
855 -588
-593 -496
465 806
434 265
704 -893
-587 555
670 -646
-138 17
587 80
-244 5
412 191
230 0
515 -172
-323 538
624 -374
869 -744
897 740
-596 -485
36 546
-348 240
-561 422
-710 -830
9 499
200 11
595 -565
-590 288
26 -737
859 -572
-723 -727
132 870
-255 770
350 -108
-58 -210
-780 95
597 819
-279 810
-492 366
-524 -580
360 -728
408 575
-294 540
5 221
-226 310
526 752
-215 -114
399 -290
-676 759
884 -814
129 -816
801 -181
786 -683
359 -404
-822 -50
-721 -696
-265 606
227 879
685 -142
-844 877
695 -771
-221 -3
266 47
-178 866
691 -419
112 -453
-281 -660
783 -444
722 -71
-656 818
-827 -558
565 595
828 -760
621 -474
292 680
-468 731
-388 -691
872 93
237 645
-69 335
-279 417
599 31
-269 -440
544 -898
-292 -47
-78 740
445 482
-68 -720
-147 316
496 794
-255 61
-653 -285
-350 464
-788 150
289 214
442 363
-728 -102
-411 -784
260 -413
518 -351
-208 -655
674 537
587 -352
-676 -157
-805 867
-719 -263
-551 -419
-509 116
-365 -280
435 -449
533 -480
-700 561
493 380
797 315
827 -203
342 -481
783 -376
230 -157
-298 453
-898 -588
747 519
-52 123
-416 374
304 732
120 -670
151 716
-510 -604
362 271
-32 -698
-326 554
-624 52
-528 -665
-697 -371
626 -278
-488 622
566 -655
-316 64
-110 439
-672 404
618 470
874 -833
129 -282
628 828
-39 -422
-92 565
-311 788
731 799
30 451
898 722
323 707
-668 -410
-78 -729
266 477
244 128
131 -612
829 599
613 348
-264 724
-438 96
879 773
802 -613
289 -626
307 -785
-679 228
203 -151
264 -512
-320 -729
695 574
-262 586
-526 888
452 560
-766 254
788 317
419 319
481 552
-194 -526
-81 -18
-295 886
649 204
779 360
-657 -769
-407 429
-851 -132
-390 -457
-376 583
-19 -581
-68 312
-391 -416
818 -827
-142 -744
655 -337
424 -420
-758 -487
-13 96
-352 856
181 -547
-201 334
809 571
713 -269
-103 745
-480 598
792 412
418 -146
-557 -245
-828 -754
-869 261
561 -108
-37 -106
-520 -518
-83 584
783 534
-699 446
115 67
-810 250
504 -728
-126 283
305 -285
-317 -593
252 -661
219 -197
308 -266
-428 -895
85 237
-423 -816
-97 -432
-846 -384
438 630
212 498
-539 37
-355 -212
419 -77
-47 69
620 831
-654 272
-205 -355
147 -664
457 778
48 -508
555 819
806 -103
448 -876
-767 456
841 -641
53 -696
-166 52
-167 218
-407 -50
-680 -826
-817 -210
-377 766
195 -812
-59 -118
854 797
102 -365
36 714
660 -279
660 -883
-380 -51
79 -391
623 676
