80 -935
1372 2048
494 -1412
2121 -50
-2108 -1561
2361 167
2405 705
543 -1516
645 1678
-1056 2065
1378 -998
458 106
2074 2323
1956 2491
-2417 394
-2287 1756
2040 -890
-2420 -343
-1137 1816
2188 -1596
1359 74
1416 -2015
-1960 170
-2229 -3
2181 -2102
-1853 138
-389 1504
615 820
1903 264
-2481 2371
-553 -1185
2149 945
-132 266
-1232 -1429
2357 -887
-531 738
2326 -1892
1731 -460
-1360 1646
2062 647
2410 1630
-767 386
1960 437
53 -303
-1914 -547
1515 67
2206 503
351 2420
2351 1703
-195 -1552
-1854 -1564
-1572 187
1155 -349
2262 2431
1024 -792
-391 -887
760 1734
1924 -975
1466 2368
88 -1978
-2434 -230
2384 -615
-1733 2017
-935 1177
-389 345
-1693 -792
-1026 1190
-312 1721
251 -2314
-955 2021
-1650 -2424
-2255 -1965
745 490
-70 -1763
2081 -1325
-1744 1483
-254 1532
2030 -994
-644 836
1398 243
-1082 21
2421 260
-845 -2226
458 180
200 -1986
-1720 -1521
1398 487
698 -31
1416 -1626
-659 1025
286 1721
-638 -1077
-1756 -1921
-460 150
-1548 -643
-1799 2248
1775 1858
-148 978
1798 -624
1223 -341
2160 2464
680 56
1131 308
1587 -430
59 73
-1707 2311
-2061 2290
-2199 2338
-1087 -402
1147 492
-2056 128
671 2235
2240 925
-1862 2418
2290 1035
-1323 -876
1491 -1641
2060 -2367
2475 -1103
669 2040
1147 1764
-2139 1283
1384 -1749
1110 -1856
-903 -1785
1454 -687
-944 2345
-754 1737
1501 -867
1181 296
-1975 937
-98 -691
-2348 -789
173 497
-632 -285
-168 -2181
1538 -373
-781 -8
1812 -507
-218 -330
-1851 -675
893 -1082
-2484 -416
-1294 -915
-1298 -626
2028 -788
-614 970
-2188 831
328 1688
-2193 -1613
1054 1198
-1652 -1477
1928 -382
2040 -1798
1860 -899
-1681 918
-810 -827
-561 2294
471 -1211
-440 979
-1986 923
1893 -1879
1980 -1477
-2169 -1417
1830 -1175
2117 -230
-371 1366
-135 -857
-449 -1510
-845 -509
-1525 779
-2451 1573
2124 -1312
1580 2026
-338 520
660 312
1966 1080
442 2059
118 -465
828 2349
723 -532
231 1382
-1170 -1309
658 1483
2124 1063
2443 -1401
2010 -2466
-1816 -1751
-2098 -1430
-2463 452
833 437
-1921 225
1021 -1932
2316 118
1543 -2196
2308 -1300
1718 -1002
1073 -980
-918 -799
-873 -1141
-1942 -1252
1 20
1593 1591
623 1996
-972 615
716 1078
-584 2038
225 -564
-605 170
-87 -335
-1586 535
-2163 -890
1807 1276
-1532 -437
-1206 -139
1535 2025
-2106 -692
-464 -2135
1726 584
1023 2061
1330 308
1439 1237
2430 649
-775 -1204
2133 1141
2411 1815
-462 143
-268 -657
-2344 1865
472 -724
1895 -1829
-980 1389
2015 -2111
-1979 1941
141 -29
-1401 886
1968 646
1903 1003
1668 -1333
-1470 -883
-1557 1836
1055 -1833
-1149 2301
-4 84
-766 2472
-25 -1669
1642 -1957
826 435
-407 -714
-2401 119
1910 1715
-815 366
-1302 2228
2392 -1652
-1895 2041
1805 234
1257 -1883
679 -1242
147 245
-500 -1183
-289 1668
1526 1602
649 1905
-1186 426
-1217 1461
-2260 1919
-200 -784
47 -646
383 -414
-1247 555
-2431 -1975
-1957 1325
-1928 -7
2484 1302
-1931 326
-1579 -2050
1585 1841
-558 702
2188 -924
-1803 1343
-1817 322
-1365 -1633
875 -1524
943 2411
-1240 -1236
1097 1883
-2336 -851
-2069 2473
-1992 2017
-1931 1660
322 -1188
-2077 -797
-917 2404
2131 2260
-2265 364
-452 -919
-472 730
859 -1915
-636 536
1428 -177
1446 1159
-1215 2472
933 -1525
1482 2490
150 -64
-291 560
1176 -64
-1908 -766
1782 -744
-2302 2467
756 -1046
2039 -1118
1639 -1215
1271 -350
751 152
-582 -1160
1207 -1401
1620 -1492
-715 1077
1906 -2020
-1886 -1425
1880 1573
1180 200
2123 1516
-487 485
772 -2143
1764 2495
-2056 40
632 330
163 184
2151 714
993 1191
1469 -325
2337 -1369
-348 1782
726 -1343
869 995
-953 337
-1845 -1066
1754 -525
-1513 -1667
613 2341
-400 1488
-1622 1837
1357 740
-331 210
-1102 431
1469 1841
-1921 2326
300 1599
918 -836
-846 -1085
-176 -1116
-324 30
-583 81
-1050 861
-1313 2395
436 502
-1018 -1113
304 732
103 925
-1584 -256
2409 -245
-2306 -1013
2315 -2326
1476 199
2088 770
710 643
2138 -803
1527 -1905
263 266
-1166 -1616
-2491 -913
-1986 2124
-701 963
-224 -1190
-1448 -386
2426 644
-701 53
1612 317
158 101
-349 1408
1700 -370
102 2294
311 2059
-1821 -792
-1292 -1910
-1123 1588
-357 2345
-2489 -2023
-342 -571
1429 -1532
-1028 1864
2275 216
1718 -1455
81 519
-2203 -1410
-1107 -2197
-1500 1974
-1660 -799
-2002 -90
1800 -488
1450 -322
-669 -9
-1784 589
-2422 1856
172 -210
-760 -1634
671 -1158
1488 1055
-1019 -532
920 30
-1609 -701
2269 217
-1647 1239
-891 140
2084 -2105
2187 2079
1120 487
-87 2451
2176 -69
691 -1129
-490 966
-1488 609
-2297 -1165
1199 2146
400 1510
225 43
87 -598
1815 1666
2425 -1700
1393 161
1021 512
2036 -1353
-247 -1641
-2261 -2190
-65 -1376
-1253 -26
-1318 1160
-871 -800
-2197 -471
1050 1213
-587 1488
928 -1237
281 2167
-255 2492
1591 -2044
-1648 -360
-611 -486
-1524 -2423
-1482 -2185
1508 1760
-752 -2215
-105 -2247
1095 -40
50 -280
-2397 1522
1348 -1680
-1078 -729
-2393 -1092
1127 -1704
918 1784
2109 1678
2432 -397
-1271 -1958
840 -1909
-1292 611
1942 -11
-1641 -1660
1634 -1535
-1161 1710
58 283
-926 -1895
1466 712
-2087 -1046
-2457 1469
1305 -1507
1559 39
-2464 1593
1748 -1703
-385 1030
-296 738
-1037 -2452
-1538 -2457
-1613 -760
155 321
228 131
-245 -1277
2225 1267
-505 -1076
-695 1294
-1967 715
-970 2315
-779 -1931
1896 724
-2297 -1000
-16 1851
2152 -876
-1244 1503
2127 -531
1958 1912
927 -1972
-1393 -826
-193 1030
-938 -1017
-1849 -878
-943 2379
-53 442
1313 -1755
-1000 2164
-892 -520
-1146 -905
-296 205
-1680 -2124
-1875 1755
-178 -2307
-1897 976
539 -1436
2379 135
448 1056
-1224 -1282
1926 1701
1527 -1440
-2460 1483
-517 22
1000 507
-1359 -1607
1043 381
1405 1271
-842 1872
-1349 -479
-314 -857
-1618 1196
-205 -1774
1314 30
2223 1445
-798 2209
492 1145
1080 -2382
-492 459
937 -762
-942 827
2445 2108
-1232 648
-2446 1099
470 1718
690 -241
-2201 135
-715 689
-1953 907
-916 1200
-2018 831
-483 1485
-1645 2109
-62 1204
1300 -211
2162 -848
694 -680
-1884 -370
-2204 1487
-1226 -1741
-1810 463
1860 -773
1120 2004
861 385
-1206 -2358
2057 2177
1131 2280
-811 1130
753 1781
2290 -1491
-1320 -1060
-2003 -211
-1657 799
-1692 796
-955 2361
-1572 1730
-95 1579
1764 779
1668 -2021
1613 -266
1517 2380
-651 -202
130 -2015
-1822 1808
821 -1526
-347 1188
-2470 1935
2135 -735
1807 115
1413 -965
-1297 924
-1563 55
-2361 -1816
-2021 -1080
1956 1312
-372 -1337
-223 -962
-894 -2429
-761 199
-1612 36
-2019 1472
2467 -457
-85 1107
-1095 1371
1983 -184
-1524 338
-402 -415
1358 1730
1880 -1492
-1720 1602
1678 -331
-33 786
541 -232
1057 287
508 -1560
1360 -800
-2397 2142
-2033 -55
1390 2104
1264 -590
819 -951
1358 -1485
-1178 -1676
-1288 1850
1857 -2369
-872 -1714
641 742
-1695 -2136
-206 -491
307 -109
2038 -2077
2236 1826
1907 1265
-726 -1487
-435 141
76 1271
-2463 -1264
2164 1667
1603 -1233
553 5
2070 442
398 -769
-2045 -851
818 503
-640 1764
2377 -2417
2467 -741
-56 -1892
2117 -2351
760 1039
-1097 -2488
-384 775
1090 -2027
-1092 -59
1427 -505
1298 -573
65 875
1364 1055
2455 -456
323 127
4 640
-499 2194
1722 -607
-1345 663
1863 -2034
-342 -830
1790 2334
-667 246
-1108 1697
2427 -494
1410 -2383
1803 2382
469 2373
-2074 -1461
-594 1013
-1342 2172
773 -865
-1833 -200
-1988 -1199
487 570
1832 -2139
-1095 -2174
843 -1434
1865 -649
1766 -400
-439 -2197
1918 1582
-2318 1822
259 -383
1090 -2334
-1584 -2304
326 555
-418 -1334
-2085 -425
1079 -73
-549 -372
679 -704
1262 -1116
2465 2247
2305 177
176 1276
-2439 25
-555 254
-1112 -725
300 1494
1709 -64
-2365 666
2383 -1626
52 -133
1377 918
1695 1878
1645 -1124
2169 -856
-333 1100
1659 -980
-1293 -1425
1684 -2346
-234 1865
1725 -1775
536 -1010
-1883 331
1454 -2092
-816 1064
572 -132
-386 -383
577 1812
2407 1370
1721 -1627
-1406 -951
-1167 1294
-1913 -2131
-1151 1728
-332 -1362
-2486 -1499
-883 2375
-19 -1665
1920 2360
50 2011
838 -523
1715 -1371
-1164 -670
-533 -1563
-465 -86
567 -1789
410 1510
-1884 1763
-1627 1134
-1747 1998
-1716 2031
-1679 -169
2214 -293
136 -556
897 -558
-1240 -1411
-1030 1559
2346 2056
2019 -512
-2277 1035
1417 2259
-732 786
2158 2246
615 -1028
-326 765
-560 2001
-1309 -1305
291 1969
725 1395
-942 2108
1726 2043
106 -797
-2280 -68
-1397 2067
-957 429
795 1028
-2087 1092
-697 -675
-396 -1218
-1468 -1531
-519 826
2446 941
1506 -1046
-2210 -15
-1406 -1881
760 -2073
1362 -1538
-1131 1186
-558 2289
2360 2048
-1554 -613
1196 -623
1140 -2027
-1005 -2356
-1853 298
-226 1070
1682 1247
1587 2194
530 264
-1639 1884
367 1617
2300 695
1062 291
-701 -556
1386 797
-1375 73
1776 -1233
1045 1196
2483 524
1212 1180
2471 -1261
810 283
-1128 -2167
-1534 2141
-2293 1122
897 -1140
-1176 -2486
2096 -1941
1666 -842
-1386 -495
-1368 -2284
-835 -1647
-821 692
862 1624
832 886
2319 -739
2454 1149
785 984
906 -1485
1239 253
-661 1225
59 1771
-1160 -620
-494 -598
124 -320
1719 1823
-1732 2275
2402 -1052
1233 -2211
-385 -2069
2083 396
2373 -1384
314 -1715
1867 -655
-278 858
129 419
-1443 -2119
1944 -1110
-2482 -943
649 -4
2273 -1296
2198 2331
-164 -1185
-448 723
2049 213
1007 -2115
-116 537
1576 -1844
-985 -553
858 -993
384 818
-813 -1466
-965 -1328
1002 -114
550 -1781
489 1396
1867 770
-462 -758
2010 1153
2001 -2438
-1394 -1050
1030 -633
-2369 128
-2019 -7
1920 -1405
2048 -1486
-1591 -2258
-697 1328
-47 363
-1790 1065
-147 1190
1148 -1913
857 -159
-2391 1095
530 -1771
-39 -2186
1338 338
1749 1233
1718 -1230
1427 1703
-1303 1686
1327 -16
-1691 620
2471 1453
2215 -929
483 1867
2422 -980
1492 372
914 2267
-596 1067
2391 967
2339 13
987 1866
1353 436
1035 1532
-1241 -139
2467 279
1533 -964
-1586 601
2304 -1185
918 1659
1355 -2406
472 -213
-2049 -1471
1212 1025
-1986 -2482
1271 423
-2110 -167
1683 -800
444 377
-2289 -99
260 -208
-1784 1378
-934 969
1926 -259
791 -1849
-937 -1581
-2113 -1598
-2203 177
1590 -1804
2456 1175
-1141 792
-777 2154
-2408 -1713
287 -527
-416 530
-891 -1034
2366 1608
2434 -1465
1740 -1808
-770 1002
1313 -2128
-2480 1962
-1161 -453
2395 -1699
1447 2022
2157 1595
-1825 1274
-398 1848
-1705 1199
1985 823
-1912 2302
1081 867
1605 2473
-964 -805
-2108 -1111
1450 -478
-2093 138
1247 2397
-909 -2133
345 -2249
-903 -2433
1164 -2048
-2261 -1311
1254 2209
-2401 -96
2125 -1821
-931 1149
2462 -511
-196 121
1500 -1701
1736 1957
266 102
774 2196
1758 -1268
309 -474
921 -2069
-524 1432
1440 1921
852 -2351
-1043 1084
0 -1796
-686 290
727 -60
812 1393
532 -2369
1282 -1869
-27 -1817
-1033 978
-1951 -1039
835 1531
-2128 -1000
-2027 616
-2033 -326
92 1666
-421 -535
87 843
-728 581
-252 -1977
-1095 -1434
-580 -1977
1813 -559
2459 -586
-358 -2340
-241 -1184
-1196 1846
491 1842
-973 -684
-2462 -2225
-1283 -563
-351 -1440
-1786 188
-2424 -990
2104 1656
-2186 -1112
865 -187
544 -864
62 -1375
-2358 -1338
2230 -1525
2332 -36
2321 -1147
-805 1341
2317 -1455
1722 629
-788 1853
-414 155
-1975 -79
-926 137
-2004 1891
-2074 -2168
349 1470
-80 -2497
294 411
120 1775
-966 1629
-1332 -2034
-1402 895
-673 -1248
-1745 -2462
-1179 -17
1106 1189
-889 -585
-1768 -1639
2400 -1052
385 -447
-2386 -730
-1135 -300
2491 -153
-2428 1954
2271 -1104
-2247 2221
-908 2310
111 -608
902 -2496
1226 -1084
-314 -2222
2296 240
1185 178
-1765 1607
2222 -299
-955 -1085
1867 374
-1773 -1358
-575 -964
-297 -1649
214 494
358 1865
-407 -1559
-164 90
1534 -356
-2324 2309
350 -82
243 1973
-2192 -1107
1100 211
-2011 1831
-1290 -279
-1272 611
-643 1288
1342 -2473
1197 -86
-293 -268
2193 2373
376 -997
494 -1842
-2350 1001
515 847
904 335
1551 2428
1536 -2421
-1711 -1520
-1886 1824
-1023 -2107
1122 -2478
2326 1591
-2172 2056
-1539 692
-1696 1047
2331 681
677 1355
87 -493
1954 -2406
-202 -1102
611 1308
-2209 -141
-1725 -1942
636 20
414 1350
432 2483
-35 -1235
-2352 -2168
-1832 -414
1246 -1755
-1238 15
181 25
-184 1321
-1360 -1615
2149 -1710
-369 1054
-717 25
-2424 127
1292 2428
590 -447
-1204 1640
2047 -1108
-1512 397
-1180 2225
-1646 -513
359 -347
-1314 -560
-1653 2367
-490 -1801
1222 1204
897 -1279
1352 2379
-101 1407
-113 -1645
1509 -212
686 954
1179 -883
-190 -1687
-2163 1415
1123 1801
-673 1991
1601 -1203
1441 1699
1727 2075
2436 1006
2214 1624
2039 1442
-2054 -111
2483 2170
-1354 1813
-978 -799
-1719 1561
-1304 2275
1614 -1545
-1088 -462
1660 500
1471 -2117
971 -122
-1700 2354
-2118 845
2036 996
811 1885
-1942 2345
-290 293
-774 1146
-1455 -927
878 -1069
1531 -2273
1112 -186
-1597 486
457 -1759
656 -2449
371 -566
1122 2181
1846 -9
-1370 -1117
-1422 407
-2205 393
-1207 -1684
1175 -1009
848 848
2118 392
113 1909
1632 1613
-1474 10
1544 2257
-1594 47
-1007 2076
-1201 -2397
-948 1107
632 2316
-2092 2325
1462 2466
-1463 550
1411 1144
-720 299
-767 292
-1931 -625
1022 2462
1294 -745
-714 1355
1483 -2255
1459 1062
2011 -1035
-40 475
58 430
78 -1485
879 1923
-2210 -2352
2269 838
1621 -2303
-2221 -1048
1290 -944
841 852
687 -720
-528 -153
-811 -568
-2382 -2233
-2055 1756
-445 976
2002 -2043
-2056 828
-373 -2158
-711 -2037
2160 1173
-2406 1153
1133 1310
-2078 -2168
-913 -2394
1451 38
1762 -358
2348 1309
1909 42
-558 1942
-1109 -994
2255 2117
-1248 -2287
1453 -351
1145 -530
-1931 1443
-2256 1773
-755 385
1383 -531
364 1965
1208 -1144
-443 -2080
1495 -107
570 2084
684 -1407
-1067 1894
2377 -625
-912 2244
1714 2362
1988 1929
-1416 -1404
-1805 1509
-1420 1685
1102 256
-1506 -2297
-1654 -1240
393 992
1783 -2095
2009 2164
-2278 -817
1247 718
-810 711
-875 -1345
1156 -2065
-1677 -2075
-2452 -2327
-1128 -1218
794 -880
-1859 -2086
454 398
-511 -240
2098 -511
2392 1538
1304 -1283
1830 2350
60 2493
1015 -832
-682 -1344
-669 -2351
1742 -403
1431 -1495
-2069 359
-926 554
-2496 1978
-856 -269
-1489 -309
-234 -991
-474 2038
1102 -2332
-1339 -1459
-1334 -673
2499 331
-479 1926
571 115
767 -791
-2403 -161
67 2238
1187 1725
-203 1258
2068 712
-390 2434
2163 -1161
1805 1103
-1888 -107
-72 -2222
-1163 417
-1568 427
837 1240
95 1606
-1265 1822
-1882 1518
1483 -1920
1423 -1512
1322 -2218
-161 1152
-1791 1293
167 2352
2001 -790
138 -2103
-1902 2370
-588 -697
-411 -1109
532 -1828
238 2042
-2190 1064
-2233 2301
-1434 -2363
975 1414
-892 1278
2235 1078
2092 753
-1281 -1277
-2378 -1903
1572 -2085
-2434 -2404
1899 1121
1101 -2215
1016 -2097
-610 -1771
-33 2144
-1348 293
-317 -2416
-1360 1273
-1503 1728
-2361 -1003
-2068 -767
700 -555
825 1947
-244 -1931
-2103 -856
-2382 1175
-225 -2142
-2325 2188
1390 -62
2218 -1348
-634 -915
-34 -458
696 -1838
2304 -1163
-2382 -938
-1804 327
-1033 -303
-541 314
-2202 49
1392 -786
-1772 1744
-1726 43
1739 -1649
-690 1467
-773 1418
-1942 344
90 338
2134 -1298
-1393 2198
298 -2290
595 1220
610 1448
147 776
1466 1262
1797 -340
1710 2025
-1933 -1939
1929 -54
744 -2338
1306 2387
1611 -645
-1955 -1214
-411 1367
1514 -2064
1432 -13
725 791
2175 -350
1621 -523
-515 -1094
35 2342
-2009 -1354
-2208 1802
425 -990
1610 1131
2086 1638
-2036 -1415
-1223 -768
1950 2006
833 -77
-377 -447
2304 -346
896 2283
-373 1534
-635 2152
-1612 2162
837 -633
-97 1029
-559 1152
1337 418
-1564 -238
-917 -346
-2307 892
-73 -836
950 -189
-1697 1594
-1435 1146
600 -877
422 -278
-959 -1822
-876 -1210
-1878 42
309 -1251
1021 -1827
242 -1254
1619 608
339 572
-13 -1410
-604 -1097
308 282
1656 -751
210 1618
-2272 -32
-667 -681
549 2269
-2124 -396
324 2463
-2498 -521
308 -1393
-2340 1195
-133 -678
-109 -775
2030 783
1155 -1920
88 -1216
-454 -1608
1398 1340
1991 -2077
1709 -1443
-1212 -1372
-244 245
-1252 428
-213 -1546
1847 2112
-984 1109
-1944 -341
-2364 -56
1825 2319
1213 263
1476 2000
-1233 2349
1202 1849
-256 -945
1029 430
-495 1625
1410 -1396
586 918
-524 1972
1216 -1061
-1818 -2187
-1915 1075
-2267 1489
2324 -2496
676 -1312
1052 -2064
-1973 1208
1533 2379
-1379 725
1283 1524
-2359 1615
-61 -815
-2053 927
-2248 534
-622 624
955 -1064
1677 -553
1048 824
1107 -844
-1769 2474
-972 2448
-1116 -555
-2001 -2472
-2030 -822
1983 2193
-340 -475
2301 -1700
-1646 922
-172 614
2459 -2390
1810 2455
-21 -1505
-1635 -1098
-2024 1268
-659 2094
2474 -1080
1816 1877
1187 1061
1863 -1007
-1246 -1600
1651 2172
-2161 2197
-862 -296
-458 1839
-2191 472
-1986 2465
-2031 -915
2138 1141
-927 -644
1366 -729
-549 391
-1434 744
586 -507
-199 -148
-2203 1335
-462 113
-2272 -1772
-354 22
645 1755
1928 -875
1853 1810
1650 -1988
1924 -208
-1335 -1433
-360 -1204
-1686 1234
-338 -299
1206 -796
-989 -1618
-620 80
2342 723
1066 -881
892 -1289
-2461 -957
-1317 -2363
-1987 283
2278 1394
-2371 1784
1922 -118
-1089 1569
2352 -209
-1102 -2039
1018 2429
2358 1651
-355 -207
1122 876
2333 -2246
550 1514
-530 -1839
1638 1336
1692 -417
1043 -2475
2136 -342
1574 -765
-2075 300
2350 2255
-1343 508
848 736
237 159
-1453 1553
1943 1959
-2268 144
-1941 -2313
-710 -2481
-2242 -1053
8 1744
-1808 1940
-2040 -1619
853 159
1068 -1742
404 -1503
1826 2470
-1902 1993
444 -1304
-1185 2325
-579 -263
1529 189
-374 -278
-2313 1938
1541 530
604 -836
178 836
1496 465
-1424 -2401
-881 288
2488 -12
390 538
-1956 -1503
-1471 1676
-334 2406
-1616 1141
-2436 1893
692 -1802
2414 1793
-2072 819
-352 2452
-770 1776
1929 -855
705 -2124
1010 258
19 -1772
-899 826
757 -525
320 1996
-2443 -1842
-404 -1273
2317 -2219
-445 2340
165 684
604 1553
960 -2476
401 254
-1698 18
1314 -2373
-2064 651
-1622 1162
1433 1156
398 735
-1222 -45
-1416 2203
242 2214
80 1900
-1408 -204
-1726 -977
2128 2171
-2426 1113
-2404 -1633
-2326 -1206
-738 -965
944 -600
1793 2091
1716 459
-338 -289
-2306 -2230
-95 -915
1615 -634
-1947 -917
625 906
-1114 -199
1465 -237
-523 2086
1781 -335
1694 -722
1284 -119
-97 -1221
1510 -2295
2120 1607
-821 528
-680 -1309
960 -1141
-2174 -1450
1553 -564
-940 1970
-2446 -1942
-1059 398
1548 -224
1329 1094
-764 -109
841 -1464
2123 -2404
187 -1842
-434 135
961 283
1461 -895
-528 -979
1921 1852
752 -2028
-368 14
-609 1830
2404 -1151
166 352
1670 413
-206 -1321
2211 625
-1738 761
-1479 -139
-667 425
1551 -885
-196 -2328
-1507 -1338
1021 955
-1606 -1199
-1035 -471
-1817 -2455
928 -1616
1591 -1945
2496 2017
-1978 -820
-2020 1978
-787 767
988 2154
-1127 1249
-873 -166
-920 -1391
-1944 -152
2364 2041
350 -1462
-127 489
-1396 -1185
-1115 752
262 2382
2304 2080
-1501 15
-1605 974
-740 868
1189 -559
-717 1985
511 2061
-1493 -478
453 2108
-2219 -1287
1522 -666
-799 305
-619 2231
1719 1958
2256 338
-1114 -860
-340 -2440
-1274 1162
1992 609
-2217 -708
-992 2401
2304 329
-170 -1364
-612 663
-1546 1852
-326 -2458
1192 1005
818 1253
1553 896
-2440 -1016
-1596 -78
-349 -1706
105 1202
-1675 644
487 1552
236 -2155
2156 -292
27 2062
-1353 -81
-1266 -2132
-638 -702
297 -2213
71 2281
2336 1039
1979 -1798
118 -1574
-981 -1768
-535 -170
1077 894
-106 -555
334 941
-1137 -2391
-1275 -380
1412 2095
1839 283
1881 815
-1758 1845
563 2132
-1741 -1225
-1582 -1559
-2203 247
1925 -1805
626 -2449
-1758 1351
1899 -1954
-2411 -1979
1325 834
712 234
1606 -1228
-1176 1867
1204 -1404
2121 2162
465 812
461 -1207
1443 -1636
1136 2060
-475 -1699
-903 -2308
-919 -1594
-898 1600
936 1186
2478 1231
1401 715
-1829 -726
973 -1426
-1303 2079
589 -1470
1519 1680
-506 657
39 2062
1335 -673
1122 2295
-834 833
-2379 1167
312 512
-177 229
-999 820
-849 -487
-2285 1247
705 -2238
-2011 -2119
-1539 1690
2259 137
-2009 1654
899 -545
1639 -874
2352 -283
-58 -470
-464 1807
906 2345
2326 -36
541 -1182
-1000 522
-1428 1304
-1066 -716
-2105 2051
-226 1898
-294 -1849
-480 -2333
-1374 -1471
-2344 612
-1622 -1901
-444 -2006
-1258 -1394
-137 214
-1420 279
-1552 -2322
-2301 -1853
1847 -715
2188 1727
-1196 -887
-1325 1897
620 2346
-2400 -1104
587 -1372
-730 800
1651 856
-1127 2338
-2170 -93
-1868 -477
-2376 853
1519 1468
1818 -913
-755 1717
-1390 113
2287 -2488
960 -27
1862 1787
-537 -1131
1560 -918
-1280 -891
339 -1832
1482 -557
-1769 992
2322 1620
-673 -599
1635 1378
-1838 -1776
1147 76
1086 521
-1088 -113
-1396 -1829
-15 -199
-2082 -1476
-1412 1693
2175 576
-1424 345
-1090 1921
1468 -1362
275 796
125 -905
1531 685
1397 574
2034 -1719
-2294 -812
-208 -936
593 442
1168 -1570
-1285 239
1950 60
-1396 550
-635 2199
-1153 1539
2024 1595
1939 441
1030 -867
-1786 -1282
578 608
-2319 -2100
557 664
-1430 1049
1533 -2371
605 933
-571 1900
1802 -2109
-2011 582
-345 -178
1805 1211
1123 -1077
1287 -2141
761 -440
-1552 -1672
-2378 -817
-1181 1892
-631 -731
84 -2195
1125 1074
2293 804
2171 1423
-2408 1013
529 1821
-512 1841
-1112 -36
-2399 1049
21 1075
-1326 1660
1112 -2373
-1606 1205
-1112 -378
1253 -286
1550 -910
2194 -1104
-1187 1404
-686 2254
-1816 -2262
1236 -1813
-1140 2321
1094 736
-832 158
1195 321
-447 496
-1387 -371
514 -1318
1876 -2111
-1268 -1021
-2071 -97
-140 -1448
1241 -483
-1882 -1902
-1207 730
861 -2440
172 -1741
752 902
1660 -1850
-956 2234
1548 -1956
743 1416
1311 713
1109 890
-1470 -1150
-2007 1648
-2432 -1588
1062 156
-1857 2492
1827 -423
-159 2354
-2346 -2218
-2459 2162
-1278 1556
-1494 -974
-1036 818
1546 126
512 -1130
2331 -916
1188 -480
1343 -785
811 -652
2461 2012
-92 -1487
424 7
-1477 1313
-327 -871
-1612 -1901
175 1853
-1353 -1739
-2074 -1292
-1258 -247
-1318 2119
1788 -994
-1589 -1730
-2029 1159
-2354 -688
67 -749
-394 265
2203 2362
-1480 1971
-1675 1779
68 -1289
-1321 865
206 1486
826 -1269
1961 519
1273 -245
1959 -1802
-114 663
-461 1562
1630 -801
1333 1475
-937 -1632
-1912 -1283
-827 -2124
-1695 634
-107 -365
62 436
-419 2186
-2082 -161
2297 -571
1408 -401
-2497 2328
77 1399
122 -1816
2286 -1342
574 547
1354 -1900
-545 -825
-2275 -1636
-1966 -1822
-99 1446
-1327 2167
-96 -2415
-1511 -729
853 -1007
387 1812
78 -2021
-2365 -77
840 118
1695 477
-623 -1450
-2025 -1387
1439 936
441 1490
-1046 1360
-1154 -854
-2288 179
1394 -8
1245 903
1292 -973
-825 -742
-2475 -152
313 921
-1397 2345
1827 842
-2198 1345
511 -1319
-458 -2483
1080 1647
-800 613
-1035 -2025
-2402 1436
1720 1283
1815 -2014
-1393 -1624
781 -2087
2265 351
2300 -1242
-248 -495
-2212 -572
2312 2141
2010 1042
-553 332
-2445 -2422
-2234 -1391
-2437 1693
-908 -201
549 -1223
37 -2492
-2279 2486
2062 1244
1295 -1964
1588 -1178
1777 28
-667 -552
-2022 -75
1433 -94
884 -902
2316 273
1141 2028
461 -38
-37 367
-1551 -796
-175 2496
-2315 757
-831 -270
1200 1277
-368 -502
-206 1724
51 -2333
-2434 1202
-1410 1686
-2385 -1162
-2147 -1621
2212 -1345
-2194 -8
-660 -2088
-2392 -363
-1180 51
248 2317
1648 -782
-2010 546
319 -704
2193 -1002
1072 1555
-1945 701
1043 1278
-1868 -1931
-774 192
-1667 413
1 -1845
1202 703
1762 -715
-1077 -2001
793 -351
2440 -1610
2169 707
-1468 1302
-122 -66
-1603 -321
-2234 2420
-378 1940
1199 -166
-2080 585
1512 761
1101 1952
1409 -624
171 -1012
-486 2323
1229 -1177
1153 1958
2155 -424
286 2303
-342 1087
-805 -2329
322 2224
-1782 2465
-1202 -2023
2325 -499
2043 -2169
-240 -1882
920 -2210
337 2486
-988 1976
2276 -253
-1316 984
1515 2057
872 -2013
1633 1196
-2007 166
402 -906
-1378 2211
887 -2448
-1605 437
831 473
-1417 630
-1293 2100
2403 -171
-1552 122
-987 2089
2371 -1958
1457 745
-1788 1839
-2362 -231
1478 1810
2421 -337
-1356 1420
-335 -1293
-299 1184
-195 -1501
760 1840
2071 -1538
-1774 -2441
140 2401
975 1527
1227 1252
732 -1975
1178 -120
-1565 1981
2153 2142
1022 -836
-166 -2495
-1477 2269
-1051 -887
656 689
-940 -2370
547 -833
2216 2107
231 -1664
73 -1167
-1181 -2048
509 1373
-859 1636
-2390 55
-2381 144
-880 1683
-60 -1514
2124 620
1805 682
747 272
-312 -363
-863 -396
1038 -1676
-1139 -2428
1857 -2487
2110 -739
1851 -705
781 1064
-1297 -3
1582 -1532
-1917 436
-1173 -1136
173 1081
-561 -1623
1370 -608
-980 814
1760 1521
-1477 -1245
-254 580
-1800 1237
-131 -1105
-994 -297
-1493 2001
1571 -1382
-412 -2292
-810 -289
-1086 -883
-1006 -1168
980 1442
-332 2267
1409 -1656
-445 -251
1240 -312
1019 -523
1365 -1070
248 1282
1334 -248
1476 2371
1594 -1788
787 1226
2004 -1599
2211 -1083
2108 1555
-2140 -1545
223 614
-802 1868
-1125 -532
-1616 1319
-1511 -1492
1808 -18
-458 670
-2443 334
548 -190
-421 2246
385 1149
-1256 462
-1565 1543
-197 1130
-42 442
-1475 -397
1915 809
-93 2015
1182 -2305
1428 1105
-2273 805
-245 2303
-127 1246
172 -613
2192 1482
323 -113
-1071 1772
-1556 -1006
2113 487
1430 1940
-1313 243
-458 -1316
15 1272
2413 1257
160 -1767
405 -1638
1135 1537
968 -1444
-820 -675
1861 -2041
760 1373
1558 499
632 1666
2107 -1435
1760 1772
1054 -640
-1661 -2088
1754 2427
-1532 392
568 1542
2251 82
-20 -375
-779 -2285
-1380 -1567
1015 -1870
-2426 503
1224 -1999
2078 -739
-913 2192
-1054 -785
-2435 677
-2436 1951
-1081 -160
1393 -71
-2498 -931
2209 -837
-39 812
1168 -1442
2409 -415
-1010 -2035
2432 -1971
2150 -925
955 796
-1991 -2121
134 -121
-806 -244
-1591 -1976
1461 -1783
-2224 73
-587 926
1173 325
1151 1947
-444 -2426
992 2048
-1085 -1948
-1216 -473
1987 359
304 2232
-2109 343
418 2411
206 -1932
-613 -507
358 -1777
-2203 2216
-1755 -233
2078 342
1156 174
437 -2296
19 -625
-1618 -2436
-1164 -1638
-1306 -1911
-987 -2482
-2177 208
-45 -138
-802 2339
887 -184
-1113 1197
1390 -1419
354 455
-470 -2109
-2183 -929
1790 -268
1832 -1090
-1753 602
1328 1739
-480 22
-1796 -1278
-878 -709
-962 1313
725 -2047
-1824 874
-253 2031
-2335 335
2372 -147
2083 12
-2154 -1808
298 1005
1373 -1422
1575 -1344
498 789
288 235
2164 -2017
1651 356
975 435
545 -397
1354 -2418
1497 1533
2410 875
326 535
-703 -1961
1787 -2080
-1195 2398
-2215 1336
-295 -623
2373 -2159
98 635
-2163 -1166
-322 58
536 783
-703 -482
1166 -1219
-1260 1325
1242 955
887 -1593
1392 317
1760 2439
2054 1788
1053 -318
-1289 1079
1880 -1263
1646 -1393
1386 -719
-430 782
779 611
2083 -2091
-872 -1012
-1833 2370
-64 -2146
1298 -2035
-1852 474
1822 1061
-2301 -41
-1556 1696
1159 2358
-1465 -2135
-1664 -673
1028 -958
-86 -2179
1257 399
363 473
-954 2261
1347 1522
-282 117
-2169 -326
2483 -1107
-1060 866
1799 1234
-636 651
-80 -1687
-247 -2143
-2175 -2030
1139 -1762
2112 -887
-1100 -915
2251 -2080
1099 -1875
768 744
-568 -2400
-1383 656
-1938 2117
-1086 -857
1874 1703
-247 1862
558 -471
537 2278
-1091 1916
1597 -390
1540 1601
-1551 -2136
1926 -1352
130 593
1293 2117
501 1645
2467 -662
2250 417
2185 -1420
632 1007
-2253 87
-2359 -1743
115 -392
2377 -163
789 -1947
-84 2472
-1242 450
-1209 1855
1893 2108
1611 32
-1011 -239
-1048 885
-586 572
-1186 -1209
2096 2010
2479 -2259
-892 990
2474 -2017
1631 1214
-272 -286
