595 403
-548 156
395 -444
87 -51
492 -131
68 494
-598 222
-68 195
-522 318
510 -137
316 -565
-395 233
-245 -53
-568 48
176 518
-427 -532
87 -75
-207 319
-16 54
-409 -40
-348 373
508 -505
-591 244
-468 -295
151 427
-199 47
-464 138
-175 -50
-561 -583
527 555
-182 83
337 -202
122 46
-290 246
-289 50
456 -372
-586 405
-85 134
149 384
-209 346
-98 284
123 -69
336 -553
454 215
-302 -379
-453 -208
6 -305
174 -324
-159 -428
191 -497
-359 449
543 -297
5 229
275 -33
-207 322
-112 -74
-582 61
-325 172
-206 136
465 -575
-211 106
496 -57
4 -89
66 -144
200 -590
574 -185
83 551
-471 23
554 -287
-424 553
436 -377
425 124
484 507
507 272
-84 -376
-125 -592
178 -560
528 -569
-68 -445
489 65
207 191
39 302
251 -388
-161 495
181 227
559 -209
-353 -38
-361 -240
-45 -482
575 -41
460 64
-374 562
194 -355
50 -228
-342 494
158 -403
-569 195
598 221
-376 -104
-520 -33
-598 -361
-597 108
290 464
-509 329
-380 -196
472 -327
443 -425
568 -319
-435 151
-56 -454
381 -479
-111 -583
-373 -440
-409 -397
-396 438
-434 201
-578 -396
-126 198
272 538
83 -134
-414 64
-319 166
-54 522
339 69
272 442
281 -546
523 -264
-452 -238
-533 8
470 184
-518 -499
147 560
537 -35
203 215
570 599
363 287
343 -347
302 -19
-168 149
136 384
302 594
545 487
303 -568
105 442
355 68
-95 -539
-105 -273
-56 172
-365 -557
-547 100
372 -490
317 -552
343 -50
312 441
550 -532
-195 550
-311 -276
141 -12
-567 472
-2 244
558 191
356 -588
585 399
-33 414
-17 237
577 588
-291 -491
-111 288
-132 31
291 145
54 471
408 -410
-338 -467
417 11
-104 179
171 228
420 -229
186 -52
-333 -396
256 485
-265 -283
597 -274
-11 -554
567 -110
405 -159
-328 550
406 48
-82 -253
-302 -245
-220 397
-562 313
-157 132
-511 463
-364 -155
377 277
505 484
-71 414
257 478
38 309
110 421
-477 54
479 -139
287 -221
-17 117
-332 -102
-91 522
-250 -446
-247 -129
-58 210
-75 383
147 -226
-207 -14
-421 -76
-395 -546
-363 266
-467 -5
436 -143
575 418
-186 449
-185 172
-117 89
277 172
553 -517
-280 138
-494 -442
238 -309
353 113
206 510
-520 292
-156 -92
-254 -412
-383 -587
289 -193
395 -406
-359 458
-34 -16
243 -176
169 -496
-13 69
92 -289
281 -130
-173 574
-416 549
-18 -85
301 -278
-489 -140
-551 -114
117 -376
321 208
395 167
378 523
406 -446
-310 -597
-209 502
90 250
-92 243
-133 -541
385 -535
396 15
121 252
-210 152
539 -291
389 40
467 -533
-457 -215
-10 -571
-100 287
108 -364
-455 484
490 358
593 12
142 575
-424 -402
357 -348
-417 -109
531 359
-142 -430
225 544
-495 -358
-423 -270
-494 -560
395 154
550 28
518 465
-33 -272
479 -483
196 375
68 -269
-230 41
321 -375
320 -146
47 -473
-405 191
295 363
56 309
-459 295
-219 335
573 303
-139 266
-257 -415
294 -465
441 448
560 73
-93 214
272 -350
279 -290
-554 42
365 278
554 166
-527 179
174 138
44 -1
-270 -141
-530 -195
-443 469
223 -431
-300 -103
-144 -483
-210 -260
180 -376
-102 -295
-344 -591
202 -92
-530 -552
359 -34
-457 -361
-314 419
265 367
572 -110
-243 444
470 461
-80 449
527 140
-392 -468
-580 385
171 536
-130 329
-16 -161
110 -226
-237 -51
-207 -517
-276 135
53 -518
-121 84
570 -222
-123 55
146 -269
584 -352
-47 -226
111 -177
-299 -213
274 325
349 -387
-501 471
-478 294
-306 60
-595 222
-270 -176
-188 17
359 534
87 402
-417 205
360 -562
-453 591
-78 -375
-275 -204
-16 -38
-150 447
-345 222
32 -229
-317 -189
89 -203
2 -598
-462 -270
-99 -81
592 -349
-224 152
-219 -212
522 -81
-210 48
-596 -305
-536 402
-593 559
178 454
-217 -468
-199 -271
-103 410
-15 383
-146 -59
-540 568
-297 207
-31 474
237 -411
270 -293
-209 -302
-72 -250
138 -302
-379 -101
278 -265
515 -511
237 433
-302 -91
-219 -119
-54 438
580 357
499 -144
575 70
596 -400
-396 418
189 -531
-519 -407
89 315
-517 -93
284 -486
-230 136
447 483
546 -334
286 182
-574 -430
-294 -358
162 567
230 121
93 590
202 -71
-191 -37
-50 69
-222 -77
-304 282
359 -100
-248 -193
-112 -410
141 271
-508 425
293 168
-135 542
-307 316
-570 -427
-244 -576
-223 376
-264 -280
-41 327
-113 -14
346 411
336 229
-92 2
446 -260
-225 73
-295 375
-576 95
196 171
220 38
455 -295
463 -541
173 164
-71 -100
473 -60
-391 -126
396 -142
41 403
553 2
25 -564
-462 -369
283 207
36 118
91 -143
119 17
-19 229
-2 539
493 91
550 199
-423 125
224 -84
-69 586
-23 283
515 562
518 -155
223 -441
253 -373
468 33
379 -379
-37 215
421 598
345 475
-195 326
497 111
-216 -144
297 241
-567 485
392 144
-427 -91
536 84
-188 -583
370 213
-498 -337
367 96
-217 -499
248 418
191 -293
-103 -515
369 115
-303 -575
-31 -359
-436 497
384 250
528 -107
14 -192
188 202
300 -473
139 -26
-217 -275
493 -368
43 -323
-377 572
-360 174
154 167
-568 381
-43 -396
465 -539
-30 529
-490 522
-389 -90
-235 -220
591 -403
-277 558
-38 282
-192 415
410 -162
574 -329
48 470
386 313
-561 398
95 -405
-319 -221
-533 531
-425 399
385 -220
224 375
150 -266
306 -303
-38 -9
-132 305
-181 218
28 267
-451 404
-298 -97
56 252
229 -331
65 302
15 33
-535 393
534 -477
-554 415
139 -350
117 177
448 -503
24 -169
-160 468
-1 259
-17 310
156 305
590 482
373 177
27 46
376 -98
541 299
-184 225
37 -497
-421 190
84 -169
-338 -591
495 254
128 -63
456 308
393 -228
-75 -231
361 104
-317 565
-56 67
516 234
18 -283
75 -446
409 455
-459 63
36 -416
-179 -566
-23 599
398 -294
71 42
247 214
-70 258
-500 -256
-243 -459
-475 67
555 -262
219 -473
469 -23
167 108
-364 278
-96 81
-162 -159
