11 43
-20 12
14 -32
-48 21
-31 -38
27 -10
38 28
-12 -27
-43 21
34 -6
26 -23
-23 35
-9 -12
43 15
11 2
-12 34
16 10
-28 9
-24 -9
-14 47
-24 -32
-38 -14
-47 34
-10 35
4 4
36 -6
5 11
-9 -24
-28 -5
22 15
17 8
-25 6
42 45
26 41
-32 -24
-14 10
13 10
-19 14
-18 36
5 -24
-44 -14
-17 -35
-30 3
-49 30
-38 7
4 -36
7 -33
12 39
0 -17
-48 -32
14 46
-17 -6
-4 -3
-27 45
29 39
41 45
-3 1
-22 -9
0 -2
13 -32
23 -14
7 -26
22 11
1 31
-21 45
-47 -13
15 0
-38 46
-37 39
18 -27
-5 13
-18 -14
-45 -12
-1 -35
-6 13
-32 8
23 41
-20 -48
-44 -13
-35 -45
-7 43
10 -39
-36 -9
-44 -49
-31 39
3 29
17 -43
10 -23
5 34
30 -16
-47 -4
-8 -31
-22 -10
-30 -34
-35 -27
34 -34
-34 -4
-18 -22
-8 45
-42 17
-14 -12
38 22
-42 -4
-41 15
19 -24
29 -33
-19 -10
25 12
25 4
16 49
9 46
-43 -47
30 -23
15 22
37 3
-44 11
42 -6
18 -5
-7 1
-29 18
24 -4
3 -1
21 39
-24 37
23 17
-31 27
16 -40
23 -5
-41 -8
6 -6
38 -25
2 -10
-16 40
4 8
41 36
0 49
-3 -33
26 -7
12 18
38 -17
-28 33
22 -43
-37 49
31 49
9 -29
-32 22
-49 29
2 -20
46 -39
22 -36
18 21
33 -31
-25 8
-27 -11
-35 -22
-49 -41
-46 -33
-8 8
-11 -30
-35 -25
11 -9
25 34
-9 16
21 -31
-19 43
-4 24
1 27
30 12
3 -30
-22 -31
-32 16
-29 14
13 10
-1 -39
36 42
2 -37
-34 26
45 27
7 -8
32 32
-26 -38
-1 -8
37 1
-4 -4
-4 43
25 -1
25 -9
-26 9
-49 29
-8 28
13 46
49 3
-30 22
-18 -21
-28 -11
-28 -27
15 22
38 -19
-36 6
-25 33
22 -3
-44 -3
7 33
-18 30
38 -28
-15 8
-24 20
-3 -18
-26 -15
45 -28
-4 2
33 -7
-21 -49
-43 35
-42 -11
-28 2
32 32
3 27
30 7
14 23
-21 12
27 -48
41 -3
0 -18
-43 8
8 -45
-20 7
-17 -8
31 -8
-42 -32
15 -22
-2 9
-13 -22
-44 18
-32 -20
-34 46
-38 22
-4 -32
32 -47
-10 32
30 27
20 18
-25 -11
-9 -14
-33 35
-33 13
46 0
39 -1
29 -13
40 0
-26 19
1 -40
-25 -46
7 43
28 1
6 -24
-31 -20
-35 4
-19 8
1 -44
-33 -24
5 23
1 26
-48 -24
-25 -19
34 -19
47 31
-9 29
14 -40
-32 -3
-37 -9
-47 45
-45 7
22 31
-35 -3
21 13
-18 -13
1 -25
21 42
-19 -39
22 6
1 28
9 -3
-45 -35
38 34
29 43
26 38
-21 -9
-35 -16
-20 -48
1 -41
30 1
43 24
10 2
9 37
6 -33
0 22
-46 0
5 -45
41 -28
36 -19
-6 6
12 -12
-11 13
-32 -47
41 33
42 15
21 12
-1 -40
-21 -35
37 29
18 -1
23 5
30 -22
43 1
31 41
24 -2
18 28
-25 -9
-24 31
-45 9
-10 -36
13 -29
-33 36
-36 26
15 31
-37 5
0 -15
-2 -12
17 33
44 15
-41 -46
-31 1
-33 29
13 13
-25 -32
-9 -10
47 -23
27 -8
1 27
14 5
1 -10
-18 -7
-39 22
18 17
-20 30
24 8
-33 12
30 -37
-30 -23
-8 -32
-49 -32
-7 -1
-16 15
31 24
44 4
-7 24
17 -14
7 -47
-27 -36
23 42
18 35
3 -1
-20 5
39 -27
19 -17
-31 -30
2 35
31 -46
30 6
-26 38
29 -30
39 -11
-2 -17
-37 0
41 8
-48 20
-37 -40
31 15
10 -13
-11 38
-11 33
-35 17
-5 1
-35 -39
38 -35
-2 -21
-24 -47
-44 32
9 48
10 46
7 37
35 -48
-27 30
-49 21
-20 -19
-42 -5
-33 33
45 4
18 9
-19 7
42 27
-39 -39
-28 -13
-14 2
-40 -32
0 -27
-41 -38
19 44
-15 -16
-31 -36
-27 22
-42 45
32 -19
38 44
-29 32
-17 -9
-36 6
-24 -16
-9 -4
24 -46
20 -21
42 14
-21 1
-6 -7
-38 -22
-28 49
12 13
3 32
42 -33
-34 32
-35 11
-7 -42
33 -29
-17 -36
31 25
-42 -15
-12 30
13 -4
15 -13
-37 -7
-11 40
-48 48
-38 0
10 25
49 -1
8 23
-39 22
-25 -15
40 45
39 2
-21 -18
11 -11
-43 -25
-26 -42
-19 -16
38 -27
-24 33
-37 14
48 -10
18 34
44 -49
-4 42
21 -38
-11 -32
0 -46
42 -28
-7 2
46 32
28 -23
19 39
-37 47
-47 -44
-3 47
2 38
22 -22
31 -42
21 32
12 15
0 -37
-29 -48
-39 -40
-32 26
25 -42
-42 -40
40 44
-39 -32
-21 2
-4 42
-48 19
17 25
21 10
-3 42
-28 -2
40 23
42 38
35 -26
18 -44
39 43
-43 -36
15 19
17 2
16 -26
37 37
-14 24
46 -27
35 -8
-18 -34
-3 -21
0 -41
17 -14
23 38
0 34
-29 -35
27 -14
-40 36
21 20
-46 -33
41 42
43 40
-44 14
12 -12
20 -8
-39 -40
-26 12
-33 38
28 -31
2 48
44 1
-11 -27
-39 -13
-12 -45
-4 9
17 -39
-24 -21
6 43
-28 10
34 -5
-47 -32
-13 -14
-26 -7
-46 48
13 14
4 -4
-20 23
11 -18
-27 -32
-10 -38
-22 -25
-23 -45
20 2
-5 5
-30 -23
14 -13
37 27
38 -33
18 28
-42 -19
7 0
32 -6
-42 -16
-25 -9
-28 -27
48 -18
-28 -25
-40 22
34 -32
2 10
24 -42
-42 -29
31 44
45 41
6 -9
3 36
1 18
-5 3
0 -30
-45 1
29 34
44 -28
-3 -9
27 30
-36 5
41 -3
38 8
-19 26
4 -20
9 -27
26 17
-6 -25
30 -16
-36 28
41 -28
44 48
5 -42
44 -16
-23 6
-14 47
-14 -2
-32 8
-44 -41
49 4
16 36
-34 -19
11 -35
-34 -14
-14 -37
-38 24
21 3
-49 -47
-12 36
15 -32
44 14
6 -17
-11 -37
20 -28
4 -4
41 42
22 35
48 0
5 -34
-9 -14
-48 35
-35 37
-25 -48
13 3
-41 -9
-37 -9
-19 39
-11 44
-32 -14
-4 -1
-38 -26
27 8
7 9
0 -36
-37 24
-10 49
-33 -24
37 -24
-34 48
-37 -37
-7 27
-4 -20
-32 -6
32 32
-47 -47
39 10
42 48
-16 -33
40 38
-6 11
-32 33
-27 -47
12 -47
-12 -8
39 -34
-18 -3
-26 33
12 -5
-19 -43
49 41
-45 27
-31 -3
15 40
27 -29
-44 -7
-16 24
-16 12
5 44
25 -32
-48 0
0 38
10 27
36 -17
20 26
-12 -19
-12 4
45 39
15 -17
45 14
-19 -15
-44 10
-15 -18
22 -26
5 -46
33 12
0 16
13 17
-27 19
37 -22
-31 14
-7 13
-15 49
-49 9
0 41
-43 -4
48 21
47 -2
-27 42
41 17
-44 7
20 45
-25 23
33 33
12 -24
46 11
11 -8
-12 -41
-47 -11
-19 -12
19 11
22 -3
39 11
-4 -42
7 -41
-33 43
45 -20
8 2
37 -41
-40 0
-19 -22
-33 -44
5 -42
41 49
-22 27
-24 26
-24 -43
-16 -14
-9 -3
1 34
-11 3
34 -6
41 -32
-24 26
-38 29
6 32
22 33
-23 -25
12 -23
7 -45
-46 4
-16 -24
11 39
-15 -34
38 47
13 -4
30 32
-28 20
-24 -10
-11 25
32 -46
16 0
6 -39
0 -39
46 -8
-46 5
29 49
-42 -2
-8 22
43 -14
-2 5
-46 25
-39 -33
-17 -25
-37 9
-30 -44
-13 20
-20 -8
-28 -8
-2 0
33 -23
29 -49
-1 -28
-17 14
-14 -3
37 -22
-27 -49
-22 -42
48 0
-22 23
44 -15
-21 22
-37 -14
-9 19
-1 2
-10 -41
-1 4
43 36
-7 -30
24 -22
-1 33
22 14
-5 -4
-47 19
-42 31
18 -10
-43 39
28 20
-11 -18
24 38
10 -30
-8 -3
-13 42
-25 5
18 -30
4 -39
7 -37
-29 -7
-15 0
-36 13
20 26
-15 20
14 -33
23 -16
-13 -41
42 -7
-4 -49
-8 6
-6 -25
6 31
11 -13
-4 -20
39 -29
36 48
34 16
46 13
40 0
-21 -23
39 49
17 -31
7 49
16 -10
-48 -15
36 -25
34 45
-12 -33
11 7
-44 35
-41 34
48 -15
18 -40
41 -11
14 20
40 49
-6 9
4 -35
-11 -41
-16 -3
-36 28
-45 -31
31 32
11 26
-30 10
-31 -13
-7 -34
21 38
31 -9
-24 -40
-9 47
-3 1
48 -15
27 20
32 -22
22 -35
2 10
0 -45
24 42
31 -13
-23 -9
22 37
-27 -8
1 -40
47 46
-31 -29
41 -11
31 32
-19 23
21 4
17 22
-38 -28
41 6
14 29
16 29
-11 18
20 29
11 -35
8 -38
25 25
5 -27
-37 -10
-37 -16
-14 -28
-18 10
-30 -13
31 0
-3 0
13 -49
29 -11
31 43
-24 38
-39 -20
-43 -43
-20 -36
16 -26
22 -3
-19 34
2 9
-24 -8
5 16
-7 41
26 -1
-45 31
-23 -37
-20 9
4 1
19 -12
37 -27
-43 -15
-43 -14
-3 -41
25 18
3 23
14 18
38 -47
34 -27
-37 -16
2 0
-35 -30
17 0
46 -28
-2 -21
-10 33
-3 -37
-35 -4
44 -10
27 42
12 28
-18 -48
27 -6
10 -35
-30 -33
38 22
14 18
-39 -13
-30 48
26 -15
36 35
32 2
48 -20
-13 32
-42 12
-22 3
42 -49
-41 -11
-46 32
13 -18
47 -31
27 47
6 -29
15 -3
-34 12
28 -39
-25 -41
30 32
44 19
3 -21
9 -7
6 -34
41 9
33 8
12 -45
-13 18
-14 -18
-25 28
-32 -42
-13 -48
10 -42
-13 -4
-16 34
-12 47
-19 -40
26 27
33 24
-9 -34
38 23
39 34
-21 36
25 -12
43 11
-26 -46
13 -13
-2 -32
-24 -38
7 -12
-36 45
34 -34
29 -13
-32 -25
31 36
-46 33
29 22
48 21
-35 -31
-43 -30
19 -30
3 -18
-2 3
40 -32
24 -9
38 -29
-13 -13
-31 27
-5 -34
37 39
39 -12
35 3
-39 -10
5 49
16 40
34 1
-34 -6
-7 27
39 -35
3 -44
-36 12
-40 -21
-44 14
8 47
-11 20
-21 6
26 0
-13 49
38 29
-20 -45
41 45
-36 -5
30 0
3 -35
-15 20
23 13
9 18
1 34
-3 21
-22 -7
34 -48
3 -2
11 6
-25 43
-33 -37
-49 -25
-37 19
41 -25
23 -46
47 -37
-12 33
-36 24
-7 -15
-9 -35
-29 24
18 -11
3 -33
-21 -32
8 33
32 40
5 40
10 29
-9 -8
35 48
10 -28
20 37
17 15
17 22
-23 48
18 30
14 -10
21 47
-40 45
20 15
1 -3
22 -7
-39 -12
-4 18
26 -23
-24 -5
28 43
-34 37
-8 -4
34 -43
8 17
33 0
1 -23
-14 17
47 24
21 40
30 33
22 -22
-10 -25
43 48
-9 -24
-24 -19
27 -19
-41 49
33 4
-23 0
-8 -6
-42 29
34 13
3 -30
-9 10
-4 0
21 49
43 -38
39 2
-24 -21
-32 12
-16 0
38 -7
23 29
-46 -5
-7 -40
-16 35
32 -20
-47 -13
-31 -8
24 12
-40 11
23 0
-26 -13
8 29
-2 2
-8 -7
48 47
-36 -18
-31 -40
-41 -24
20 34
16 33
-10 -49
-20 -34
12 24
47 9
26 -32
-16 -5
35 -25
28 5
36 47
38 -13
23 -1
-4 -28
45 29
-15 -18
19 -16
-47 17
39 49
-20 46
-39 12
6 31
36 -15
39 12
-13 -32
-20 45
-9 -4
-42 34
-22 33
-43 -45
41 45
-49 -40
20 21
47 -16
-8 -25
49 24
18 -18
-7 -24
0 -35
39 -32
24 -14
23 20
18 38
22 -13
-46 -23
-32 -36
-12 -39
46 -19
1 42
-41 -45
0 28
32 -9
-20 45
-21 36
-20 -2
-9 -19
33 9
-35 -27
36 -48
5 -48
29 -39
40 -27
-1 28
36 -11
-5 -31
-41 -43
28 -40
-44 49
-41 30
-32 -26
-18 -24
22 -21
-49 -5
33 -37
-46 -6
-20 -8
23 20
-9 21
32 -10
-7 -47
10 21
-8 24
46 20
-6 -35
-47 32
-23 -5
-11 39
-10 24
-49 3
2 33
29 34
44 18
8 7
-14 -34
-20 -22
-45 -32
-6 18
39 33
47 -41
-39 35
26 -5
37 -33
2 45
-13 -29
-33 -34
18 4
-48 3
-19 38
-35 31
6 43
-24 48
8 -38
0 -1
26 -47
-10 29
20 -13
17 8
28 -44
23 -36
-6 32
25 -37
-39 -10
42 -34
20 1
45 26
42 -14
36 36
-3 38
-2 -36
38 25
-32 31
26 -10
-29 46
29 -15
-48 -6
47 -6
19 37
31 40
-8 20
-46 -10
-20 40
5 29
21 42
-49 41
-3 -42
-30 -22
5 -24
-14 12
1 14
-1 19
2 7
38 29
-9 33
-35 10
10 33
-47 22
-10 -45
-23 -25
21 31
45 44
1 -41
1 40
-28 -35
46 -11
-24 28
-23 -16
-31 24
25 -37
48 45
-40 -46
14 -22
20 -7
36 21
-32 -47
-29 -26
-11 -37
-13 4
-6 15
28 13
15 9
20 20
19 -6
-14 0
-13 39
11 14
44 35
26 15
-24 24
-3 32
14 27
-18 -9
18 -4
5 39
14 48
-4 -16
-7 48
-41 -36
-48 18
34 -49
-16 29
-28 31
-37 -19
11 -1
40 -45
-46 9
-1 21
9 49
45 -8
10 -16
-18 32
44 44
35 9
-33 29
42 -31
-32 -10
-38 -45
-18 -28
-21 38
28 -9
-18 41
23 20
-18 -39
42 -42
5 36
10 35
40 46
18 -31
-49 -9
-41 -31
14 4
-43 3
-33 42
-23 -39
16 -22
15 19
47 0
-3 18
-22 -49
5 3
41 -33
48 -8
-36 1
-24 34
4 -14
-2 6
-28 -23
-30 46
-7 0
7 -48
23 -1
-8 -46
-41 -43
15 11
41 -25
6 7
12 10
4 -8
-33 27
-44 -26
-35 2
26 -21
-49 -17
-32 -47
47 19
12 39
-48 -15
-8 1
-4 37
-35 -48
-8 18
-7 8
26 -46
19 -6
-36 -25
-24 26
-38 11
29 -18
6 -41
30 -12
-47 0
3 -1
-31 -38
19 35
33 -26
-1 49
42 20
39 -34
-1 24
-45 -26
37 43
46 37
-22 11
15 -46
10 -12
8 14
-38 5
-17 32
-5 -4
28 46
-8 32
-17 19
-19 40
-35 -6
30 16
-36 41
35 42
18 -38
-37 29
26 -24
-16 34
-5 -11
2 38
-19 -29
-35 6
32 14
9 -18
-30 43
-49 -33
-39 17
20 17
-2 -6
0 -31
46 5
-31 41
-26 0
-49 10
24 -23
-47 43
27 -28
8 16
29 12
46 -34
-7 -40
-25 31
-36 -42
-4 -16
35 -15
5 7
-11 -10
20 16
-7 8
16 -39
3 0
27 32
37 -43
-30 11
-37 31
10 18
-13 -17
-5 -34
35 29
-30 21
31 21
42 -29
18 36
-2 -13
31 -15
-24 -31
-46 8
8 38
25 -23
33 38
-1 29
8 -2
39 42
37 -31
-23 -14
23 9
-2 -10
9 43
-26 -14
-49 45
-41 20
35 2
-11 -34
-20 -7
-49 -11
-7 19
37 10
19 37
-40 -46
7 13
-35 -37
16 32
3 -1
37 -29
20 27
41 -30
-4 47
-23 -32
15 -22
5 24
-24 -28
27 -1
38 17
2 40
-28 0
3 -36
16 -32
12 46
6 -45
39 -38
-47 -31
5 -41
-22 -15
28 -2
-42 31
19 -8
-35 -41
25 4
-20 -31
17 -24
41 -44
-37 24
-24 -14
46 -28
2 -41
-19 15
2 20
40 12
37 20
-24 -33
5 -34
47 28
-7 -2
8 48
35 -1
-22 20
20 27
23 21
21 9
-1 3
6 25
-21 -19
-10 12
20 25
13 19
-16 21
-9 -33
-46 25
-12 34
-5 35
-12 36
27 13
18 15
20 -9
12 -4
5 -45
-47 36
28 34
-12 28
34 2
-15 44
-40 46
-15 -16
6 33
-4 28
-10 16
-48 11
42 42
-1 10
0 9
42 -49
-5 16
20 8
47 -12
19 -32
49 12
29 14
26 -49
26 -21
-20 -14
-27 -22
-9 44
35 -28
-44 47
0 3
-36 45
29 30
37 -47
-4 -9
47 13
-27 39
2 -47
11 -19
29 -24
-32 -11
-35 -47
-2 -11
27 -23
17 34
7 -42
-13 33
32 25
30 -19
35 11
38 -10
37 6
44 -30
10 48
-16 33
-35 34
-46 27
23 18
15 -44
17 -12
-44 -29
25 48
12 48
40 38
-24 -15
26 -36
-8 13
43 -43
11 42
10 -27
27 27
33 -27
15 -1
-47 -15
0 -31
-42 13
18 -6
24 26
25 0
-47 -42
32 -47
14 -28
7 48
-41 -38
20 -39
22 -9
12 39
23 -46
3 42
-18 -6
45 -43
28 17
36 -7
28 35
-15 -44
4 -8
-8 24
34 -25
0 -48
12 -49
8 35
41 31
-25 40
10 -27
27 5
-9 -14
-19 37
35 -13
-10 -20
28 -10
7 43
-28 -46
-21 2
25 3
26 -23
-24 44
47 0
47 -13
29 6
-8 -9
38 36
-41 -28
11 10
-32 43
8 -32
-45 33
42 18
-43 -31
-4 6
46 25
-19 17
-24 32
10 47
46 24
8 41
33 -4
27 -1
31 35
-17 -39
-19 -4
5 -32
-20 25
-34 49
14 -13
-24 -40
3 1
33 -14
49 -19
-35 -12
31 44
11 35
-41 -7
45 22
14 -35
-25 0
11 -1
34 17
41 44
-1 38
-15 41
-21 -9
8 -20
-26 4
18 -43
-6 46
-22 38
-3 38
45 10
-41 -30
-1 -2
9 17
12 -49
-32 28
0 23
-37 -37
-35 17
-5 -32
-36 10
-3 32
-20 -8
36 -30
45 -3
-13 -31
-42 41
21 29
-1 6
0 -23
10 7
3 -33
7 10
42 38
1 -45
-10 -45
-32 -14
-2 8
37 -43
-41 -36
32 17
4 39
2 0
-26 36
27 -8
11 13
-5 29
-1 46
16 46
-13 11
5 -33
-37 -6
46 0
5 28
43 -33
45 -40
24 -36
31 10
3 12
-30 17
-9 15
49 -21
25 47
20 -38
-1 -20
29 -23
-7 -7
31 12
14 43
35 38
-23 13
17 0
-6 27
-8 -31
13 25
23 -43
6 -47
-20 -3
-28 -47
31 33
2 -5
37 15
-45 -28
-47 -47
-47 17
-37 -41
35 19
-19 -44
8 25
-42 34
35 45
-13 -6
48 -36
-35 45
-28 18
-6 -14
25 -27
-22 -33
48 41
49 29
21 -27
29 30
-32 19
-13 -45
-29 23
-7 -16
-16 -3
47 40
18 1
32 -26
16 41
0 46
17 -26
17 9
12 -39
-21 13
-11 -31
-28 -7
11 -36
32 -46
-15 -20
1 7
-43 8
-44 27
39 37
-35 31
-38 8
29 -27
5 46
48 -11
9 -41
18 36
-12 -26
-29 -29
-26 48
-24 22
38 14
18 -13
49 30
-31 -29
-22 9
11 28
-37 -11
30 1
46 -38
26 49
-3 11
-21 22
2 -30
29 6
25 -28
-21 -39
25 10
17 0
-25 -35
32 -33
-13 5
33 23
38 -46
21 25
2 -35
48 8
9 37
39 46
-26 -2
-16 1
26 12
-21 28
-22 28
41 45
24 25
-23 12
-23 -39
-32 31
-48 19
30 -8
42 -31
45 38
-12 23
11 15
29 19
17 -6
-27 40
-22 15
32 -42
-33 3
44 33
42 -49
8 -13
13 -41
23 11
40 28
-32 -44
9 -8
8 -28
26 -28
46 9
27 46
-31 38
-34 28
19 -19
-14 6
39 18
27 36
18 22
-45 -38
-31 -37
-19 -2
-34 10
33 34
-36 -24
44 31
29 -33
-8 -18
28 -37
-41 1
-24 -24
10 46
4 -36
-33 31
-41 12
-7 34
-45 22
25 -34
-18 -17
-12 17
41 20
-1 35
19 -44
-22 18
-5 23
-27 35
-18 33
17 7
-21 -42
25 27
-32 8
17 16
-12 10
27 9
24 -32
14 -32
48 1
46 32
27 -30
-30 49
-9 -13
12 -37
30 4
-2 10
21 -8
32 -14
-32 -5
-4 28
25 -25
-26 36
-8 12
49 -1
-47 -22
-31 -10
-9 24
20 39
-8 7
-6 29
10 -30
42 0
24 -37
20 6
-19 42
-15 32
8 -9
-32 39
18 -45
-30 -41
45 44
-25 18
-44 -31
29 42
20 -15
-18 16
24 33
-44 41
31 12
8 27
-19 -13
-23 13
26 -27
33 -31
-43 -25
-36 -7
39 33
38 33
-13 21
44 -44
-22 37
-33 -27
24 -48
-15 -42
-1 -7
-4 38
-46 27
-41 -3
0 24
46 36
-25 -15
27 32
-18 33
-32 37
-5 44
-7 -14
-19 16
-49 -23
-24 -32
-18 -27
-26 43
-10 30
1 -42
8 -26
-11 0
-7 37
-16 30
-9 19
-5 42
-15 23
0 24
29 -49
45 30
-30 27
47 -9
-12 -1
0 12
-44 -43
-41 11
5 -32
35 -1
43 3
-9 32
-45 35
46 39
38 9
11 -9
18 0
-21 0
36 -40
28 -11
36 33
41 -11
-9 37
34 48
-26 15
19 -14
-31 -22
-28 38
-25 -22
41 -12
48 -6
33 -44
34 -34
1 40
8 -25
-40 9
-1 -4
45 -40
22 -28
-11 49
45 -16
43 29
-37 13
-23 7
46 46
35 49
-40 36
2 -24
-7 24
2 -32
-18 9
3 28
30 -29
13 4
36 -17
19 45
-45 -8
47 -27
2 1
-48 19
34 -40
-19 46
32 -31
38 45
-4 8
6 26
8 21
28 14
-36 -5
12 2
23 -11
-7 -29
45 -15
38 24
27 21
-7 9
16 -2
-12 24
-42 19
32 8
19 19
-28 43
41 5
28 29
14 -42
0 -31
-45 -1
-23 39
23 8
-40 -20
45 15
22 23
-46 -33
25 -41
-13 -20
-46 -1
9 -21
15 14
3 25
-43 -49
14 29
-20 15
-18 25
20 47
8 25
-34 -44
-34 -13
-8 3
-10 -11
28 -27
2 -24
-21 4
12 -5
-35 0
-21 -17
-11 11
-26 16
-18 41
-38 39
45 -3
35 46
43 -32
-47 31
1 -6
-29 22
46 -11
0 -18
-49 -41
27 -29
21 -35
30 2
15 -22
-38 37
-34 40
5 27
-35 -45
-36 -8
40 16
6 -18
-40 -23
-9 1
7 5
0 -49
-36 -47
-15 16
-30 26
48 45
-43 37
16 29
-49 36
-44 -6
28 21
17 -24
29 8
-28 -13
-45 31
-31 -3
10 -7
-10 -32
-31 -24
46 2
-8 39
13 48
-5 28
-18 -23
-30 -49
-17 -22
-4 40
-43 14
-7 -5
-35 10
-44 13
36 14
42 15
-20 36
5 -21
37 27
20 -3
-5 -15
42 -20
-36 -41
48 -19
9 -1
26 20
-40 -33
29 44
33 -42
42 -34
-31 8
20 -15
-5 -16
-38 -32
-3 21
11 -36
-38 -47
32 -20
13 36
13 17
-33 22
4 -8
42 -12
0 32
36 25
-46 -47
23 21
-41 29
-15 -10
-47 12
-45 -39
39 30
35 -9
29 -18
41 -46
13 -18
-40 -41
-17 -25
1 14
-23 -39
46 -22
-37 14
17 -46
-41 0
-36 46
33 -9
36 23
23 -5
-46 12
-32 12
45 -38
-17 -19
-28 -22
48 -5
-26 -18
36 -3
-14 42
-18 -43
21 47
27 -14
-31 39
25 -47
-8 -43
-25 -35
-39 -28
15 30
-28 -22
13 -2
-7 -42
24 -3
31 46
-31 46
-19 45
-15 -47
-18 11
21 -34
49 -43
-19 5
40 -28
-31 -12
32 49
-31 -16
2 -39
-34 3
-40 -49
-15 5
-6 -40
8 41
39 -45
-38 -21
-34 -41
10 -13
-21 12
-42 33
-38 -25
44 11
14 -31
-45 17
-38 14
-9 -4
42 -22
0 1
-30 41
4 -38
-36 -46
-5 -24
34 -31
-30 -40
-6 15
34 35
-11 6
26 -42
-6 28
-18 -14
46 21
-6 -48
32 -49
12 17
23 -3
-2 -25
-26 48
-45 26
41 -15
-2 -20
-49 41
36 -10
36 16
-24 32
-8 -29
-3 4
-7 -9
2 24
-22 12
24 -28
-37 45
31 4
-30 -10
34 -30
49 26
-41 -19
21 43
-2 41
-40 -36
-42 -49
-21 -33
-28 16
-45 35
-16 47
23 9
19 18
-44 -12
-3 23
6 22
-4 27
-20 30
48 8
-2 -16
41 20
26 34
45 -2
24 29
26 -8
16 -16
-38 -25
-6 -15
12 22
-29 -14
-21 -27
8 -37
45 -29
-13 21
-12 14
33 -9
-10 -20
21 -8
40 3
-38 -46
-42 43
21 0
-21 40
-14 -5
13 -35
43 -28
-43 0
-10 -1
38 -4
47 -5
34 -12
2 36
-9 -40
-23 48
20 -46
-21 -24
9 -19
39 45
-26 47
-1 -40
28 -33
-36 -12
2 33
18 13
3 35
-10 40
33 -3
-8 -47
-16 -25
19 -35
15 14
41 -33
-42 -30
41 48
-15 -24
-17 24
-28 42
-7 40
23 -31
-4 40
-6 -5
35 -19
-23 -33
6 -47
-25 35
-42 -33
1 -9
36 37
27 39
17 13
-17 20
11 -37
18 -20
4 -9
23 -11
-41 33
-35 4
-27 35
-3 -21
14 -6
49 -21
-28 -1
25 4
36 -15
27 -2
4 -48
17 -46
-15 -14
-27 35
-49 -41
-18 7
13 -30
-28 8
-48 16
-14 -7
1 -44
0 40
-46 -6
-44 4
-4 49
20 -26
46 27
8 9
47 -5
-41 -31
48 -37
-28 36
-7 -24
1 -30
8 39
37 -4
-35 -48
-8 39
-48 -30
-47 -11
-32 6
2 -3
-17 44
38 -2
49 45
44 -11
-1 -22
-10 -22
33 -22
19 2
9 -30
9 -21
19 -43
33 -3
-45 -46
-32 -34
-48 -23
27 -15
49 44
-10 38
9 46
-12 34
24 17
22 41
-14 -24
47 35
24 -16
20 30
41 -36
-5 -31
-11 25
-35 33
-44 -35
37 -30
23 37
-3 23
22 -27
2 -25
38 49
25 -10
41 45
-33 -9
21 -38
-35 -32
23 -32
34 17
48 -2
-28 -16
-5 23
29 40
-29 -45
22 3
-20 14
-43 37
32 27
40 0
-6 -37
37 -8
-9 7
-46 -22
-30 -28
-42 0
-49 3
-49 31
7 39
45 16
39 29
-31 0
21 45
-11 -39
-8 48
26 -36
11 -44
-39 0
-11 -15
-16 0
0 19
1 -19
7 27
-2 -28
0 -48
-14 39
-35 -2
0 38
9 17
-41 -32
33 41
20 0
-47 -21
45 -27
10 -17
26 14
-8 48
39 -32
37 46
-35 -41
10 -20
44 0
1 28
1 15
29 -22
13 -28
-22 -22
26 0
-10 12
12 40
-12 13
-49 -23
43 -22
14 -15
-16 6
8 13
10 -3
-22 -24
-12 -21
-43 -19
11 13
-18 2
34 1
22 -4
-29 -7
24 24
9 22
-43 -40
-41 6
-2 -44
-25 17
-36 48
18 10
-10 10
24 -34
-48 47
-16 23
-3 -41
17 -6
0 46
-7 -45
32 -36
-33 29
47 28
-42 -45
-29 21
-4 -23
41 28
41 -18
48 5
-12 -19
5 35
45 10
38 -19
-12 -45
21 -34
15 14
-45 -25
28 -1
22 43
17 12
29 -21
-2 15
-47 48
47 -42
21 37
-39 7
24 23
-31 0
7 -39
15 15
4 -43
-9 -31
-24 34
34 26
-10 -21
34 28
24 40
20 -27
-47 38
-42 36
42 11
-5 -15
-19 43
18 -12
15 -37
-26 -28
38 -17
12 14
-26 -9
15 -41
11 -26
7 9
10 35
48 -8
18 -5
-37 -43
0 26
-8 -23
17 -11
6 2
6 -23
-48 43
15 -38
4 8
-24 -6
47 32
-31 8
-46 -41
35 12
-14 40
48 32
-30 8
49 -28
13 -17
-22 47
-36 6
4 -3
-3 -38
-10 -22
24 35
25 -46
12 41
-44 -1
44 27
40 -15
-37 -37
-21 -30
-30 -28
-48 49
15 -37
-40 -30
43 13
-17 22
-24 -24
-31 32
-6 11
-6 24
5 25
-6 22
-31 0
0 -5
-41 48
37 29
27 -19
40 19
10 -6
-5 -47
40 30
-45 -14
-28 -11
20 5
-47 9
-3 14
48 -10
-25 -28
17 0
-23 2
-39 31
14 -27
5 9
5 -28
42 42
-48 45
46 29
0 3
-6 19
6 -49
44 9
-46 17
40 44
28 19
-1 20
0 0
36 9
-37 49
4 -11
11 16
7 -21
-30 -2
20 38
2 -45
18 -15
48 11
19 -25
-41 -29
28 -30
15 23
-26 -19
-18 -47
39 -3
16 -16
31 37
34 13
-20 -6
6 7
-9 -34
30 -20
-39 11
10 -34
-34 48
-16 38
5 9
39 49
18 11
38 -39
38 -9
45 -24
-4 33
24 11
-27 -40
25 18
-21 38
19 11
-47 -30
7 -6
-34 -12
6 22
27 -16
-6 20
12 -42
-42 -48
-36 -26
23 31
20 -4
-2 20
24 6
-8 25
49 -21
2 26
-29 31
46 -31
-23 4
-42 -9
-34 34
26 -12
-49 11
-22 -7
-5 30
26 20
-1 0
45 9
7 28
8 13
-15 -11
48 17
-31 -39
-17 -24
35 45
2 41
-23 -11
33 33
-22 -30
-7 32
-46 4
-38 -45
48 15
-21 24
-42 7
-32 17
-14 -21
35 3
47 17
6 -47
-5 -6
36 -17
-6 46
-27 -6
-46 15
-11 -36
38 -42
5 -7
14 -30
-12 36
40 -29
29 9
-6 5
46 49
41 -4
-46 -37
-29 -7
15 39
-44 6
7 3
41 23
-2 11
-23 -20
-12 -28
-15 33
29 10
30 -32
28 11
43 46
-14 22
36 -17
43 -18
31 -4
5 -7
-48 -3
-23 -20
16 -7
-16 -45
-2 1
-19 -39
32 37
49 4
19 -25
3 27
35 -12
25 -32
9 42
34 16
0 43
-40 30
-12 47
-19 8
3 5
46 -44
40 49
29 42
-14 7
8 -13
-44 22
47 11
38 48
-20 8
-6 28
17 -48
-18 -36
17 36
-10 -21
1 -22
44 3
-40 31
-19 11
-6 19
20 28
-41 -18
-3 49
-8 47
8 24
-7 -21
-31 15
17 13
28 -4
36 -4
21 18
45 23
-23 1
21 43
-19 40
24 39
-19 33
20 42
0 -15
8 -33
46 -45
-37 -32
-24 -36
36 -37
10 42
36 29
32 43
9 2
-47 12
41 6
-28 -27
-37 -44
18 14
8 48
23 43
40 -23
-34 17
-11 4
-41 -3
8 14
31 45
-20 -47
28 44
-30 -5
-24 10
47 35
-47 -26
-38 5
-33 -39
-39 21
-28 -37
-44 30
-3 49
35 -46
31 17
-8 -19
49 -16
-29 -43
-29 17
4 19
-42 6
16 4
20 17
32 15
27 23
5 -26
40 -46
24 8
8 -9
32 46
-38 41
-28 31
41 2
-14 19
-6 -20
29 -3
12 -40
36 38
22 -23
21 29
-4 3
-49 -18
15 -24
28 32
-39 -48
-6 31
-6 -43
3 0
-19 -39
19 34
-46 12
-28 8
-35 6
-17 28
32 46
6 -33
0 -37
0 -25
-32 46
-14 0
-23 9
-40 -49
-15 5
-32 -11
42 7
-34 -22
0 24
-44 5
-13 19
29 -30
-43 -1
19 0
-31 -36
-16 -37
0 -34
5 42
44 26
-28 44
-30 0
-40 17
34 -15
12 -21
-26 46
21 29
-38 -11
-18 26
-41 42
-6 -34
29 30
34 -19
-4 -28
-28 22
39 -4
-37 -26
-45 -48
-3 -8
-43 47
-23 41
26 44
-29 -41
-28 24
32 23
13 31
40 -15
22 40
-36 -45
8 17
42 33
-23 6
-19 -21
28 34
-44 -9
-24 19
47 -32
-33 -40
26 -11
6 -4
44 -43
-14 -18
45 25
46 33
-17 4
-27 -21
-18 42
-16 43
32 48
7 -30
35 -9
37 -31
-31 21
33 -21
32 23
7 -19
-39 36
32 20
-12 -17
24 -49
41 -41
31 -26
14 49
1 2
-48 29
-4 31
37 3
-5 1
35 10
-7 22
-36 5
22 -46
31 -48
30 -43
-3 -21
1 0
-11 4
2 29
3 -25
7 34
-2 48
-20 -11
-18 48
-38 -4
23 -6
-43 -36
-27 -38
-4 -12
-21 -44
28 -18
15 -2
-40 38
-35 -44
-44 47
-44 -29
-31 18
-28 -32
41 -39
39 39
0 47
38 13
32 -36
-46 -22
-18 -11
-28 -14
26 -13
7 40
-37 -4
9 49
28 18
-47 -44
11 -48
-33 -41
0 0
-6 7
15 46
-7 -42
-5 42
37 -4
-18 -47
40 -1
-22 15
-26 3
22 -1
8 -29
-45 41
1 -21
24 -28
31 4
-26 6
26 38
3 -22
8 39
-21 -27
3 42
4 42
3 39
16 33
4 -17
0 43
-48 -10
26 -14
17 3
-16 -1
-30 31
-25 -37
28 48
-10 45
42 9
3 -14
28 -26
-46 2
28 25
10 27
49 6
9 -16
23 39
-21 -39
27 23
0 5
-41 -44
23 -13
34 -32
20 26
34 -16
21 24
47 -49
41 -15
15 -33
40 22
19 -9
-20 35
17 11
-3 30
-2 -8
-3 12
-5 -37
-13 26
-13 -36
-33 41
-9 4
-16 1
46 36
26 5
-1 0
1 36
6 14
6 26
-27 -26
49 30
-9 -12
6 5
-37 8
43 -37
12 -16
-48 -39
-23 27
43 -6
-16 23
-27 32
-12 -41
30 49
32 32
-43 48
41 17
-48 31
43 3
-3 -19
32 49
-22 45
47 19
13 24
49 23
-28 -43
25 -19
37 -16
16 -42
-38 0
23 0
-18 -46
-26 26
45 11
-28 -46
19 14
-24 -9
-9 -42
-40 2
-21 -4
7 15
9 -34
18 25
-12 -34
31 9
0 5
7 27
-38 -39
32 -21
9 -38
-1 8
-10 -43
15 -37
44 -6
15 19
-27 35
-34 36
32 -14
-21 26
33 26
-1 -32
28 16
37 -34
-25 0
36 -41
-4 13
10 -34
-23 49
-8 27
23 -25
-33 -40
49 5
-42 12
-44 -42
8 25
-11 39
32 -15
31 -16
39 5
-9 -32
16 8
-16 -3
37 22
37 -26
-42 3
28 -21
-42 -23
49 -9
-39 -28
47 15
38 -15
-37 8
-42 5
-46 -44
-14 12
-11 22
9 0
-31 13
-46 0
-37 16
4 16
-12 6
-37 -17
-22 48
-49 -25
-17 30
-4 -37
-30 2
-12 -18
-29 2
-8 -22
0 -5
-29 27
-29 42
11 -28
47 -36
-1 -20
2 -39
44 -29
9 -10
-27 -23
7 -27
-5 15
-33 8
35 10
-2 -37
40 2
-20 23
14 25
-34 -30
-9 27
1 24
-44 -10
9 -41
44 49
23 -27
46 9
42 5
-47 16
14 14
45 0
14 16
34 0
-4 19
-27 23
47 40
-16 -38
-38 -30
37 -38
-30 -34
-9 20
-41 34
-6 -10
1 2
35 4
-31 17
49 -41
18 -19
-41 28
49 -43
-10 8
8 38
-4 -18
49 4
-31 -24
-14 -42
29 -40
-8 37
-16 49
34 -17
21 -35
-14 -44
-48 6
3 34
-9 41
20 -19
33 25
-46 -10
-25 44
44 -37
-18 -44
42 2
-4 45
45 45
14 0
7 -15
-7 18
-34 -38
32 20
-37 -37
13 -27
31 49
32 -5
30 -11
-33 21
-17 24
-9 -28
-27 -27
-12 -3
18 27
14 10
-9 -48
-45 -43
12 47
-13 -3
14 33
-28 41
47 -4
43 -39
-9 -42
-2 -20
-19 -40
-18 -36
44 -22
-15 36
42 -23
-35 17
-14 -49
-24 -22
19 11
-27 36
-43 -10
39 -19
-12 15
36 -38
-30 18
-29 -2
-11 0
36 1
-18 25
-17 -6
-37 -32
-47 -40
-31 10
-44 -26
-15 -32
3 -34
43 -25
20 -11
-26 -20
10 26
3 1
2 1
-38 33
-25 -46
-4 9
-49 13
42 28
49 34
