499 70
95 279
403 396
-279 -153
343 402
152 -12
-54 -267
88 -86
-227 -185
115 422
-123 -165
-66 -190
358 -8
-332 126
104 421
-16 -79
-411 120
-156 499
408 342
374 463
-19 396
-473 -288
-323 -469
-117 364
-491 -418
251 113
364 368
420 274
-282 414
-219 464
-332 394
351 164
148 -100
110 -410
169 493
434 256
-46 -246
-123 312
-39 -11
484 234
-164 -442
341 -239
493 298
44 -19
-306 387
394 389
-330 53
-357 284
-408 -25
276 326
-87 -141
462 278
-67 -343
-48 -126
231 85
468 -454
-18 -318
328 278
-462 368
332 133
96 -372
-232 120
-298 -285
-303 -46
301 -10
-429 -112
119 385
-381 266
98 206
384 -367
-213 -43
241 261
-387 -330
-275 -240
127 221
22 -90
486 -499
47 329
97 -152
74 -397
126 128
65 456
296 -56
443 273
189 -54
254 -353
114 -47
386 -13
439 -401
-270 189
147 -481
-33 208
354 -328
-47 -61
393 257
-469 244
107 -178
-65 72
-13 -426
-110 -448
-201 -364
-94 -291
473 -60
258 -90
79 -254
-387 438
-130 301
286 -331
-462 1
-285 151
27 -485
-268 -455
467 -284
-52 -264
41 -23
-397 -312
-74 277
4 -490
-280 -138
-171 2
170 -324
331 476
351 -383
-213 -77
-107 -298
266 -249
295 -365
228 140
-154 -123
222 -240
133 260
456 -11
-230 389
-140 56
389 -458
-218 463
-275 -423
417 -142
72 381
-395 106
222 -272
-320 -366
-444 11
-328 215
-218 258
231 370
-474 -69
332 108
-220 -471
-21 335
25 -262
-145 414
-256 -155
93 446
-167 -498
123 -381
449 432
-147 -396
-318 -404
285 320
453 413
44 -434
86 134
153 -58
-48 68
-113 226
-241 449
436 -149
78 -73
-346 395
-114 239
127 128
32 465
453 411
-233 325
-412 439
-337 452
-163 209
-444 155
165 -252
379 219
186 -327
133 475
413 -168
-463 400
89 371
338 -166
207 -164
-355 -81
100 41
76 -190
352 320
64 256
-366 389
63 152
469 -456
47 307
-122 86
190 215
258 -69
246 318
-35 33
-214 363
421 -22
94 -270
-190 255
259 253
-160 36
-338 -57
317 20
-104 157
-193 -272
-118 295
-90 26
-205 -271
382 -70
266 -212
-459 -236
207 -127
197 -410
-499 330
-326 382
-209 -355
258 -184
-467 -429
-123 -307
-489 317
-416 -25
46 -441
5 101
211 36
-276 -232
442 -187
155 -363
105 -266
495 -485
-288 -453
-191 356
-314 181
489 106
-179 108
-98 -223
-196 383
162 358
493 -92
-277 142
-59 -315
-405 -265
-477 378
-155 -342
-98 265
211 -341
-18 -254
-461 7
447 -48
51 -98
-33 -356
344 -222
-371 461
389 -253
-241 -133
-239 -386
-206 -462
-221 -81
-485 -210
223 231
-430 -393
-164 -496
-110 236
-165 -397
276 -131
325 309
198 -156
-485 -65
-442 -2
375 422
10 193
-466 282
220 -152
-128 -96
297 254
-391 -104
-462 -175
359 -138
-482 -80
3 -365
-481 -155
21 374
261 -329
327 74
-94 28
-468 -18
347 -342
-24 128
-108 -449
-123 -287
481 -271
393 292
-178 293
434 -112
-132 188
-374 -137
374 227
-101 148
407 340
-186 -283
-10 -332
-149 453
347 61
-390 -486
-474 -175
52 6
-482 -9
-322 403
419 305
-223 337
-459 75
-256 -396
-148 478
-262 12
-371 -466
-138 420
-349 -147
436 -305
-139 -483
-141 -408
-32 -104
3 -470
60 -8
141 20
-44 -56
-174 74
-346 -348
302 268
-33 105
-446 247
142 -136
221 392
16 339
291 17
65 -32
-389 -20
-478 96
28 -194
-425 433
169 475
-432 194
-349 -168
15 -321
-166 156
203 -162
75 -141
128 -418
-239 337
-479 -57
341 75
-241 -32
28 -330
-473 166
-288 84
199 -393
232 -378
51 322
109 216
-449 -494
401 493
213 64
457 -361
-288 -458
-45 -439
169 27
-272 -4
-92 -298
-380 192
184 -189
-229 -461
-143 481
-495 54
251 484
254 -27
-31 221
-219 -279
-228 -489
253 499
199 411
-350 318
55 258
327 -233
447 258
-457 36
-354 -493
150 -291
-388 41
-251 -405
-298 -402
-10 489
-309 50
-93 36
-20 166
-367 36
-432 137
54 426
128 -412
-451 -133
328 161
174 306
327 -445
365 198
280 -129
434 11
-480 458
-21 -443
21 5
-446 186
-277 473
-143 350
192 -347
-4 106
206 499
350 150
-187 137
-74 -351
-494 391
97 -373
298 -8
121 5
-456 114
-198 376
-431 -215
280 -498
369 -250
-11 122
-160 -159
418 89
249 -496
-465 -16
23 142
299 402
132 139
40 -184
-178 -47
78 430
-268 474
361 -176
-79 -79
-385 189
-270 -127
-126 -68
-101 -255
137 -27
-129 -121
271 -375
-255 -361
208 29
-75 414
-8 244
92 160
163 -225
-207 183
-456 -49
-434 183
493 -122
254 210
350 -172
-133 36
-163 -181
102 -334
-113 -140
464 114
-464 -232
-315 381
200 -260
45 475
-50 -113
89 -261
120 -253
68 226
-49 397
494 -197
-273 152
83 -279
318 5
417 -92
-110 -114
-322 -137
-49 -448
-114 60
-39 425
175 39
98 -46
-228 -144
-89 151
489 485
57 -174
-196 -210
493 -388
-277 100
12 336
-7 150
258 445
