1146 1041
-713 1113
983 82
-139 297
-892 15
330 25
-612 55
519 1157
841 491
732 -593
-1195 -993
-1030 -791
221 -259
-1123 -236
272 468
-1187 600
401 -687
1043 991
-679 -637
648 -950
1098 994
486 286
-246 -5
-1070 247
-746 -480
-428 1156
-1157 436
995 670
900 -958
-208 706
-325 -601
595 1064
-530 -611
207 -275
-1026 709
-442 1042
1167 -506
-73 -834
147 702
-888 1077
1067 -1180
783 -41
1078 -367
534 329
-1060 -212
-174 -272
403 -380
216 980
458 417
170 -246
-585 235
807 -868
431 585
-165 165
-1095 1037
767 520
457 318
301 305
516 -629
-438 -879
-1118 319
433 225
1102 1126
-1178 -1121
-545 1149
-509 -120
446 393
-470 1055
-653 462
60 376
76 -314
730 223
-655 313
-132 241
301 -925
1040 -1014
462 1139
455 -550
812 724
45 -736
-185 425
-1076 594
1175 -853
-325 636
-837 272
-895 -447
552 75
-974 764
-604 -135
-38 -613
-1009 1085
734 778
355 -145
1198 277
800 -355
-434 -127
-335 671
-542 407
-422 -1072
-1080 -15
-836 -1035
-501 188
-617 -907
724 -1197
-581 -1018
535 369
23 721
-1185 366
-682 1112
117 -405
-223 -244
-734 1125
-805 -18
944 -29
-126 -591
580 1100
-684 1121
-604 1002
493 394
-792 -770
559 1016
-49 -1151
194 947
66 -267
335 743
-496 -1133
-681 382
386 -625
-1045 -787
-1064 -392
-1101 463
-282 474
1112 -992
-855 606
-784 -473
821 -875
97 852
-692 542
323 -1161
302 -522
171 -697
-1033 921
288 521
-306 -36
1150 71
-1084 -160
-526 933
1044 1093
-576 801
-1115 -613
600 837
-264 1104
241 94
181 459
-276 -956
-233 -878
713 -594
514 125
-143 -750
628 -327
-456 -993
-65 113
375 390
-962 1038
-1062 -559
-882 -419
-57 -1008
-994 878
724 -1142
556 1118
878 -950
342 409
-686 -1130
-155 -442
1123 -852
1072 975
1140 898
440 532
-1090 -895
-555 -509
10 -341
-498 1157
-98 -516
1027 -602
-797 158
955 184
309 -951
968 -791
-1059 -1144
-182 -7
-662 705
900 488
493 -252
-82 -622
-1119 1006
590 932
-490 26
626 689
-577 -1043
996 -1191
-551 502
-822 288
-753 402
837 -382
-276 605
550 -927
-80 -254
545 -372
196 763
1113 838
-37 454
-708 749
-538 -407
-796 433
55 -285
168 -994
951 278
31 259
499 -92
812 -140
698 381
-305 686
1081 -165
150 -945
779 -142
879 -660
-328 797
-240 232
-502 320
645 -1193
881 838
517 -415
1108 343
-732 -1049
1132 -944
632 394
-247 -590
519 951
1050 -1106
-667 935
807 -269
798 468
733 -60
-888 583
-500 531
1051 666
-1173 -500
-7 -6
421 -786
-690 -333
130 -495
-881 613
-1025 16
-1001 1181
1085 423
-61 -211
-29 165
-778 -696
-139 506
-122 -88
446 941
989 -616
-810 74
377 283
1098 458
-805 788
-527 -859
-211 946
995 -31
292 -125
-498 -1092
-195 338
388 912
700 138
1118 -988
-888 439
1059 -694
682 321
357 -138
-1050 65
-959 -916
-500 -992
1002 743
259 761
1138 -584
-170 -318
691 -564
-885 -32
-1100 382
-376 813
1096 -382
-301 -492
-149 50
587 -683
731 -605
-61 458
447 -272
678 343
-898 -350
-939 -732
-636 -1174
994 589
744 -485
158 570
-840 -263
445 -759
1083 -299
662 370
165 522
185 149
-954 -1041
185 -556
608 -553
-402 581
356 818
637 -580
814 -69
-191 895
67 285
490 -596
339 374
123 530
633 19
75 -394
-967 -578
-241 -971
86 501
-601 -182
-702 -94
1063 -110
632 498
-633 415
164 60
-987 1186
-190 -864
1090 -260
817 -374
-50 720
-1058 1078
966 -889
603 1044
377 863
-580 554
-983 940
-27 971
1162 -1143
1145 -309
158 403
161 -913
1152 -686
-1120 -285
718 518
79 -962
1187 -98
-789 91
1032 -490
-990 921
-313 142
-98 541
-738 695
-29 -302
-8 -90
1129 -987
-1130 -216
-424 -240
-137 373
1166 950
474 1001
-1186 -1130
-1099 -852
-774 546
-259 -1048
197 860
280 811
11 896
-797 435
502 -483
590 -251
712 -1035
-691 307
942 -947
549 880
-633 1063
-639 -1180
-397 376
388 440
-676 771
-1156 -284
1179 581
-504 751
-436 580
-188 934
451 831
-1120 -830
-415 793
-353 -17
-285 -704
873 -49
194 -219
35 632
1025 -895
1024 -2
-1036 -100
1083 1015
1081 -438
-1010 854
-1166 -409
423 -1053
365 -598
589 -906
1066 758
1025 573
401 719
634 -929
-183 1151
772 -225
-447 375
-918 -1000
1099 -367
-96 -406
787 -528
525 300
678 -319
592 1151
-142 -264
395 -406
-11 -602
-33 -1093
-279 -602
254 85
659 161
22 109
-762 -618
-829 519
353 -592
954 532
782 17
-44 -361
-1145 872
154 311
399 281
53 -477
-47 -612
578 368
-859 178
-136 -1034
40 1147
-830 -316
417 273
-526 -152
578 -640
1006 -147
-396 179
1004 -341
544 973
-119 19
-883 814
729 -860
11 -787
966 -585
-1172 -967
-1022 -610
985 815
1087 -1022
1008 -151
1177 -582
-560 -910
1051 -1084
84 52
854 873
-928 487
339 -743
-10 826
738 938
1132 -571
-560 -936
-608 -412
-811 523
-350 649
-294 159
799 643
-693 339
-21 -576
818 224
-600 883
327 1192
26 935
-1043 -860
-758 920
1072 -926
-1125 -72
-1076 -194
-565 -926
243 -207
-262 730
-1042 -266
-847 619
554 -679
1186 -14
1079 -968
-1088 915
267 -997
-14 -1035
-331 675
143 -7
-462 589
656 203
-38 1102
894 -1145
-867 1062
1127 -1047
1149 997
493 260
923 598
1177 -245
-644 -465
220 -975
928 -756
-568 264
-814 715
-396 231
-111 -754
426 214
-868 1089
589 1178
-633 -585
1088 432
710 693
-1187 653
-47 -338
955 634
628 481
-597 -1039
-448 883
-521 486
248 502
-633 698
-43 345
-461 -549
48 -721
-831 -692
-734 126
905 1130
157 256
1157 -215
1151 1184
-813 -381
-148 576
1063 -213
556 -598
-813 352
-911 430
1008 1125
-408 563
-583 -1003
976 -136
1054 -534
41 -154
1097 861
250 872
-1067 -973
1039 -850
-425 750
1052 -326
-619 -1080
-83 -541
687 -227
-115 189
-865 -900
-412 -429
-368 -600
-165 -1185
591 171
78 -432
-359 109
350 -874
-208 628
372 774
-374 -1105
1043 588
550 567
-1049 -619
506 -240
1020 -477
-826 -144
-1179 267
-1030 -870
-189 389
-10 985
-577 -983
386 -153
-618 56
136 1008
-819 644
-778 93
135 -505
233 775
-500 231
679 146
1148 -423
-227 264
-817 2
-495 848
1160 630
-928 -157
58 -1182
486 -459
-213 -391
-987 -960
-401 1033
194 -656
-961 928
1 -543
-285 1093
-1123 295
1042 55
-203 -176
-887 -792
-734 -928
826 267
20 598
-402 877
10 579
85 -1118
602 140
-296 -764
-708 -251
1176 -208
384 1041
39 -256
724 417
-1141 -627
1124 247
-266 1021
-87 -365
-157 -977
723 -435
-37 -237
171 676
37 -211
525 -632
-53 -508
953 1090
1192 -50
-685 -1091
192 1128
-875 1085
396 200
39 855
-418 -483
607 -1040
-662 109
718 -949
-134 1071
-260 891
-806 -1096
-866 1102
584 -886
-522 995
457 -158
772 -1168
-846 46
-224 949
1153 -1173
833 -633
-457 -269
-320 -84
-448 937
542 -96
-102 -381
-728 -1155
863 1114
1004 944
-284 -782
195 -905
-817 273
35 -183
544 421
-706 -147
184 -895
1195 479
1186 -113
-697 -512
-557 -1184
-726 -554
1006 -992
1126 -670
-135 277
639 -603
-886 -754
441 -608
1121 828
721 -460
-586 -820
-63 141
162 604
-185 1075
899 627
1163 1038
-709 -350
-119 -381
1186 608
488 -872
-312 -1133
-38 -640
1059 -703
-78 -1174
-314 -735
-1163 391
818 -468
921 -1011
837 -631
-230 -2
-984 441
333 776
-889 849
768 -1079
-40 338
987 -1174
-945 -570
7 -582
977 651
-309 438
646 1118
1019 -688
614 843
-54 498
290 -1138
529 -1156
-45 -1116
-1060 -1182
62 -1169
-76 -655
1054 434
-279 829
673 -964
426 -268
-136 -297
-684 738
-150 1107
190 -167
429 1118
111 -369
-803 -76
148 958
952 413
-1164 -1147
-747 -486
-342 -477
-1102 235
-727 778
-999 1132
-423 -1072
527 -721
-547 -734
-80 1134
-207 719
-743 73
642 308
881 921
461 -977
596 -387
-328 -1189
-448 630
-40 460
-708 -445
1138 1159
-203 -802
18 1186
-382 -1027
217 -848
1171 83
243 -392
30 414
209 537
-17 903
880 -760
757 619
-30 -1077
794 1022
-363 -116
-97 261
-255 -875
-513 -614
214 -66
-539 473
152 1095
315 1030
378 -358
16 118
847 -282
502 947
-8 530
-474 1151
1188 789
1196 946
461 -831
140 -1144
1065 -1098
1119 587
-1177 529
-1107 -913
602 315
-629 -160
-505 -79
991 -296
479 -639
874 -1080
148 717
-860 1134
399 -153
-644 576
-79 -1107
-358 -1153
1051 814
-275 -919
-406 359
-908 -135
1083 926
768 768
1 931
825 512
435 -397
-1184 -779
672 920
127 -68
355 22
-736 -894
-1043 -233
-240 -269
644 492
-529 977
65 723
413 735
53 -305
665 -930
1064 993
70 1188
-823 1122
-814 -860
-1155 941
832 -1033
964 213
-881 -755
718 -623
838 966
-196 687
226 -715
63 124
-173 228
1085 -793
-352 192
50 495
-460 -447
1012 450
848 -189
1104 58
-47 155
955 540
-75 331
304 -875
106 -646
-680 -308
-883 -451
1189 161
940 1002
436 35
-355 1185
-623 -461
892 -122
-974 290
931 958
-1155 812
-331 131
156 -382
309 -772
-889 -232
-248 -989
845 -453
-119 511
-273 15
642 -428
-781 703
-968 -899
-447 970
618 -829
-610 -1170
-320 1055
8 -1001
-215 -528
-40 -382
-871 -974
571 -42
-1190 350
307 463
-1164 -635
-672 1143
333 633
-626 648
345 -6
29 -367
-978 446
691 -1146
1115 473
-1114 655
-345 528
-405 -66
1073 -855
-683 182
46 -737
1134 634
226 -3
315 563
957 799
238 -1014
-613 -274
645 993
199 209
254 664
-98 433
-695 -1144
721 1050
201 1046
-1119 438
-295 104
643 -1116
-727 -951
994 251
-822 -851
1037 -683
521 1077
-1069 -1031
-1129 -406
635 525
1056 393
-6 161
36 -905
47 416
-102 -611
-657 -1101
-1021 -1099
276 376
12 -1094
129 -1025
663 916
107 -202
870 -706
-963 -394
-345 -1118
-27 102
52 914
304 -560
-17 -317
-1151 -743
-945 -390
-486 -850
-193 1000
203 -886
-594 -364
-972 -1129
-720 914
350 550
-155 -20
-43 -667
-527 454
403 365
1096 -636
156 -644
-822 -869
-372 -313
-1036 1040
-480 -241
-569 830
548 645
-115 -894
54 350
-215 116
-775 -97
85 617
842 -1138
-230 1101
-546 139
-340 -753
547 -1140
381 -656
-889 -1073
1108 -842
-835 733
1012 -649
582 -1114
91 -1157
901 790
-112 -692
-497 -272
690 1194
-944 123
-590 38
161 518
-646 -839
-1198 -887
-725 -188
976 337
-160 -349
-55 -370
-821 -405
-392 482
-309 242
-856 -821
-56 776
703 -23
-222 -631
-325 269
-282 -448
263 749
253 -1093
634 -1155
-740 -407
391 1042
-359 -516
450 244
-234 408
842 -600
-6 -1012
-200 -1031
-1151 1001
728 1001
63 626
-793 675
529 -965
1180 -493
-186 -996
-792 -101
450 -88
346 -645
-597 -239
-421 330
-632 395
-895 92
380 -737
-509 -465
135 748
488 -713
631 256
1089 -260
-763 -769
798 -828
-806 803
388 -1011
-1125 143
-214 406
-1107 -5
340 -913
-914 48
293 484
119 -233
-4 218
-526 -1048
-455 568
-1097 -489
610 690
30 -129
-1147 1106
577 5
611 -747
664 -794
-857 777
1027 167
-129 468
-333 -302
675 -452
791 -471
813 190
-841 -792
-463 -25
406 766
-795 786
-246 315
508 -866
295 -25
-1070 800
855 -52
-725 117
343 994
-764 288
-345 441
365 674
-295 -475
-478 -1108
-784 66
1021 1138
353 896
168 316
737 792
-1046 13
-658 -750
81 -928
1184 -258
993 -1019
868 -5
-560 314
-1065 897
614 -1137
721 89
-67 -507
1088 318
901 -64
-594 -370
169 207
257 -561
-628 -1077
100 -1134
-1056 581
-320 869
402 -354
990 149
437 -1021
480 -669
-713 -314
-720 -1066
-747 945
-58 87
62 8
845 -1081
552 220
-226 -464
329 1126
-1133 663
-806 878
62 -82
-772 348
531 -27
741 -524
700 -1197
-1049 472
-793 -641
-157 234
-846 117
-396 91
1152 501
47 157
377 555
-234 1062
560 -993
-1035 -903
142 -639
-1050 -293
-1182 970
29 -736
-417 905
1154 887
-1050 -131
-25 27
-987 -736
74 1142
366 -729
81 -737
-1161 -601
-835 414
456 -504
1106 1103
10 556
344 -653
548 -1089
-46 -627
-560 103
-1080 -297
-10 1188
-408 131
412 -217
-1094 -333
1065 -1165
1085 1022
1050 -570
1147 390
101 -116
44 -744
-1160 -265
-1191 -64
672 -316
748 -101
-542 275
1013 -620
-931 -521
-536 -858
-449 -1177
445 844
734 -1116
-599 -627
80 922
455 -601
-166 389
435 750
-523 -1017
-502 200
1052 -228
842 914
442 650
-757 -754
203 -654
950 -904
