-361 -1035
-663 -1473
1604 -1557
-80 -1289
-2030 -302
-2209 640
-102 -225
-158 404
1464 2391
-1819 509
-2364 2014
1490 923
1162 1981
427 707
226 -2201
182 1567
1886 -1555
-2286 2385
1088 -856
-1568 -694
145 1820
-1759 1614
-631 -1181
-2388 1034
1788 1716
-1435 -1568
591 -87
-281 2024
2042 -1360
-528 -1352
240 375
365 415
537 -1065
-1929 -701
-517 -1898
-1474 830
351 1105
1460 -2204
-2119 1720
1730 -213
-1118 -2326
-1947 -1148
290 -127
1865 -446
-1227 -1251
1503 -751
-434 1321
-1339 2345
1111 -1709
149 -1079
-1301 292
399 310
1908 2007
1276 1611
-1998 987
-223 1976
-308 1883
735 -1617
-1036 1260
807 -2162
-775 -508
-2369 440
782 -188
1120 -660
2364 -942
2191 1748
410 1266
-1660 -1265
2291 -1937
554 -2105
-1482 -469
-709 880
-1484 -480
-240 1679
594 -2245
2329 837
-1514 -663
-896 1904
-1173 -290
1137 -1643
1617 -713
-851 214
-1668 -280
1874 2298
1161 1402
-2294 -1929
-991 -464
-1168 -1520
2130 -1683
128 -874
-1002 108
-1110 -406
1895 -639
421 2263
572 -962
-899 -516
1285 -1046
1278 178
495 1654
526 844
-6 1477
-1610 -443
837 2124
-1368 -1397
-1477 1993
-489 -1471
694 -2280
2165 -737
1272 965
1231 2272
-2389 -160
-752 -724
2208 -2026
1159 419
-65 1756
1770 307
-1893 1771
-376 -853
-279 -1368
-1952 1265
-1184 -730
-958 412
998 -1803
15 -633
342 -5
642 -385
-2170 50
-1881 96
-1822 221
-513 2128
-639 -449
-1815 -1246
-509 116
-919 -1990
-1289 1459
-982 -1785
-1196 2078
929 -1490
-308 927
1029 -773
-1828 1249
2321 -709
593 963
-1783 1461
470 -450
-1519 400
-1354 2377
-1790 2023
1642 -988
797 -1723
-1621 -643
1119 -1530
-721 -1409
-2340 649
-1296 645
-1314 -186
-2209 607
1602 1211
1923 1494
-1146 2179
1176 598
1294 925
-2101 755
498 2175
-9 -2058
-1918 837
-2208 277
-2182 2265
-1241 -1373
800 -1943
994 1796
-898 1985
1633 1939
-2210 -1407
875 -1544
-2188 -1103
126 -2377
-1786 -515
1748 -2250
-1724 328
-1674 1292
812 -471
1489 -1346
-2075 194
1821 -1323
-993 -1760
1030 507
1995 1129
-1443 1625
-1935 1541
2322 -2386
-1002 235
-574 -2299
2062 1036
820 1137
-712 1900
1231 -1329
1547 528
-1128 1457
252 2348
-168 913
-1176 1482
466 1349
2033 2206
76 -1725
-1414 -543
1732 1965
2093 -1056
-820 1957
-1590 1612
-2381 2380
-1038 -1346
-1886 -784
425 -249
2369 -2125
-1730 1459
869 -182
-505 -2261
1025 1711
990 2391
996 -1159
400 1410
-53 1199
-1785 -1974
-771 2378
-2228 212
3 -14
-2042 -63
1227 -77
-2326 -168
430 2164
350 -355
-1536 -1215
-2237 -1678
-1423 1361
1900 -1084
-1165 1936
-2258 953
-37 765
362 -305
2069 -971
-2180 2288
1475 74
1722 -2074
-1485 -1644
1710 -473
-1902 1734
-1562 -2053
-882 -849
-1324 1599
-2382 -1181
-385 -1888
55 1557
1138 -305
112 -658
-1719 308
-2203 -733
-418 445
1047 -1047
2048 1266
-1178 1766
51 -1301
1185 -2399
290 1477
-1758 4
-1206 -1714
-1849 -1483
1350 1649
-1297 1594
-679 -1500
-1958 1101
910 918
-1780 -1033
847 -471
331 473
-1775 -2082
1541 -986
-1386 -283
1664 -1941
543 1757
482 -792
-610 1929
-1834 -29
456 -1214
-577 -2051
-883 -514
687 379
-1557 -198
200 -1468
377 -285
1815 1010
188 793
1033 876
-181 439
-2161 -848
959 -1337
-1948 409
1656 -988
2118 -2250
-645 -1797
-1504 255
-631 -395
1865 1143
2373 612
-1816 911
-1500 10
-1256 -384
-709 -1397
1859 -28
1099 -1984
1324 -66
-1718 -441
-1746 2065
-1687 1033
1811 1837
105 -1352
-328 1996
-372 -153
-560 -746
360 -2278
-2078 1223
-1079 -1863
-207 -202
-2162 -905
1610 -925
-594 -1329
2031 -257
2094 452
-578 2055
5 1811
1668 1603
957 -819
2391 -181
464 1222
-690 -464
-1323 1155
-2195 1562
2128 1226
2159 -1920
1456 1498
-1063 2233
1704 -100
1541 1458
1073 1930
1640 -1300
513 -1632
2023 -1830
-1100 1011
821 -348
171 1961
1384 447
-1336 341
196 -1774
-1 -685
-569 -2228
-1756 -1031
-2021 2288
-1710 -2136
-310 1582
-2359 2296
-519 -2228
757 -1377
-2007 -424
-1775 947
-1518 21
2268 701
1169 -855
-1612 1049
-43 -1075
393 -2368
271 -63
1519 1421
-406 -1615
-317 776
1542 692
620 1521
-75 1526
397 1488
-1244 -2051
1072 430
77 575
207 880
2138 -2251
295 1135
-1826 -1996
174 2092
299 355
-2211 1984
-1410 294
-2059 299
1578 718
-105 1579
-1699 -1094
243 2157
37 667
-803 1379
-273 2190
1675 1932
518 1213
866 1079
-2103 860
-2198 1192
-1633 2099
1486 2233
1351 333
1158 1734
-2133 -1394
-146 -1604
-1392 161
1057 -1399
988 333
507 -1561
-811 -1302
1301 1273
66 1991
669 1332
1059 1558
2338 1898
-362 492
540 236
1474 -726
1974 -2186
-2151 382
1257 -1019
1450 674
-1241 -746
-1740 -1264
-763 1210
-1502 -1407
-2239 2301
-748 -495
1215 856
1816 44
460 -460
671 -1922
-876 -1004
-211 -133
76 1293
1315 -1971
-1315 1381
-2035 -1234
27 -1687
485 -1583
84 106
2190 -41
-2324 -419
-1166 1608
-1786 1665
269 1370
1456 1701
-298 1589
-796 1689
1592 1556
1903 1947
-1011 342
-1612 -182
-1452 318
710 224
766 242
379 584
-2065 181
1529 -1161
1041 -1541
25 170
-1805 1705
1831 516
-1489 918
-2292 -1485
680 1199
2351 1555
1101 -2193
-1049 626
389 593
-973 2180
-1658 2167
2231 990
-1239 2065
360 -241
355 -19
-678 -1080
776 -443
-881 -1043
716 2075
-733 -2070
-1822 -222
1280 2100
-25 655
1942 1001
-596 847
370 1808
2274 -795
1885 403
90 1952
-2325 -831
-516 -2263
-1267 340
337 -1417
2075 -72
1647 -1036
1377 1495
-1439 720
2017 -44
999 1342
-229 -2259
-1449 2147
-683 1262
-2069 -1012
-524 -1921
367 -1761
-1056 236
-2255 -9
-693 1682
-334 2015
-1105 1357
-1374 -857
-46 -883
2094 -179
1458 478
2018 610
-1662 1982
-1823 391
1224 -1881
1055 143
384 -1117
-1115 1090
2317 -1140
-153 775
-237 762
-1858 -1327
-1396 2092
-2357 -2003
881 -911
-1539 348
578 206
-2101 1152
-2306 2351
1935 1723
1844 1465
-2142 656
-1408 745
-382 163
120 58
1865 -1834
1745 -1901
-1723 -1821
1676 -614
2040 2102
-825 1732
-15 573
1730 -956
718 -2314
-2108 1301
-77 751
1720 1195
1485 -2164
-367 -2306
1850 718
762 1971
-2373 -664
1882 261
-966 178
629 1991
2395 994
-2272 -1756
-733 1678
2357 -744
-1254 1812
1244 -146
1003 -1635
-2202 897
-690 -915
1551 -1499
1609 -1460
-958 241
680 -1966
-564 412
-38 -1639
1034 1258
1191 -2265
-1525 -469
14 -2324
-511 863
-1787 894
1377 -2057
-857 1549
221 -848
2198 264
1056 -1479
-912 -750
447 -1586
290 1248
354 -1557
1724 64
517 1019
303 2276
-463 -942
1068 129
249 -1768
-897 -288
2281 755
-1464 409
2350 816
-997 -1136
875 737
-2319 429
-1331 320
203 -527
-1463 -1677
-1769 -890
-2233 683
-723 2035
-1616 -713
833 1667
-34 1864
923 936
171 2277
1535 -822
-46 727
-1368 -1235
-892 -396
-590 -1064
2292 -1116
1034 573
1478 1837
-1239 -2199
-2066 -1267
-395 853
986 921
-1892 -1699
-133 -1005
92 1197
138 -1168
-2215 440
2018 2182
1334 1812
-1018 -316
1558 -587
316 -302
-1754 -2342
-471 -1266
-1499 1356
42 2206
610 1568
-1430 -1852
-1086 -1459
1991 1777
-1888 -2051
404 -978
-2256 148
-444 -1761
-20 579
608 1896
-703 17
847 -2173
524 540
-1252 1256
-1729 -883
-7 -999
1329 -620
-1631 -923
527 116
493 683
1350 2331
1779 1273
222 -1762
-1996 2202
1734 1133
-1263 553
-887 -1468
-989 -1004
1367 1212
2156 -1700
1450 -234
-438 -1442
-1220 415
-2016 -615
706 1490
-1858 690
-1976 451
-886 1380
-491 845
-1968 -2276
-1856 -994
905 809
-157 -321
-1151 -1219
-145 -1895
1796 1938
-2282 548
2211 1756
1853 -1698
-667 360
-1475 178
31 1073
-1226 2235
-2049 1239
-1503 -273
1546 485
-1188 -444
-1196 -1105
-1100 -357
-1968 1405
-1368 2359
781 -819
766 885
496 808
-1613 -74
-188 -659
1192 1864
-1115 398
1645 305
-1213 -400
-982 872
-303 1099
-921 1143
-1581 1964
-293 586
-2240 1328
-1708 2094
-1847 901
848 -2008
-1738 -454
244 -392
-959 557
-1501 1916
-44 -2083
1471 2042
1722 -1599
-1828 1527
476 392
1704 -1309
-1404 1138
1119 2366
-531 -360
-2251 -128
-1067 789
93 -1905
449 1315
-1598 -2335
2026 -1621
828 1708
-865 953
447 454
-2082 716
254 2004
-67 -2094
1345 -1949
-409 -1457
-2335 251
-2067 -2353
625 -1437
1382 -2110
1044 49
-690 -1925
815 979
-486 149
1601 2134
656 -99
714 -955
647 296
1086 -493
-2236 782
-964 -2022
-1577 1952
160 -1760
-431 1275
-1172 -1981
-144 1142
1185 -642
196 -923
-485 766
2337 2235
-1502 -1675
-2398 2012
-1861 -521
755 1109
2347 2336
-268 259
-1337 2088
-164 1434
-44 -426
-1254 -2144
524 -2265
-1551 1529
-1728 -1816
577 -1633
1270 -458
183 865
1487 -434
1598 -807
1287 49
107 -317
-1699 2124
2063 2164
-145 -1562
-357 -12
1550 -1538
-1516 1313
1729 718
1861 -1789
1655 2171
-960 1073
1882 883
-1662 -628
-1137 -2385
1737 -610
-1186 146
-1749 2246
2124 34
1053 1001
1653 -2125
-1908 2189
-1165 1790
-1236 -2231
2278 -640
-2149 1871
1626 -737
687 -1897
56 408
-1957 2231
1264 -1381
1463 1589
33 1122
-536 -121
1443 590
-928 -1550
-2204 1620
11 -768
509 -753
426 -2079
-987 890
-1519 864
2326 2114
-243 -372
-1917 1933
2054 715
514 -1369
-908 806
-94 -1238
1811 -2360
1457 1885
2166 -950
1995 -1170
1771 -1631
-877 1829
681 -555
-647 1260
982 548
-1707 514
1811 -2218
-1084 1240
2193 -1878
1642 -1271
-1696 -925
-1988 942
1804 1721
2068 1405
-328 2298
-2378 -1042
-1367 754
-1105 -26
-587 -1416
-2314 -1399
-2192 1432
177 1400
-846 -2251
-342 -147
1702 -2178
-1480 2129
657 -1559
-466 -1488
247 -1813
214 -1754
-2192 743
-1025 -1870
-1892 -309
1553 -341
1878 -1862
936 -1713
2279 -2281
-713 -1924
223 2060
632 789
399 2104
-1316 -1890
-709 -42
-1760 -253
-301 113
-1802 1320
1687 -1528
-1425 -491
908 -737
-1842 2134
-1380 2258
-2243 13
-1346 1043
499 -1774
-2190 883
1270 744
233 -2184
1372 -80
-2176 -924
-945 -1175
-1676 -68
-1187 391
-1476 2002
2030 1257
2307 585
529 -766
-636 -1957
894 457
-1032 -1778
-1191 338
848 1912
1984 -2152
-2364 799
752 2301
1665 1432
-1351 -1713
-654 -226
1676 678
-371 -2019
1729 113
-511 -1154
1885 -1312
929 719
-416 1944
298 1382
241 118
232 -934
-2347 631
1080 744
-52 -2191
921 1451
811 -888
-2292 -193
761 1074
2025 -732
-289 948
102 741
1064 -2150
-469 -750
-484 -1681
816 -1478
793 -1894
-1787 -27
1093 -198
1834 -1579
2267 -880
-2307 525
-566 1573
1521 2185
2320 2368
-753 1035
-1856 -1257
-1578 -71
-841 1804
-517 -888
1623 405
-2162 1234
158 -1109
604 1869
551 -1199
-1284 927
-1156 157
981 -2383
1085 -2279
1924 1785
820 2260
-1859 457
614 145
693 1658
2140 -507
-895 -904
1261 286
1484 -2336
2258 1936
592 2288
-27 2379
41 -1070
649 807
-1199 242
798 -1369
1733 2149
-731 1177
-1522 -1600
200 -1752
-1099 621
695 -1378
1825 -1903
-1816 -842
1533 -2160
-2230 -1611
2135 1352
-1915 1560
-2006 -2093
-261 -768
-1325 -1726
2243 486
2100 -968
1944 -309
-2244 2315
2351 1344
-1491 -1607
-747 -612
-308 -1692
-1878 -1995
-2124 -1377
656 -2100
1367 469
2279 -1795
1761 -2213
-1129 -213
2142 1320
711 -159
-33 -1267
-1271 1934
2000 1534
969 507
-577 -1930
-1792 -1811
1264 7
1168 -937
-1434 -2156
-501 -959
-1991 2215
488 1982
-93 -2204
-860 -1856
-331 532
890 480
1117 -749
-1366 1024
-626 1359
-1114 746
2144 113
1361 2146
-1668 2358
957 -1111
-118 48
1222 -679
-1634 1838
1465 -261
710 -2303
-1592 1203
339 -1218
2250 2299
836 1416
2131 -731
2178 752
745 582
726 -600
543 1620
1009 594
-563 1826
1177 -559
-770 1606
336 -856
-533 -1940
1732 231
529 211
375 -1139
17 960
-638 2040
-1314 792
-1138 33
2284 1608
924 -2151
-155 1524
2047 -1185
-1144 1077
1737 -2378
327 -2264
-1182 1983
-2274 -160
-1036 364
1787 -2118
832 -2325
1757 -1636
-662 -2150
-921 550
-1581 166
8 63
1153 -922
-2156 1046
-68 -22
-259 -640
-1167 -1466
56 1332
1905 2158
-460 1248
1982 -277
-2281 -1695
-2296 831
1953 -82
-328 236
1743 -1453
-801 -1544
2074 -1207
-1357 -564
-158 -1436
-807 1888
77 1984
1372 -199
-2376 234
304 501
545 -496
2308 -1760
742 -1928
2031 34
986 -1399
191 -1605
-1307 848
2110 -161
1967 1219
1589 -549
-2312 -2240
2307 -803
486 1517
1560 -325
-2369 1296
329 -426
1399 1827
555 1397
1395 -2208
-1195 -325
1314 -1367
-2107 467
1847 -2192
1026 571
1384 1713
-683 2069
-1189 544
-1995 983
1008 2047
552 372
-1400 -381
510 2355
-2343 2023
1190 -130
-2044 402
-1732 1423
52 1939
-1198 -916
-1431 1075
-1612 1931
711 1152
822 -2298
-1153 1167
-1229 1558
-921 1454
1706 -1777
1911 1757
-1802 -2262
-346 1438
-1115 -1638
-1524 1095
2023 -374
1951 621
2223 502
-415 219
-1995 1100
303 -306
-2262 -1541
-1328 739
-2048 449
-1690 -1123
240 -997
-2072 2146
2166 17
783 2332
-332 -2349
12 -2372
-858 1888
-18 -580
599 2159
1722 2141
-932 -2339
-1837 340
483 1598
-1370 -1056
61 -407
-729 -1424
-1916 886
1321 -888
-1576 -1612
-221 -2355
87 1836
-2145 1840
1854 -1921
305 984
-234 201
-162 -306
950 1286
-1578 -690
-1180 2168
-1238 1359
-514 1728
1065 606
736 -2216
1210 -2313
-1191 -1172
191 357
1158 -2025
753 -421
872 -2292
464 1942
1997 -1764
-58 -900
-389 2238
1820 1595
404 2044
237 -826
-1219 393
-684 2282
919 -1718
-1113 -766
-399 -1
1470 2071
-480 -677
-646 -1797
-1317 1331
2353 -237
-124 -1933
-65 565
-400 650
2188 -657
-1452 975
-1617 -1896
-611 -91
-265 844
1834 -2211
-1259 1860
-1077 -866
842 -34
-1009 -1419
-1780 -1486
852 1938
-2397 821
133 1240
333 -698
-1537 -1371
-1480 -592
-1235 -1574
910 508
-1666 -1823
-684 2127
-1588 -125
395 2035
945 -868
1191 967
-679 -863
1069 1460
-1061 1941
2157 877
714 2187
1802 2138
1148 -1662
-1343 -671
-1468 1415
-648 -1688
528 -530
2302 1624
-1829 417
1638 2203
2094 -2351
939 -1681
551 -495
2003 1667
-2210 -2227
857 329
-2172 1765
-920 2143
2009 1296
169 -1904
1841 -36
-718 713
-1317 -374
-1025 358
71 1737
-2255 409
-2348 1388
-476 2145
-1034 -1829
1931 1343
850 -728
-1181 1491
-1001 -2001
112 -2362
1608 -731
1235 -1490
1355 1332
-1048 711
-2397 1237
-1574 -2050
-1428 -851
1212 306
-837 -1601
-720 -779
-1357 -369
2204 1402
1465 2280
2007 2252
-1071 2021
-1618 -1984
724 -43
-1682 1159
160 -1734
-2081 417
1299 1245
142 1277
-1521 2294
288 -1618
239 -1242
-1082 335
214 -2362
-556 -1417
-612 838
-974 550
-253 -2377
-766 1958
354 1090
-557 -418
1123 833
2077 -827
1291 -1069
387 751
2205 91
302 1167
1165 -328
-2196 -2333
422 -1960
770 -1841
-721 568
1687 35
-1135 -2016
-589 854
-1878 -676
285 630
2244 2272
1085 2065
-288 307
-227 578
-1771 -1127
-1007 461
1103 -235
1439 138
-2335 -376
1836 -938
815 -329
401 -2261
2031 -1975
1379 -2183
274 322
-153 -1953
-1986 -1169
-206 851
7 -286
-2354 2231
-1265 -670
1434 -2255
1094 168
-656 -2004
-1239 159
-346 -600
-402 -81
2347 1736
-809 -56
61 -904
1300 1262
-1870 18
1164 1208
-1919 -733
-1146 1003
2064 -1289
1683 -1346
-2222 992
-1333 2022
1727 567
-1903 -1162
1820 -1633
-1154 -351
-1140 2023
-868 1559
-437 1899
-1679 -1486
-175 358
-1572 -799
676 1145
-1552 1542
-2219 -1182
2059 -1321
-232 -1297
-1961 354
577 -1562
1187 -85
-1441 -631
-1687 2349
1200 174
-1854 257
2300 -2185
1901 1338
-14 -1136
-1310 -463
-602 -259
819 1394
1818 -182
-475 821
1677 2299
2325 -1617
-865 -1191
1427 -1642
-1666 -65
-1216 -2339
746 1812
-2121 -1874
-660 1414
57 -1215
-289 -1118
740 -2274
-230 1839
-1462 -681
251 -290
-2324 2229
42 -1435
2141 -995
-625 -332
1244 278
2292 2035
-1816 1158
2367 679
391 -1300
314 -1514
253 -230
-979 1284
636 -900
866 277
209 -441
1385 1092
-303 -2084
182 -758
-995 2286
285 -1239
859 1386
-910 -397
-1520 -646
1400 2297
-391 107
2164 1039
613 2381
541 -369
248 -2149
330 459
-411 636
-1063 1831
417 -1495
-63 662
1145 -641
2148 -1048
-2166 220
-683 845
-612 1476
235 841
-2024 -992
2260 -2070
722 -2030
-18 532
-2179 477
608 76
-1321 -254
-1186 1328
-1237 1176
-1408 2160
1304 1108
-2380 393
2230 -1801
-867 -1035
-1922 1277
2092 405
312 534
-1662 -2127
-767 429
1811 2026
-1078 -2372
1981 -1179
-1558 -1662
-907 -1617
1812 203
2209 1686
-1055 869
-2394 -1303
165 856
-2107 1672
-325 -2386
1201 -935
-729 638
-779 1660
2264 -95
-2253 1937
-196 -464
1587 -295
293 -677
2 -133
1251 -1301
1362 2230
-349 715
747 -1308
164 1090
-2219 -488
167 1841
-1817 -1849
383 -1572
-1643 -417
-580 -725
-777 -2153
753 669
-1539 1976
-778 653
699 1784
-970 2353
-1942 234
1335 552
-2304 603
-886 2000
-164 -2233
-687 -1587
2224 -1688
328 111
1343 -1160
-1425 -956
-924 -2140
1448 -1627
-246 41
2075 -273
2050 345
610 -19
265 -789
845 -1990
595 1810
2219 -2268
1182 1587
335 -2139
866 1583
-27 143
1862 -639
-505 -2160
1627 -1028
2310 -1699
-629 -2028
-914 -1036
1010 -568
-170 -1939
-1543 561
1764 -866
1761 -183
959 -1285
-1736 2304
1239 -201
-1823 256
-567 1963
2003 -377
2233 -1098
1157 237
2262 1871
998 1231
-1045 -1787
604 56
-1449 -1124
924 391
-582 1480
760 1218
239 511
864 -1458
1709 306
1330 541
-870 1536
196 -1133
2340 -1425
-10 -2063
-2319 -297
-868 -11
-2027 -2063
1905 643
-1284 -940
-1680 1931
677 -2394
-910 -1728
-1252 1855
-652 -661
1615 526
-1208 -563
2043 897
-456 512
1663 -2
-1036 1141
1752 -148
-294 1633
-1684 -1194
2013 -1515
402 -1063
1375 347
1769 -1041
857 -543
-694 -106
278 -331
715 2056
2092 1197
-2035 -1103
-1855 2380
1154 -798
-1275 484
-2173 -334
-1274 2098
-1246 -2310
-1961 2013
1080 -1336
-1758 2366
874 -1428
259 -1153
1229 1028
859 351
-433 -1264
-2385 1399
1752 2333
-170 -2294
-326 1197
2194 522
-426 2016
496 1570
953 -749
1874 1066
862 372
-587 -913
2333 2157
-933 -521
-1318 -637
-1843 371
1621 -1555
362 1009
1587 -93
2087 1354
-1204 -1130
-943 510
1933 -856
-1348 2213
-2216 -67
-1414 757
-638 1914
2253 2397
-1945 -2003
1294 -487
-578 -462
-472 -1
2140 -1906
-1447 -2347
-372 -246
-402 445
-786 1069
-567 360
477 902
1582 2280
1219 1958
1982 -1062
-1456 1397
-61 997
-1884 32
-509 -1192
1567 2376
655 300
2291 -1786
184 2074
1063 991
-1445 2161
-1660 -495
1564 -1784
2358 1797
1472 1035
-551 -281
1000 -1532
1985 -1868
1169 -788
168 960
609 1882
346 1330
-1622 -935
456 -449
-774 -1784
-430 59
-1394 1170
-1281 -767
-909 -1186
65 2031
2118 65
1572 962
-1515 1481
925 -426
-1685 -594
-1552 -1475
297 -1913
850 -684
-87 2311
-865 858
589 473
2362 -1735
-28 1043
-1576 2354
-868 -944
-817 946
-31 1003
1916 1194
-1639 56
-79 664
-864 6
-1231 -994
1564 563
-1608 -2044
-308 -1388
-1349 -2110
-1685 1770
-1144 918
2183 -1533
1865 -2295
-1637 -1227
-663 1262
-54 -359
-1672 -2336
-1175 1678
503 -2027
2112 -483
1138 -2085
1074 21
-1547 -2370
590 1807
1654 -2014
-1853 -376
-2290 -1517
-791 2263
-1802 -255
-1301 -1707
359 123
-1117 447
2087 -246
1116 -1688
429 238
1783 1735
-2043 285
612 1301
-550 -1293
-2046 -1073
-369 2273
-1885 -590
-2107 1711
-217 811
-1482 2254
171 2007
36 536
-1052 -1312
1008 2180
299 -938
-1059 1714
62 -1828
2222 -1031
576 -1260
678 -806
-1569 98
-1000 -1344
-887 -369
-668 1191
934 -2143
2276 425
-188 -858
-2134 17
-1725 2136
545 -2219
1244 1646
-1586 -90
-421 -337
137 2118
-551 738
1877 -1626
1600 -1525
424 -801
2279 2384
367 86
1123 1532
-1521 -248
1324 -1481
9 -370
1995 1200
-1104 1103
2203 -1339
-2382 126
-1798 1991
911 -508
-721 -2066
-827 1652
2002 -1456
-1486 1933
-2020 1032
1211 78
162 177
1688 2122
1972 2124
1451 -171
868 -2170
1706 1204
-1205 -555
568 2011
-829 706
1366 1933
-2037 -241
1441 -2203
1969 -2352
1927 1841
-822 -2137
-1003 -1890
351 1750
-1961 -2085
-144 -916
-1850 2302
-895 2038
-423 2039
-1220 351
-2218 1687
-1572 2333
-258 476
1922 213
-137 -223
1652 2302
1883 -1754
-773 -1041
-1564 -1277
-795 -2349
-1973 -2314
2388 -782
389 -1383
203 823
-433 1651
-357 -584
1528 -94
1942 -1602
1098 -1375
1585 -2364
1069 409
-146 -2286
-541 -1391
-1961 667
-326 -1191
-2218 -268
-672 -2136
2381 614
-655 -1547
-1223 276
297 1366
971 -2185
692 1779
1046 -1763
-74 -2145
867 1259
-890 1203
854 89
493 -479
671 1269
1744 2342
616 1720
-1205 441
-1477 1600
2024 1451
2383 1705
1857 1787
-1162 -2257
-1577 -1467
1760 622
2341 -1302
-154 588
1396 -804
-1553 -232
2101 -2308
-2095 -561
-2376 -2069
-2351 -562
863 268
-2148 -499
234 -942
1755 -1849
-2290 -19
573 1473
-1816 -1562
-2275 173
1502 -1756
-2157 -1635
-1735 -1002
-439 1520
-429 2146
818 -1285
-716 -50
151 -2193
-1638 2341
244 209
-1674 1560
-170 902
1390 2274
2354 2031
619 1360
1926 -224
2203 -1578
-2291 1528
922 2035
1096 -1117
-734 -388
-222 -1228
1548 -312
1061 -122
-2294 1899
-1508 160
-1045 -865
-1224 15
-2377 -153
1576 -945
1599 -1497
-1965 197
-1313 1099
1695 -1006
-989 1793
1550 -2339
-862 -2085
1407 2280
-49 -707
-1090 1843
2110 -687
-1221 -1712
-366 883
-2173 -1970
211 -1680
839 1463
1080 2138
-1475 510
1644 -424
-1061 -1791
953 -545
-549 2256
-774 -1428
-425 -1021
182 -1092
-1051 -1144
796 1776
-838 -405
89 -1717
1908 1685
754 549
-1276 -2270
-1245 -233
-1589 -300
-779 67
2139 527
-1282 1546
-2219 -1620
-1038 -622
366 -1062
-49 -584
1086 1640
-2212 2205
-1945 727
1213 1819
-2127 442
146 221
968 -658
508 641
2173 -511
823 1206
-959 1773
960 -421
12 -633
476 -1795
272 -171
835 1583
-1388 1519
-1278 -2278
-898 733
421 2036
-880 -1006
-1919 640
-743 -928
2077 1924
-906 -1249
521 -1271
1108 -1187
190 -1112
-2263 -2302
-1294 -2010
-839 -1407
2140 1600
2125 -975
-1147 -251
-1939 -1367
-2197 -1025
234 -1814
-1844 1124
-812 -2355
-2102 -777
2175 -1271
-747 969
2213 2112
-1280 678
-2112 -684
1486 -1472
61 -495
749 2225
2272 115
1053 2104
-318 1784
-1319 -785
12 1134
-219 -1005
1464 -1998
764 -1671
1884 -146
-569 2353
905 1516
2219 -333
-1620 1537
-1924 -935
542 -558
1782 1122
865 -804
1427 -1706
2187 1857
-1838 -281
1691 1342
879 2367
-1331 772
285 -634
-2131 -241
745 1285
-101 405
72 2121
-1467 981
840 2088
-307 -1649
1644 -391
22 1732
104 -2
2152 -10
493 1671
-19 817
1794 951
2040 938
-668 1329
-1707 2097
1969 47
1948 -1729
-268 1907
1100 -2126
1773 -877
1499 1313
1090 -1805
2091 71
-1149 -831
583 -436
1222 1526
-1910 586
792 432
2259 101
-1102 -1768
1170 -2236
-835 1086
2132 -1524
-131 924
1106 1572
2193 916
229 -2180
270 -1874
1179 -1543
-127 -1478
597 167
-661 -2355
1959 2017
368 471
-1376 750
-1444 435
887 103
-517 -292
526 -1973
-1663 1954
-133 -1117
447 1638
608 -174
-213 -676
-115 843
1020 26
1501 2366
1041 -1862
1289 -269
351 -2104
629 1729
-1894 -392
737 -262
-2226 1967
1691 -2261
1317 -2099
1023 371
21 1871
798 -572
-1846 -467
-1573 -79
1796 -600
-1122 -732
688 1108
-228 -278
1807 685
1953 -294
434 2054
-2153 2175
2390 565
945 -797
82 627
-1826 1490
-361 -803
582 -270
45 -544
-626 922
953 995
252 -1912
1349 96
-1484 275
-2254 -24
-1174 1430
1170 864
-1893 -567
-209 -63
649 -1847
1741 -991
2098 -2311
-1031 -804
1137 -1096
1753 -496
-827 -1348
104 302
-1213 -280
-1835 318
-117 -1915
-1378 840
18 -1182
-1267 2051
-1295 449
1942 -656
-1119 -1767
-1198 -235
1994 728
731 -1165
1220 -536
1843 -2271
81 -1110
-1074 1230
949 -1298
1296 -2289
-1889 364
1444 1488
-382 -1999
794 -903
649 307
-1068 1165
-1480 1966
2319 2306
-99 -1390
-398 -137
-654 -467
-1393 -1423
-703 -2178
1160 1004
-2200 -1217
-2312 2369
-53 -227
-1520 -2345
-991 1603
-1670 1491
-1492 -1353
-838 1198
-1675 -1878
-539 -1221
-1670 -1721
1109 -601
1960 -295
-1684 -1178
-1518 1045
-2172 258
-135 890
409 796
-1522 -1474
1553 -2208
1250 1809
-1527 2079
123 81
-1236 -661
-388 -1724
-1354 -700
-1302 2350
-1446 927
-766 1516
678 -1291
98 598
-380 -72
1221 1897
-1575 937
958 116
357 1063
1860 -1375
970 -1604
-440 1420
196 1877
-262 -2211
-886 803
955 1424
-902 -2309
-373 2313
-103 -98
138 1164
-1485 -664
2374 -610
-1265 1628
240 2230
-1244 537
-7 150
-159 814
-783 -720
-1543 999
1176 364
70 287
-384 1200
-1719 478
-1523 915
1315 -180
1250 -502
-2225 294
737 -2367
-2258 1633
203 463
-512 1973
1213 44
621 -1312
-427 -1094
2074 -1334
-2200 622
1449 -354
180 -1999
-1082 -579
578 -313
879 1581
-1732 -1361
-44 -2009
1511 339
1794 291
-816 -1961
-329 622
2287 -608
428 -314
-295 187
-2270 -1889
758 1460
1057 2119
-1621 -1321
-2393 -1017
760 -1798
-609 1147
-1455 -671
906 1879
964 -162
951 -644
-1394 2323
1909 -2389
1153 971
-1989 -1656
-979 -726
-2353 1333
-1641 -972
-2258 333
-1012 -1455
1232 1352
-734 -2290
-1241 -338
278 2231
-619 178
-286 1036
1531 1232
-1590 -1451
-2201 -1662
-1495 -75
203 -1399
192 995
1804 -1807
-1253 -2315
529 -858
2266 -1122
1474 639
-868 2006
-541 -2206
845 1746
-1764 2356
-2000 -1407
2267 -1166
-1518 1521
623 -2333
568 -382
785 -855
-1118 -1124
-259 -108
1780 2177
599 1267
1186 1645
-1493 2259
-28 300
-816 883
1526 227
2036 1228
1773 -1519
463 205
1283 -1852
-2328 -83
-914 -86
-1070 -850
-1327 -445
2353 1680
920 1400
2020 -1053
-940 619
1901 331
-2248 -723
2301 1278
-960 -598
1468 -1352
1171 2356
-651 1583
1284 1544
-267 1654
492 1038
-339 423
-1602 398
-1889 -462
699 1363
918 370
-432 -2305
-858 -531
169 -1233
1707 280
2265 -2218
2132 -1203
-1806 -2072
2230 24
-412 762
604 -312
-1301 -951
1108 1147
-129 1923
1650 -1528
1806 1761
-576 -274
-2007 1203
2118 -629
40 2216
282 -2314
2183 -1110
1754 -2120
1987 -1481
-1748 -2344
561 -1901
199 256
1863 1693
2164 417
-2384 2210
-2012 -1993
1767 -2258
1628 1238
-2353 1435
-1160 -184
-2131 -449
-59 1727
594 1469
2189 -985
1326 2238
2143 2312
69 -387
45 624
-2016 2290
1735 -810
-1404 2119
-1681 -1923
1622 2067
1142 1215
-1299 153
2331 2052
1632 -756
1491 1816
1655 504
-1372 -474
688 348
-817 585
-1102 2049
-6 673
-1534 -2013
-803 -2381
