-34 -6
16 17
44 4
-49 -27
-6 -18
-27 18
-6 -28
32 -6
-44 -29
-23 21
-41 18
24 -9
-37 12
19 2
-3 41
7 -18
43 -19
19 -2
40 -35
-25 -28
6 21
-46 -24
2 -45
0 -44
-19 -21
19 -13
-26 34
20 18
1 48
-8 -2
45 -31
-7 -6
37 -9
8 -42
2 -45
-13 -7
29 21
-6 47
33 -47
32 35
3 45
5 26
-24 47
20 24
0 15
-23 -44
-2 2
29 45
-4 21
-25 -24
-38 -26
27 0
22 -49
-3 -33
43 -29
-19 -23
35 -36
-9 16
-7 3
-48 -47
48 -13
-47 -25
-47 42
-19 -44
46 14
48 -38
-10 -28
-23 22
-29 -38
-38 -17
-14 27
-32 -32
2 21
-37 34
5 -47
-21 14
4 17
-48 33
37 -6
47 -32
2 48
19 -16
-41 30
-13 29
6 -29
30 -30
-3 20
-45 -14
5 -34
21 47
-24 -13
2 6
-11 -20
-31 -39
-44 -6
-3 -40
-22 -48
-24 12
28 -26
35 13
-34 46
-38 -40
19 14
27 -32
6 -31
-17 24
-9 14
-21 -32
-3 21
0 28
-26 -39
10 -21
32 45
-30 -2
-36 -8
14 3
-38 39
28 -6
45 -47
9 6
36 41
11 -29
44 -47
-39 -43
36 -44
3 -32
24 -26
-34 -6
49 13
12 -33
-38 6
33 10
-6 23
41 3
-18 -2
3 -25
27 -39
-30 -6
34 44
-29 -49
2 -36
-21 12
38 -31
29 -12
29 -15
-8 -48
22 45
-46 -13
-31 -25
-1 17
45 -10
-47 -36
-24 15
2 -16
-14 6
-3 -25
-44 36
-12 -31
2 -35
-6 -42
7 -43
7 30
34 -44
42 16
-42 -38
-44 -8
-13 40
29 -39
21 -4
37 27
0 -3
11 -46
46 30
-19 3
34 16
17 -47
7 34
47 8
-15 30
-36 33
-26 -26
24 -40
21 42
-48 39
-37 -11
15 49
33 7
15 -12
-49 -48
-35 -34
-5 -11
9 28
8 -2
-26 15
-4 -33
-26 -41
-26 -34
0 19
9 6
19 -12
-16 11
47 -36
-6 -11
10 -44
36 -29
-18 26
16 -45
27 38
41 -12
37 26
-9 47
-35 -39
-15 28
4 35
46 25
-20 44
19 -39
-8 -32
-35 -15
-9 44
-44 -48
26 -49
-40 26
3 30
15 26
28 14
-21 -47
15 -47
-38 -8
-40 -31
-21 -33
12 -19
36 -3
-43 -46
-41 11
-35 -5
-41 16
-22 -15
-8 0
-2 -10
-43 -38
34 21
-32 -17
-21 1
-41 39
-8 30
45 -25
-49 -15
42 40
33 39
-11 47
2 -15
30 27
-42 -22
-3 33
-29 -7
-12 25
37 -41
0 20
-18 -29
36 -36
44 -32
-43 21
9 -9
20 9
48 36
-33 -48
3 28
-36 -4
24 21
2 49
-11 -8
17 28
29 31
16 13
-33 -19
-9 31
37 -37
-23 -39
-39 20
-10 -33
44 30
34 10
-10 3
43 21
-25 21
41 -45
47 22
-29 -20
-47 -13
43 -22
42 4
-1 -11
31 -36
44 16
14 -41
-14 -3
-17 -2
6 2
27 2
-35 47
-16 -13
24 -2
25 38
23 21
-30 -12
4 30
-28 -24
6 -27
31 44
23 3
33 40
-25 17
-26 37
48 0
-24 12
-30 48
-34 48
-46 38
-43 -32
-14 0
-47 11
-42 -49
-26 33
24 -28
5 -17
-38 -44
-23 -16
-18 0
29 36
-24 -20
49 14
18 38
-42 3
48 -46
36 -3
-7 -47
1 -24
-44 -46
-39 -17
-43 -14
38 -41
-9 -6
-43 21
-44 31
48 -46
-22 -25
20 11
-24 7
31 -20
7 -43
44 -19
25 29
-14 -16
37 3
-8 -12
-44 32
0 -2
40 13
32 -13
48 -16
12 33
-30 37
34 -18
25 -20
31 32
-19 -47
-2 -27
-40 29
9 2
38 43
-39 -16
0 -35
45 12
-11 0
21 -3
28 22
22 38
-34 40
-43 -48
13 -1
28 -41
-17 12
25 -12
36 -30
6 -41
25 -49
-1 16
-7 20
36 -5
19 -38
41 -21
8 36
49 14
-23 -12
41 3
12 37
14 39
22 -24
-29 -21
-40 -28
-43 -37
-38 19
6 10
-2 -6
-5 10
26 -6
-32 18
11 -9
15 -24
38 -34
28 0
10 37
6 12
-42 -32
16 -49
16 -14
22 -40
-8 -29
16 -48
-17 31
-33 38
27 -29
29 23
-47 1
-5 16
-38 9
-37 31
28 -41
-16 -41
-26 -38
40 -6
25 24
25 2
-41 -23
-27 10
5 -41
30 18
4 -44
19 27
44 44
47 45
1 -2
37 3
-40 -26
48 23
-5 46
-15 37
4 31
29 49
33 25
35 -26
11 21
12 36
-20 38
33 4
36 -19
-26 -47
-36 -30
-32 30
33 -26
16 -41
10 28
-36 37
-28 -26
-38 -12
-15 -2
19 13
-36 -35
38 26
2 -1
31 17
-29 11
-11 -12
23 -25
-21 -35
9 3
17 -10
35 -41
-16 -17
-34 -43
-47 -12
-39 -24
48 -23
-5 22
5 4
-31 -4
32 -9
-32 -44
31 -20
-18 35
36 47
-11 21
39 9
-13 -19
1 28
-10 -35
7 -32
3 -26
36 -3
-15 -49
-17 19
-31 -21
22 0
33 -44
-7 -33
31 47
-18 -8
-42 -12
-12 -5
-9 10
-4 -44
-11 28
-8 1
-12 -6
-3 36
-34 -38
30 35
49 27
-2 0
-2 3
-32 -38
-33 -7
8 -24
48 -35
-34 48
16 32
-33 -47
37 15
-49 39
-21 12
-25 -49
47 6
-48 38
13 13
22 -31
-34 -5
39 36
0 -10
-45 -23
35 -36
-6 -30
28 26
-31 25
-27 45
-45 -46
23 -18
4 -24
-29 -30
-37 -38
35 -11
27 -28
11 8
-20 35
14 -41
20 19
47 -2
34 43
-30 19
-42 29
30 32
-40 17
-37 -36
-7 43
-14 -11
-5 46
2 -3
11 -32
-21 12
-20 10
41 16
19 -44
7 -32
-34 -39
-33 -41
-34 27
20 -48
4 0
-35 -14
25 24
-45 4
11 19
-12 14
-9 22
19 -14
2 -19
-46 -1
42 -36
-2 -28
-46 -40
-38 14
4 -23
27 26
24 -4
-9 25
-1 -12
-20 33
-36 -1
39 13
-43 -43
-47 -23
-31 22
-3 0
-42 -24
-46 42
-27 -5
-35 3
-6 29
26 -47
-3 -35
-17 12
-20 -6
-44 -36
-42 21
3 44
-33 17
47 -15
-49 -21
34 43
26 33
-27 3
37 26
40 43
7 -24
31 29
1 14
-29 -34
-13 6
46 -24
-45 2
-36 -44
-43 -26
31 -45
11 -5
26 -18
49 -40
-36 -41
-36 43
10 22
-44 -5
-32 34
21 -4
16 44
-3 35
-8 -4
-3 13
10 28
-16 36
26 16
-46 -18
25 3
39 -35
2 -4
-47 1
-16 4
-21 39
-31 7
49 26
-28 34
-21 -1
30 -38
49 -12
36 39
-16 5
6 27
2 1
2 -7
12 -28
29 27
4 -7
15 -49
-18 48
-4 -25
41 41
-35 -46
-47 10
-43 23
-20 47
-46 -49
-36 38
-15 -37
6 -21
-1 -16
9 -32
-39 47
-47 36
-16 -24
-20 -25
-13 -19
-27 -36
15 -16
-31 1
-4 -33
-47 -34
36 19
17 48
15 7
-32 37
-3 -33
42 -16
31 17
22 1
1 17
-24 45
26 -39
36 6
-28 22
16 -47
6 -45
-48 40
-10 40
-40 25
36 -5
-1 -38
22 0
-36 -6
-41 -23
22 44
41 40
-35 48
44 31
-41 -2
-31 -23
-41 -37
11 8
33 3
43 4
-6 -20
24 -47
0 -18
-28 -43
-41 41
33 -27
46 -23
-5 -40
-45 34
32 5
39 23
21 -45
-15 36
48 -1
-5 47
-27 -11
-2 12
-23 -14
-35 -12
-47 -5
-31 -1
33 28
17 -37
-46 -5
22 -43
-1 30
23 10
31 9
0 0
49 -32
-29 -15
36 -28
38 14
25 -20
7 -36
-28 49
36 30
-31 21
44 29
13 38
-12 23
31 -40
-15 16
28 -10
25 40
40 -19
-36 21
49 -34
14 -13
-33 28
18 49
21 -46
-26 10
40 -4
6 19
7 -33
14 -14
0 41
48 -39
28 23
36 -30
-29 -4
-13 -27
-22 -14
14 -19
22 -12
46 28
14 -19
-43 37
36 -2
-33 47
-39 -46
38 43
-24 34
35 -32
26 23
17 14
-30 -38
35 -18
49 33
6 -21
26 -47
-2 36
28 17
48 -5
41 33
7 2
-30 32
15 -19
-22 46
23 44
1 22
44 31
16 38
-7 -18
8 12
-44 -20
26 -36
-31 2
-18 -46
39 22
-14 -43
-12 -42
12 -38
2 19
45 7
41 -20
-38 22
-7 45
-48 49
42 -23
-26 -35
-41 26
26 34
0 3
32 3
23 20
-1 -24
33 18
-24 31
-44 9
35 -45
-14 -35
-2 -13
-30 15
-1 47
26 40
37 33
11 -49
40 5
-43 -40
6 -48
-11 -22
10 -12
43 -9
11 -12
-44 31
41 48
-36 45
-20 35
-25 21
19 17
13 -46
-16 -46
-5 41
-21 21
28 35
43 17
35 23
-38 44
30 -33
20 -19
-39 30
41 18
-40 -5
-40 -11
-25 -16
-8 -5
-3 -44
29 -37
-11 41
-45 35
-33 -14
-29 -45
28 0
41 30
-25 49
-43 43
-16 -20
-30 26
25 11
18 14
19 -1
12 16
18 22
-3 37
12 -29
23 38
30 11
6 -32
-39 -26
-39 -23
17 -4
-46 -8
-9 -43
13 -44
0 46
19 12
-28 2
23 -9
18 -21
0 -37
-11 -30
35 13
-28 46
-15 -43
-49 -47
32 -7
-34 -24
-9 45
31 -45
34 31
48 46
1 24
-39 -35
-32 -4
6 19
-26 9
28 -31
24 11
36 -27
1 -14
-37 42
-3 28
29 -24
-36 -14
-15 18
16 -42
30 33
-13 -37
-30 0
-37 0
-40 -27
4 -41
49 -12
16 -43
-3 -48
-8 -22
49 27
-47 -38
-15 8
-3 23
40 -1
33 -14
-5 0
22 -33
41 9
9 13
46 -24
10 32
12 -44
-40 -24
2 -11
27 35
26 -34
30 0
-43 -38
-29 7
-2 35
-49 5
-12 37
38 -13
11 41
13 -44
-23 -21
26 -42
-13 -45
-12 -48
-35 18
45 -17
-36 19
-21 26
28 -40
-17 43
-8 -27
41 -38
6 -22
39 -12
-36 -14
43 -44
-31 -19
27 -42
36 -9
4 -1
-47 18
-5 35
5 8
-22 46
-16 -40
20 47
42 -20
39 -6
-43 -25
13 -15
14 -15
4 -25
-43 -22
-29 -41
35 -6
-10 -28
31 41
10 -3
18 -14
-16 -13
-42 -29
-23 19
38 22
4 0
47 -2
-31 -3
22 -24
43 -49
3 49
-37 37
6 31
32 -9
13 -18
16 -29
-42 36
-7 -7
33 -7
-28 47
30 37
23 33
13 -40
-2 30
15 -47
-22 -25
-40 -40
-46 -26
-13 -36
-1 -6
34 -44
47 16
-36 10
28 -28
41 -15
14 29
-39 44
30 17
45 -37
-34 -16
-47 -42
43 -15
25 -12
-42 44
11 4
0 20
-37 19
0 8
-14 -28
-36 49
5 -38
-15 25
12 -21
-47 -18
-31 -26
18 -17
3 -4
-18 -11
-42 -14
-6 37
32 22
21 10
24 1
4 34
18 -24
-47 -44
-5 8
33 32
-8 49
-19 31
27 23
25 32
-38 -27
30 15
-11 -43
-45 -14
-43 -35
38 34
-37 -34
32 14
-17 -29
2 32
16 20
17 -14
18 23
-31 42
4 27
36 2
-32 -40
-38 -17
-24 -40
0 30
4 -6
-12 48
11 -5
10 45
8 23
-36 -27
21 -21
-42 -18
-33 32
-44 -29
-35 41
-29 35
-22 -13
29 -5
-26 39
-19 14
8 -32
43 -29
5 4
-20 -31
-33 -23
37 -24
42 33
13 33
0 5
7 -4
17 29
31 -28
34 -49
49 -32
32 -14
-30 -11
15 28
32 -15
4 -16
-37 -33
6 21
28 34
-45 28
-4 42
-38 30
-7 -10
13 -37
39 12
-14 -40
0 -25
22 6
43 -47
34 30
-33 -28
-47 45
-30 -20
26 -1
0 45
-40 42
-8 -1
-33 35
-21 4
-42 47
-3 0
8 -2
-46 18
-19 40
-32 19
-2 -21
-2 -41
-47 24
17 -46
-26 28
-33 42
-3 -45
24 7
34 -2
-48 -9
-46 -27
-24 25
-28 10
25 30
-16 -17
18 1
45 2
7 3
-26 -19
-14 4
-41 -35
13 -42
-20 37
35 41
33 -25
-35 34
-30 -20
28 -46
13 23
-47 -11
47 38
25 22
45 -46
12 -7
-18 40
-16 15
2 -36
34 5
-42 -22
-14 11
-36 -35
6 29
29 -30
25 -9
-42 -19
-1 -28
49 8
41 -40
30 23
1 -28
-9 -44
-42 -43
9 -4
-5 -6
0 14
-11 -26
-45 -10
4 -33
32 16
17 -42
34 7
-19 24
-24 -8
31 0
-42 -7
-8 1
42 -9
10 28
-45 -34
22 -43
2 11
-29 48
-7 4
38 43
-7 27
21 0
48 1
20 -39
-2 11
-1 35
3 -3
13 33
13 33
-46 29
14 -31
29 15
33 47
43 -25
-30 28
-8 14
5 7
36 19
-45 48
24 -18
-34 -20
18 -27
-26 27
21 14
43 33
-20 -45
1 -35
43 -34
-16 31
16 -16
-36 3
21 -46
39 -36
-22 31
-31 -40
-15 26
34 -31
15 -32
42 49
26 16
-12 -40
-34 8
42 -18
-22 -18
-40 -48
27 1
38 -21
-42 42
-41 26
36 43
-1 36
8 42
11 18
-45 -2
17 48
-46 -12
-2 -7
-5 -44
-33 43
21 -43
-12 34
-5 -25
-32 18
18 -8
-45 0
-24 -32
3 -38
-30 -17
30 -29
-46 37
27 0
30 32
25 29
5 -15
31 20
-47 -38
-43 47
0 14
-11 36
-34 -22
23 35
31 45
-25 13
-11 29
47 18
34 -15
36 -30
-7 16
-43 24
-27 6
-35 6
-17 25
-28 8
-2 -18
-23 -49
-31 9
49 32
-40 10
42 2
31 40
-33 -9
-9 -14
-15 26
17 -5
-42 -49
-4 -26
33 22
17 -47
46 30
40 -19
48 -28
4 23
27 -43
-8 -33
11 41
41 20
-15 -44
-26 8
45 -3
-12 -39
-40 -16
34 18
42 42
49 -48
7 -5
37 -13
-11 5
-21 -4
3 -4
25 -2
15 28
-8 23
-30 49
20 25
23 27
-30 31
-37 13
-47 30
-48 45
-25 -3
35 33
35 -1
-3 -7
-27 -16
38 29
35 -5
1 -33
-42 -32
-47 34
-7 27
-38 -11
25 48
-34 -16
-3 44
21 -8
28 14
21 -43
27 9
-32 -39
13 -7
4 29
11 17
36 1
28 -11
-44 -21
41 -38
-18 -10
48 4
17 -49
-12 -35
-16 28
-43 -7
-46 -8
-22 11
-7 12
-27 -31
0 -17
18 -27
40 -13
27 8
39 -42
10 -3
49 27
18 0
0 -29
-41 3
35 11
1 12
30 46
-17 19
-16 32
-13 10
-8 40
-13 23
43 -30
-31 35
-27 -11
44 6
-37 -44
-10 21
32 9
-9 -43
-39 -37
16 14
-5 9
47 21
26 16
3 16
-20 -4
22 19
-31 12
34 -14
35 -15
37 -13
-38 -19
-4 42
-5 -17
-3 -9
-27 42
13 -24
-8 -35
0 -45
-45 38
-46 44
-7 -24
46 -46
38 27
-22 27
36 32
3 -9
-25 -14
-11 -45
-9 11
19 -29
-11 -45
17 25
-41 29
9 5
-47 24
47 7
1 -31
-48 43
9 41
48 -41
-31 2
-35 -4
-23 -30
-7 20
22 16
-45 -4
17 -28
-31 -21
32 31
-43 35
-17 -32
-3 -11
-34 -23
-3 40
28 -13
49 1
-26 -25
-28 -15
-23 25
-5 -47
-5 22
0 -25
-11 -10
25 -4
-10 -7
0 32
34 -41
-38 -19
-5 -16
15 -42
13 13
11 23
48 -6
49 -33
39 32
45 16
45 -2
31 16
-11 0
16 -35
1 -48
-2 -17
2 42
21 -46
41 -42
-48 31
-33 35
-2 -11
-36 -47
-35 9
14 -25
1 -39
0 14
3 -47
37 0
-1 15
21 6
21 -23
-14 5
-29 45
24 -26
25 -1
-1 -14
30 25
9 -6
15 4
7 -9
-22 -32
-47 38
-25 -21
-19 11
47 -47
0 -21
27 30
14 -17
43 -20
-37 -37
17 4
-7 12
46 28
-24 43
-44 -44
-36 44
35 32
-36 35
-49 22
9 34
-23 13
13 9
27 36
4 -10
-44 2
43 -15
-16 35
-14 -9
-30 -23
44 -35
34 -10
-15 16
-8 -26
0 11
-31 44
7 28
-25 -42
29 -22
0 42
30 -21
-18 -46
21 31
-11 -21
-27 -36
20 -16
14 34
-33 -2
-32 31
48 49
-23 -29
-10 49
15 12
-26 -30
-7 39
18 46
24 28
44 -44
25 45
-27 -5
44 5
37 -31
-49 -45
23 -6
-34 -2
-40 21
49 7
27 36
36 -9
35 3
29 -1
9 28
9 48
46 27
8 -27
34 34
41 13
35 -45
-44 -20
-44 8
-18 -20
7 30
8 11
-3 -36
43 3
-30 32
-7 -2
29 -4
45 9
4 29
7 31
47 -34
34 18
-19 -8
-31 -29
30 -2
-24 -1
17 -2
15 8
-13 45
36 8
-26 41
16 35
-21 -38
4 8
32 27
43 18
-7 30
39 29
-8 0
-10 -25
8 -20
10 45
-13 -45
-49 19
-37 -27
1 -19
-3 33
0 11
22 42
-21 45
29 -15
30 27
25 25
42 -6
-27 47
24 34
29 1
10 33
48 0
-1 47
-11 -47
13 38
32 -35
26 -7
-45 -12
-1 36
7 -23
22 0
-42 12
-39 -11
-40 45
-38 14
33 28
-48 -34
-46 -27
-49 -8
-18 -18
-46 -3
33 4
-10 4
-25 27
-10 45
34 32
-19 -1
-24 47
23 34
4 -32
-32 -42
6 48
-22 28
-19 -41
31 -20
-21 40
-46 42
-49 21
-41 -47
-5 49
45 40
5 3
-41 6
-27 37
-17 38
-25 4
11 -34
45 22
34 19
-33 21
-41 29
44 7
-34 40
-3 -7
-35 -38
-28 -4
32 -18
42 -49
28 -49
13 22
42 -47
-21 27
13 2
-45 34
37 -15
-27 -49
15 40
-8 10
-38 -44
41 35
8 42
-39 -5
12 21
13 -36
16 -46
20 -17
17 -31
23 -7
15 27
-39 -10
-39 -2
-39 44
-35 -1
30 -8
45 9
24 -26
0 -10
-2 5
-3 49
-20 0
-27 1
-14 -30
16 29
-7 -40
-16 48
-39 22
44 48
7 11
-34 18
46 0
4 -47
-4 17
15 -4
5 -3
20 39
-33 -45
-40 49
11 -36
47 -27
42 40
25 0
-14 36
44 -32
37 2
39 0
-5 17
-22 -28
-20 -27
-15 -9
24 46
44 39
-39 42
-24 41
-33 -45
-47 -10
37 -26
45 -44
-1 -34
-15 -27
-17 -42
44 18
32 -5
48 11
-35 -18
0 19
-32 -32
-17 -21
33 25
-10 -39
-20 49
-36 17
-1 15
10 48
9 -36
-44 36
-38 -8
-21 33
-39 27
-29 32
25 -25
-43 22
3 -41
-48 0
-16 48
10 1
44 5
-11 -45
-16 -29
-44 34
19 15
19 -13
-3 -5
11 25
3 45
4 -18
-46 -37
5 -37
-40 -24
48 16
12 2
-18 -27
-33 -18
12 1
-12 31
-1 -32
-7 -22
-43 20
43 -41
37 -39
8 36
-4 0
28 42
47 -36
-44 39
-49 0
17 20
-4 16
14 26
35 21
-28 -43
-3 8
42 40
24 -41
48 37
-43 -28
-32 -13
-36 46
9 31
38 -22
-42 -42
41 -15
18 -6
33 -37
16 -17
29 30
19 -34
13 -48
-41 13
47 7
35 17
-24 -24
-29 -49
25 -48
44 31
24 -18
-37 -28
-34 0
-2 8
37 -3
-32 16
18 16
6 -39
20 -17
44 41
31 -37
17 27
43 3
-23 47
40 -8
16 8
7 -9
-2 37
0 36
-24 14
-1 -38
-32 -21
-13 -25
13 -24
19 -44
-14 42
1 22
22 -36
-1 -33
16 -22
-23 -3
5 7
25 0
-43 25
-39 17
7 18
-24 -15
-16 -18
13 -28
43 48
-10 3
48 -31
-32 42
-37 43
-48 42
16 -30
12 -30
-17 -17
-32 -39
-43 43
21 15
5 -3
32 20
37 10
28 38
-14 16
-38 -37
-5 -4
10 -2
8 -12
-7 -15
48 46
49 45
18 -40
5 -40
13 -13
-26 -15
-19 37
13 29
18 -47
-6 -19
-17 39
14 32
21 34
-2 -18
7 18
14 -40
1 24
-36 -35
31 20
-41 -49
-47 17
-3 15
20 6
28 -25
19 -46
13 23
40 -48
1 -49
39 -27
22 30
11 -4
-27 6
-12 24
-29 -24
48 15
-26 -13
39 -38
-38 23
-18 40
-29 46
0 0
-35 -28
-45 23
-3 3
-42 31
-35 -36
36 -40
-39 28
-40 25
21 -39
-5 -7
43 -7
30 36
-44 -48
12 -40
-39 11
-28 26
-44 0
-38 -27
-34 -45
4 -38
-17 -42
-49 21
17 0
-32 26
27 -8
12 -37
36 -43
-36 0
37 7
1 11
13 -14
11 48
8 -30
17 -26
-31 -3
-28 47
25 41
-20 -42
-44 5
27 46
0 3
-1 -20
-43 49
-46 27
7 20
44 37
26 33
2 16
-34 -35
2 13
-20 36
-15 -47
-25 15
40 44
14 -4
24 38
19 -2
-29 -44
34 -35
30 9
13 26
47 -39
1 -5
-10 -2
22 -39
43 -38
34 -3
-9 -21
1 0
4 6
41 -18
38 36
36 -30
-42 -9
33 -13
-7 -19
-22 -27
42 3
-16 28
-29 -14
-12 10
-24 -33
9 47
-16 -45
-38 5
-21 1
-4 41
-11 25
-12 -40
15 36
-12 -14
-13 -32
42 -46
35 31
27 -10
8 29
-38 -37
11 -22
12 -37
43 48
8 25
12 18
-23 -41
13 33
39 30
-33 -19
-40 31
18 -34
-46 -29
-19 16
-7 28
-31 -8
46 -5
47 -4
8 -4
3 9
27 -38
37 8
-18 -19
-29 -46
-37 -30
-35 -46
31 40
-24 39
-44 10
-24 26
-44 13
-23 30
-21 -15
-7 41
-30 -8
49 24
4 -32
21 38
-20 7
-45 -15
21 16
-14 -34
10 42
-7 48
21 -39
-19 47
-42 -18
13 3
-16 -3
22 -43
48 10
33 11
12 18
-45 -30
21 6
-42 2
1 14
46 -31
-35 -32
25 -4
3 33
-32 17
-35 9
21 4
-38 -3
-49 22
-28 -12
15 28
27 7
-40 -40
-34 39
31 -45
45 -12
38 36
-13 -26
-41 5
7 33
-6 -3
-34 15
42 14
-4 -7
38 8
-32 9
38 16
-37 -30
24 -4
34 35
0 -19
31 40
-1 -20
-21 -19
39 24
-1 36
-9 -41
-13 -19
-16 -11
-19 -3
21 48
14 22
17 -43
36 21
-40 42
-8 -32
-25 -49
-38 -8
-4 -24
-39 41
28 43
21 -3
-4 5
30 0
0 -39
-18 15
-42 31
9 -39
-43 -36
-38 39
-13 22
47 -29
6 41
-13 17
49 33
8 37
-11 -49
-44 -17
-8 9
47 -43
8 -28
21 -31
12 29
-29 4
-2 -6
-46 49
43 24
-9 -25
-35 28
49 36
-30 -26
13 -10
-20 6
-8 32
-20 -21
27 18
27 32
-20 22
-45 41
-39 -45
-16 -12
-24 49
20 22
38 -34
28 2
-47 6
18 42
-31 8
0 46
31 41
-22 45
11 -36
33 2
32 -41
-11 -32
28 44
-45 28
0 -43
16 40
19 -23
22 15
-41 -46
4 42
-21 -45
38 0
12 -32
40 -9
40 27
-44 -3
6 -40
5 6
-6 -36
-34 35
-4 -22
29 21
-23 -8
-43 -46
4 24
-2 -2
-5 37
-46 -47
-36 -37
6 -25
16 -17
-19 15
-38 30
-36 -24
31 18
29 -29
43 2
-42 37
-4 -8
4 23
-49 -38
-33 33
-21 30
-21 5
-21 37
-29 9
-1 27
-4 5
0 28
-13 -38
8 9
-11 -18
-25 28
39 15
-38 4
6 -21
47 8
47 -10
-16 12
-40 -9
16 37
-21 -49
17 21
46 37
-3 38
-7 -10
20 37
3 -37
33 4
8 -10
36 2
-13 -38
35 33
33 -46
-30 36
4 -12
30 -44
49 8
17 25
28 15
-40 -47
-47 24
-27 32
-26 43
-31 0
-17 -16
-33 6
12 -29
-40 -15
-11 18
34 23
-35 -20
16 -35
23 -5
26 -20
-5 8
9 -8
-39 -11
-27 8
-18 1
43 5
-33 11
5 25
-40 -42
17 -36
-11 -25
-21 -19
45 21
-8 -26
32 -16
42 0
-3 4
-12 39
40 11
-41 49
-39 0
-20 46
-8 7
-24 15
18 43
30 30
-13 12
-11 38
32 -49
-5 14
-4 6
-45 8
43 -3
-8 14
-26 5
44 4
-12 49
13 37
-27 -21
44 -29
15 -32
33 30
5 -39
47 27
48 1
11 49
42 -33
-16 -28
-7 -16
27 -49
-49 -44
-9 27
2 0
-6 44
-9 -15
28 29
-33 -47
2 44
48 43
-27 -39
35 -36
27 0
-40 -20
-49 -16
-41 10
-1 19
49 48
9 26
-46 -48
-11 -12
4 40
23 14
44 -1
-8 -34
44 -30
-28 -38
-37 -43
3 13
-38 41
-36 -38
-47 15
7 -35
39 16
-19 46
-41 -11
24 -41
-16 43
-42 -8
-11 5
10 5
11 40
34 -2
-48 24
-21 38
-12 18
40 -32
42 19
-9 -31
8 10
2 -28
8 49
-42 -34
-33 33
-27 -40
19 15
14 15
42 -18
38 -46
37 -31
-9 35
21 -37
-49 -38
43 28
-22 42
14 0
-32 -39
-21 10
-49 7
46 -38
28 -43
-3 -18
25 44
30 8
-11 24
46 -4
36 13
41 -44
-24 -26
26 -32
-29 39
-35 -9
-43 -3
-25 0
-1 -34
-21 2
30 2
-11 -35
-21 10
0 6
-26 28
6 -11
40 -14
-9 -30
6 0
-41 34
-45 -4
18 -25
-36 -28
0 36
-42 29
16 -22
-15 -45
-24 46
-8 6
-24 42
-45 -45
-29 16
-41 -49
-28 -36
-39 34
-38 -14
26 -7
15 2
44 -13
49 -10
16 37
-30 10
-21 0
-30 -16
-42 27
-26 0
-24 27
-18 49
7 3
-29 -2
20 7
2 40
-41 49
25 -16
-9 -11
31 -28
-20 -49
-13 8
-16 -39
-31 -32
-32 19
15 42
-1 0
45 17
9 -28
2 -26
5 -32
5 13
-27 35
31 0
23 17
5 47
-15 46
-34 -39
-13 35
32 22
-43 -40
-31 -12
-38 -24
43 -17
-24 -34
-17 0
-42 -23
-14 -30
-44 9
28 -36
21 -5
-46 -24
38 43
-11 -30
40 -43
-24 26
-29 -43
12 29
-29 41
-42 37
0 -31
24 -10
-38 37
17 8
-12 -13
-48 -17
-32 22
-26 -33
-17 41
-18 4
49 -19
-1 -47
-38 -22
26 -33
4 46
31 33
-3 44
-40 -36
-10 37
14 -28
0 26
29 -39
22 16
-1 -25
-15 0
-6 -19
-32 -3
34 40
11 1
9 -36
-48 -12
47 32
36 -33
-14 4
-38 26
46 -31
-41 45
-34 18
18 -40
37 11
43 23
11 -37
30 -34
25 -10
-27 -3
17 33
-26 29
35 -20
33 -18
36 16
44 14
-21 41
-29 -37
33 41
-9 -16
47 -18
38 -6
-7 -8
12 -22
20 -24
39 18
27 -46
-12 47
0 2
46 -11
-19 16
-38 -4
25 41
18 -44
12 -45
16 -26
23 43
-13 4
21 39
1 41
1 1
46 43
31 -6
-22 -5
-17 42
-2 48
40 -47
41 -2
46 35
15 -41
35 13
-2 0
19 5
31 44
-3 -9
4 -2
31 -39
-17 15
47 -20
32 -7
36 -2
33 20
41 42
-19 -45
-45 42
-10 -30
-31 36
48 -33
-9 28
-38 -19
36 38
-19 48
31 32
40 22
-34 -22
4 -45
34 4
-8 14
-17 42
35 5
-46 -15
-9 -4
13 40
27 3
-37 -26
44 -11
18 23
-10 27
-20 3
-14 5
7 3
-6 22
2 36
10 -20
31 36
41 21
0 -28
21 14
35 22
-17 -40
22 -43
-6 -7
32 -22
-22 -20
33 9
49 -21
20 -40
-39 38
-27 26
48 10
47 -48
-46 -48
-7 10
-1 -34
17 -46
21 39
41 41
-48 38
-30 9
-25 -25
-16 7
-47 -18
-9 -10
-37 33
-36 23
42 -21
29 2
13 -4
-20 29
33 -39
34 0
14 -42
16 -46
13 -9
28 4
31 45
24 -32
47 -37
-15 -31
11 49
-11 -38
-24 -5
-14 -46
40 8
3 42
36 31
-38 -27
14 18
34 14
-43 -47
49 -44
-33 47
-43 -10
-12 -27
14 12
-36 -20
-12 -35
-14 -10
28 12
49 18
-44 27
-45 -15
-3 -2
4 19
-25 4
9 7
-24 13
-49 43
12 -44
27 0
29 9
26 34
-20 -29
-10 22
0 45
-5 -22
-32 33
25 -2
14 17
-24 -13
17 -44
37 -2
34 -29
11 20
1 -9
35 16
26 -17
-6 40
45 -19
30 13
17 19
29 38
23 11
-36 33
48 6
18 21
-5 -39
-40 14
48 -40
-42 20
-10 -39
45 -43
-2 -27
11 49
35 37
-38 4
43 -32
10 49
-5 -26
-36 -25
-11 26
-47 -10
-43 10
-15 20
-31 -15
38 4
-5 -7
21 19
-11 -47
-41 -11
-5 23
39 41
-18 -21
0 -19
3 -27
32 -6
10 -8
-30 20
-37 -40
-22 -6
34 -24
23 39
17 17
-42 0
-5 -45
-41 22
27 -13
-42 -19
0 14
20 -27
13 7
-45 40
30 -29
9 39
1 13
44 3
-43 -37
0 7
-17 39
-8 29
-28 38
16 -48
-28 -7
-9 24
-18 -46
14 10
33 -39
-37 -43
-18 8
-42 23
37 40
-49 1
26 -13
12 43
22 28
-40 -32
-21 -30
-20 24
5 -1
-23 -22
-13 -47
36 19
-34 48
-42 13
15 -29
-32 -21
-25 10
-45 42
-48 19
8 0
-29 43
-44 -6
44 33
21 -17
-17 -48
15 34
-43 40
-26 -3
-43 6
28 -20
32 18
10 49
-49 -41
-20 33
11 25
23 25
-12 -25
33 36
-46 -30
-48 28
-18 21
-6 -18
33 35
-15 -49
-7 -5
22 9
32 8
47 45
-41 -27
-8 1
47 36
-18 -15
11 10
24 27
-33 26
-44 18
-6 41
40 35
5 -18
-32 -17
10 31
18 -41
-4 7
26 -1
-13 3
22 -9
-35 -47
28 -11
34 35
-18 -20
-43 -45
-46 -19
24 -8
-1 0
-19 19
-48 -20
30 47
35 17
-19 48
7 42
-9 8
4 -16
-30 -24
-19 -40
-1 48
-47 -16
-23 10
-18 -45
24 -3
30 45
-19 -22
15 45
22 -32
-28 -14
-43 -3
9 16
-17 10
33 45
32 -37
11 14
24 3
-28 40
48 -6
8 -36
49 48
38 24
-33 -17
25 41
-5 21
-46 -45
-46 -49
-14 -1
-46 -14
-39 -2
-34 0
-49 -17
-43 -14
-19 11
-17 6
-29 2
34 -37
23 0
-19 6
5 -32
0 -30
24 23
42 -38
16 -41
13 -20
3 8
33 9
14 31
42 -1
-26 -5
9 38
26 -39
8 47
-43 4
21 30
30 -44
-23 -34
48 40
36 -15
40 37
-37 40
-15 20
-7 -20
-37 40
29 -12
-29 26
-45 -25
-47 -40
15 9
-21 24
37 37
38 -2
13 32
45 -35
16 46
-5 -43
-16 -10
-1 -8
42 15
-26 -24
-8 -17
5 13
22 35
42 24
-18 -23
33 6
-46 25
-24 -7
30 -25
48 -43
-9 47
-8 42
-40 -1
-2 -34
13 19
-46 10
-24 -30
-48 -23
14 30
-47 -26
-16 48
10 -5
9 49
-36 19
-2 6
-17 -3
-35 -20
19 -14
18 14
5 -27
-20 -7
-39 -42
-20 -19
-33 34
-30 46
-42 40
-33 -26
27 -18
41 -9
-11 39
-33 8
-23 17
49 -21
-39 19
1 -12
-41 45
-16 -34
-34 29
-48 16
-40 3
27 -40
33 10
-33 48
30 1
-30 42
21 16
35 12
-5 -26
-12 -9
41 26
-43 39
-31 -33
6 -48
25 29
12 -10
-12 24
19 -36
-22 -6
-29 41
18 30
27 32
-40 -33
37 4
-7 29
5 -24
8 -32
-46 -48
8 40
42 23
-9 -42
9 -6
-24 13
-11 36
33 15
-2 48
-6 22
0 -43
-11 35
49 -40
0 -23
-8 24
21 35
35 -25
30 -13
13 21
34 -48
-13 -2
-38 42
20 22
-40 34
0 -37
41 -30
3 -47
-18 -7
34 -4
32 -34
1 9
-19 39
-23 -29
4 -37
3 -23
6 44
-13 -34
-32 39
18 38
9 -16
4 -22
30 -19
-22 -14
10 -43
-4 -42
15 -19
-19 -43
-26 6
-13 -26
-23 9
12 -32
12 -46
-25 0
-8 12
-12 16
45 40
-46 13
35 -3
7 -33
-9 46
-26 23
-48 20
23 40
47 12
19 -24
-34 22
45 -2
18 -7
-9 12
31 7
-47 -41
-24 20
0 -33
-5 14
-30 -7
46 -46
-49 35
-6 20
44 9
6 38
24 44
-30 44
22 0
-18 5
19 13
27 -18
-3 20
9 -9
6 -15
-21 -43
6 15
6 40
-10 -42
-38 -14
-12 33
39 49
10 -41
10 -8
5 -32
2 28
-4 40
32 5
29 25
47 13
-24 -33
-1 42
20 29
13 -35
1 -44
-33 -41
-49 -28
-38 0
38 -28
-5 -4
-32 -1
5 -21
23 -7
8 -10
-25 -3
-9 19
8 -8
28 7
-4 -12
-25 29
24 5
-26 8
35 -25
-5 -33
44 -3
1 -26
-34 -13
44 -37
31 5
44 41
-15 16
-22 -7
-14 -36
-42 27
44 45
19 -45
41 27
-16 45
33 4
-43 -2
-19 25
-1 28
-39 17
27 14
42 43
3 34
-13 14
42 -6
-29 -7
-32 -15
-19 26
2 -21
16 36
39 -39
19 -15
-5 -1
-20 -38
-19 -34
43 -2
-22 -42
-25 20
-9 16
39 -25
1 -2
44 -7
30 44
14 10
9 -19
-43 28
-42 -9
-12 -32
24 34
-42 -16
30 38
0 10
8 -11
-30 42
49 35
31 -31
-34 -31
-42 5
38 -31
-24 -47
7 29
-3 -12
-10 4
-2 37
7 -36
21 35
13 22
-11 -5
29 -6
36 -22
-16 -11
-9 22
-26 45
12 -45
-44 44
-42 23
4 -40
15 15
-1 23
-43 29
-48 -13
23 40
-16 10
-45 43
-25 -21
32 49
-3 2
28 -8
-46 -37
-25 20
-10 47
-10 -23
49 -34
-27 -11
-25 -43
21 -24
28 32
18 32
29 29
-35 39
-42 34
-43 -41
-31 35
4 -20
9 -7
-8 35
-2 20
37 35
41 32
-35 40
-40 -35
24 -19
25 -40
-32 27
32 -8
-40 6
-49 25
-19 25
44 0
11 -32
31 14
-37 17
10 -14
17 14
-22 -21
22 -31
9 -46
28 19
17 -11
49 5
-38 -39
46 -16
-9 -6
-6 -42
-38 21
1 -22
30 4
10 14
-16 -26
-48 -42
15 32
13 -33
-25 -14
4 -43
-32 -43
6 26
-21 -49
2 34
5 2
-22 45
-14 10
16 -45
-1 -45
-11 -18
-24 -12
31 5
-32 31
-13 -19
7 19
32 -5
45 -2
14 -31
-13 45
9 -26
-28 -4
11 -13
-10 -33
-44 -24
-4 16
17 -15
46 -21
20 -16
18 45
29 -12
-1 -22
32 47
-21 46
-25 -11
-13 46
16 20
-8 -18
-10 18
43 3
-28 -9
-37 -32
32 19
-13 -36
-27 23
-36 25
-43 8
27 31
13 36
27 -28
30 11
-31 40
18 -23
-3 47
-23 0
35 5
-23 -24
-48 4
-27 -31
-35 -49
-22 0
-18 -19
25 36
-48 18
-45 14
-21 27
13 44
25 -4
-29 30
-18 -4
-21 -3
16 0
-8 20
-9 -39
-19 -27
7 0
37 -1
19 -31
-33 -8
8 -18
7 11
-29 36
12 11
-6 -13
18 -11
-45 1
44 5
-28 -39
5 38
-32 46
37 33
0 6
-41 5
14 32
-48 6
-44 33
21 8
44 -6
-36 22
13 34
-39 22
16 5
-10 -3
15 36
-33 1
40 24
15 35
11 13
-25 26
35 36
-19 31
17 47
0 31
10 -5
-26 -45
19 -18
28 -45
-30 20
48 -17
7 1
1 -1
-23 -7
-36 3
45 36
-6 24
48 49
-11 -34
-21 -32
-24 -18
-45 -3
-43 -32
-46 -14
0 -43
40 -30
45 12
4 33
-48 24
6 6
7 -30
17 29
-29 -10
6 40
-11 14
-17 -45
14 -29
-46 -8
9 45
5 40
27 -18
41 45
-2 -5
25 14
38 -17
17 23
-13 -19
-43 -34
0 23
-27 0
32 -29
-28 45
43 5
28 17
1 -47
-23 24
5 15
44 1
34 34
46 -40
-43 27
-41 -32
4 19
30 42
41 -33
-45 -7
-4 22
37 43
3 -22
16 -15
-7 27
-36 -33
46 -42
-13 -41
-43 9
23 -34
-11 20
-23 24
13 -41
0 19
-32 26
-21 31
-8 -15
11 37
25 -11
-33 30
-21 -6
-19 44
-3 19
1 42
1 -41
35 -5
42 14
-19 -44
21 29
-13 -23
27 -44
-25 -26
7 -47
-36 34
37 -4
-34 2
-40 -3
-9 9
-35 -38
-25 49
48 8
-43 -31
19 -35
24 44
16 33
-12 -6
