-130 732
603 379
2286 -3527
-3337 -4284
-871 2100
-2134 221
1342 -1286
-3406 1501
39 -3327
-2365 -152
2996 3607
-4046 -4080
3465 2679
-4195 974
-952 -2302
3664 -3749
-1863 -1424
-73 -2151
3654 1054
-2785 795
-938 -265
-3622 -218
-2793 760
4064 827
-1021 -971
-3269 -3018
2808 -2447
511 -1653
1652 3777
-2731 3834
874 3606
-3761 1456
-1622 -450
-2650 -2284
68 3581
4096 -2885
594 176
854 3564
167 -3584
1073 -2208
2884 1575
-4070 437
-2619 -3315
-2908 2691
2141 3049
-3648 -851
4217 -3086
3671 143
3083 3933
-2167 -2688
-2074 -2439
-2371 2344
2618 -2611
-2912 1806
-2509 -1445
2923 2556
-685 2490
85 1270
-1669 3209
3137 -3575
-1016 -2681
-397 -3048
3363 1505
1192 -3764
-1853 -3703
-995 -3986
4291 -3561
3290 3475
-1923 1187
-2125 2526
1270 1748
-1409 1808
1085 -4100
3501 543
-3483 1623
-306 336
3062 2592
-3226 3198
2714 2781
-3836 -4250
-1579 3754
-1838 3109
-2520 1833
2237 -652
-1438 1437
3247 -3064
-1958 2632
3676 1832
-1684 -3189
-1999 1075
2492 -3190
-2207 342
-1030 2129
-473 3444
1880 3489
-3896 -655
834 1581
1405 -3782
2985 -291
-1235 2343
868 3199
-2738 -4210
3749 -3380
3714 -3664
-1390 -596
343 1329
3112 2695
3794 1851
-1373 -132
-3710 274
123 -4277
-3929 -2977
-149 1570
550 2258
-437 1705
3920 -772
-1310 3828
-1475 -899
469 2566
2817 -3370
591 -2339
-4197 60
-2310 -1344
4078 277
2459 -1410
3872 1290
2946 3856
2585 -618
-3520 -3659
3759 -26
-544 2620
4072 127
-3533 -1979
1081 2391
4270 3592
-2916 3746
3997 -445
4283 3113
1894 -134
3479 -3299
-2874 -2545
815 639
-3558 645
-491 2212
839 399
-454 -3407
1779 235
422 3681
-412 2211
3451 -3497
-2362 1842
1744 -76
-3891 381
2393 -2040
2216 806
-2918 -1514
-1618 261
507 -2906
1177 -2543
2070 -3747
2469 -1245
314 3455
-351 93
-930 -1281
-1861 3721
-3197 3949
1637 -1994
3071 2423
534 1247
2462 -802
-1431 -1682
-4247 -3763
1514 78
-2564 -2913
-754 -934
1245 -3717
2989 868
2065 -3421
-1940 -3370
3225 2498
-4202 -1943
-1704 -2972
4034 -1218
-1577 -889
-842 3901
-3884 1593
-2561 -402
2239 3118
2709 409
1599 2693
1053 3598
-3720 3583
-688 2174
-2169 -221
-479 -551
-1019 -2094
-2109 2552
559 -1326
1360 694
4052 -2021
2413 -877
3194 4079
-1402 -2034
-1996 1714
-3219 4122
-2331 1762
2463 -3978
3568 -3670
3404 -670
1875 -2063
429 1555
3416 1777
1584 3375
727 -3731
134 1860
-3742 1423
1329 253
2424 1493
1154 2357
1014 -3757
2836 -4082
887 3194
4289 3979
-1114 -454
4001 -967
-1355 -1378
-1792 1331
3071 -2198
-3159 -733
-2776 3792
3026 -1294
879 -129
-890 1485
1841 4275
3162 183
-3316 -1883
-2487 -4248
3338 -3019
-462 994
-642 2401
-737 3178
-2945 1257
577 865
-2243 545
3907 -4158
-2710 -2860
-2822 2028
-4239 1950
1874 -1505
-443 113
3371 -271
-41 -3540
-3461 2609
-252 2376
-2799 998
1389 -1931
-2811 -3830
941 2843
2595 -2169
3515 1254
1179 2034
874 -2235
-3734 3619
-4057 -1976
2944 2625
-1719 3736
-3463 -2688
-836 -433
867 627
-1757 -2157
-3401 230
-1850 -83
980 3175
-1140 -2776
226 -3285
-2452 1779
1386 2901
3864 3699
-1272 -3374
3419 3255
3678 -2974
-3805 -2943
-3329 -1817
-3416 1121
-3453 1766
-1136 -681
-1726 -1324
-815 -335
-3450 -4255
-977 2303
-2516 -3603
2863 -928
948 3363
3466 102
-279 -1932
2042 -354
2058 -1867
-2828 467
2250 -3416
-388 152
-257 -3968
20 3059
-167 -2145
609 -3516
2384 -2638
-2396 3425
-1501 -2922
3104 -2380
272 -3296
-2856 -2230
-3352 -3895
-2431 597
628 -1092
-2657 86
-2024 944
-3169 -2647
714 -1554
-1501 -585
2535 769
425 2442
1155 1960
775 2079
1758 758
-2891 -1764
401 4017
895 -3611
-3183 2652
-337 -2750
-622 220
-374 -2451
1665 1043
-3541 2138
-4060 3576
220 -2635
2846 -3209
-1200 -1483
2480 -2220
-2686 -2018
-3514 -3331
4021 -2405
1814 4008
895 1548
1466 -3653
-2547 1546
-618 1384
-4011 1751
1523 -2493
-1864 -1133
-3413 2400
-1243 -405
3319 300
496 -4070
-3963 1978
2138 -913
4162 445
1761 -1477
-3224 2536
1870 894
529 -3338
-2570 -3131
-17 1440
3476 -3049
-1263 -936
1264 1193
-3861 1333
-1025 -3063
-155 -3117
2246 -3540
1419 2791
-1190 -641
1819 860
-3360 -3364
-1768 1112
237 2636
3949 2578
3301 2604
-1867 2595
-822 -999
632 -3850
-1698 -3211
367 397
-141 -658
-3161 3464
-517 -2112
-242 -1559
-4025 1693
2259 3302
516 3524
2061 1952
2383 -1197
-2247 2194
-2009 3278
-1523 -1396
3546 1953
-1214 -3138
-4007 -2600
-738 -653
-3341 217
-1211 1609
3810 1599
-3530 3796
-35 -14
-1159 -1998
1521 3296
3077 -2034
2101 -550
-3137 1696
-3406 224
-211 -298
2476 4201
869 -3740
-4232 -3533
1293 -2662
2406 3109
3947 1954
2438 -3465
181 -1014
-1861 -2252
-1594 -787
-2883 -2737
-4028 -690
3174 218
-3130 -3727
-1724 -3386
757 -502
517 2369
-4133 -577
2073 -2320
1047 3351
2768 -1068
172 -992
-2845 -3111
3782 552
-4020 3079
-3837 538
3511 -825
4214 1886
1104 3641
-3253 3381
528 1826
-673 4198
-1152 -4038
-1180 3650
-1527 2697
594 -2830
-943 -3052
-2679 -3119
2452 -4037
2041 -2832
-3857 -12
-4283 1212
-1572 -1788
-693 986
1401 -402
-2081 3564
-1629 3584
2780 3805
1196 2756
3138 17
3275 1008
-1385 4293
1784 -2297
1588 2787
2812 -437
2763 -709
-3151 -743
-3153 128
3611 1523
2775 -1511
-2986 -479
-3118 3818
2895 2419
-3024 -2962
-3886 -1052
3856 2877
-1667 -3656
-1130 1016
580 2509
610 -3117
-1877 1353
-2893 -3622
1030 -3135
2638 614
-2497 1514
1125 3607
-488 3956
-2835 -96
1781 -3297
3733 1226
1589 -958
-2768 4117
-2426 839
3631 2248
-3558 -725
2295 -1147
-340 3357
839 2240
1830 3356
2965 165
2046 -3119
538 1391
3620 -1930
-2342 1015
-661 4218
2774 4144
27 300
-292 -1639
-2701 -3049
651 -3311
1743 2082
-1575 -942
2416 4203
3154 -641
-3957 -2039
3115 -479
-343 -1397
-2282 768
-3093 898
266 -3598
-1489 -107
2002 3993
-4236 -1864
214 1719
-2582 -3884
3888 -4057
-601 -1671
-809 3619
2577 -1869
3628 -2859
-286 -3340
2975 -3307
-1466 3677
-4107 -1255
-2593 -3636
2543 1523
2229 1864
-1854 -62
-2659 3655
626 3900
-963 -3634
1778 -197
-1235 1198
1091 4269
-51 1936
-264 -2272
-2915 2008
4158 346
-3073 -3185
-2835 -1648
-1185 4025
1045 3175
-284 -3685
-260 1990
1922 3155
-1833 -141
4202 2292
2262 -1934
-895 1103
-26 1934
2529 -1921
2306 -1636
3488 -1895
2085 2326
1150 -2735
-2992 2942
3812 -2810
-3142 1350
-2066 2040
664 47
-927 -2835
-4239 -2201
587 4157
2559 305
-1807 -3343
-2373 -1922
-1155 324
1544 -4106
1397 -692
-2585 3937
2748 -3984
-1884 4044
-644 3763
3255 1658
3587 -418
-1166 3872
2469 -1359
-2656 3531
-65 2157
4089 -1003
3072 2011
1921 -3207
1220 1155
3979 2032
-985 -2092
1021 1370
807 -1674
602 -2851
2905 2864
3930 1288
-1319 94
-173 -766
-2219 -1089
-3282 -1624
1240 -1564
3747 3585
-31 -3860
3306 444
-3389 -1290
2788 572
-3573 -53
-1867 -914
621 -384
2951 -337
-987 4175
-650 2926
4211 -4021
-3122 785
-4118 -4029
2950 -3388
-897 -153
-4071 -684
3741 3262
-3549 -1140
2774 92
1850 1340
-3109 2983
600 -462
-2690 -2099
-3485 2206
-1548 453
3679 -3576
-168 -346
-3986 3906
2226 -873
-862 1888
2801 -2932
2502 2797
-2300 3435
4033 3665
-2397 1017
-1041 1711
3088 1817
-1862 3653
-4022 -213
-3441 -538
-3698 -416
851 2809
442 -1518
338 -1117
-3027 1389
-2095 171
-2654 -2536
1735 -670
-4047 77
-508 -1213
-3204 2015
-3014 1867
-1680 -3641
-2304 -3733
-367 2800
-1931 -2634
981 -1410
-2622 60
-2649 -2154
-3530 -4156
3245 -2981
-4139 -2147
1258 -100
-3033 2777
-3875 3653
3905 -3720
-3907 978
-7 -3593
-1355 1641
-3805 2488
-749 -2916
2491 -3338
-3365 2787
-79 -2784
-3831 -2425
3325 246
2766 1216
-992 1798
-2479 -2499
1428 -2813
3009 307
-4148 -270
1644 -3534
2888 2502
3982 -201
-1593 43
386 3627
3642 -4203
2258 4094
3614 -1160
-3331 -3681
2661 -890
-182 3177
-1306 1558
4255 -229
-573 963
2783 44
3984 4190
2342 1748
446 4217
2960 -2621
2580 -2856
344 2862
1545 -4035
3994 -4116
-273 -2555
583 -1926
758 1002
1364 -1326
1316 -3285
1372 -3347
4258 4193
-443 1058
3989 -1727
-4100 816
-1536 2158
-2895 -1183
-3171 717
1887 2996
1239 -290
1352 -1407
2676 2453
-4241 3657
-2345 773
-669 -994
-17 589
-3043 2139
-2111 2714
2486 -781
-1732 2787
-131 1124
1268 -3510
1386 -746
651 3992
3304 -1299
-3475 3069
4002 1480
1809 2514
2653 -4262
1537 -1957
-1987 -905
-92 3096
1204 -3158
1775 -61
-2162 -298
3181 -260
-3969 2493
1388 -2107
3922 -3297
-3179 2020
-775 749
-1141 -1525
-3697 1132
1307 -1229
2596 3402
2275 630
656 -671
2976 -4056
2518 1695
3642 2227
584 -3633
4050 1062
-2687 2564
-2842 -2326
-3384 -2228
3009 756
780 -990
-390 -3003
-1415 -878
2059 -2727
-2814 -3106
-1289 -4256
-1827 3753
3046 -10
-2656 -968
-1798 -790
-3625 -3702
-1710 -882
-3532 -4207
3881 226
-644 -268
-627 2488
-2271 -3624
3255 1141
1587 1807
2879 3548
1038 -528
2286 715
3014 3219
602 147
-3643 1981
4231 -2142
-2566 3474
-2296 -3272
2906 405
-1657 -2558
360 537
-4124 2014
103 1861
2528 -2997
-2359 -3498
3874 2117
2298 3651
-157 4082
-810 3676
2360 2835
-1590 -2952
-2204 -1491
-2573 -3985
-1470 -3625
4266 1498
3069 -3136
1875 2392
-1423 2174
-3957 33
-1279 153
-3203 -1430
3362 -1643
2683 1372
-4052 3427
-2358 -3585
-2771 982
1014 610
2421 -1162
-2733 145
-3366 135
-1052 -514
741 405
-783 274
3855 -2873
-2254 3
-1675 500
2115 -2511
-3062 2317
-510 -873
-2814 2358
-839 -737
3203 1381
-4212 -2803
823 -23
-1331 2944
-3755 3177
-3619 503
-3042 2407
-3630 -1600
3395 775
3590 564
3241 3873
4297 -346
-4107 -2506
4142 830
-1406 1046
2461 -3269
-3964 2594
433 287
3572 -2407
-137 -3783
3656 -2001
2261 358
-860 -1558
-2065 3043
-88 -48
-3203 477
3122 -1621
4267 -4063
-3819 -2267
2702 1454
-1953 -2490
-2797 2703
3425 804
-1708 3485
-472 906
2050 -3274
-2733 -1986
-2673 -3571
-2400 -3719
3217 313
-769 -4257
-2157 2313
4273 294
3504 190
1139 3106
-4088 -1
4195 -350
2155 -3711
3585 -2179
420 2624
3002 2264
814 -220
2967 3105
4276 1713
349 3201
2485 -3738
-4075 3965
-1372 1238
501 -1080
-3467 3909
3353 925
-1599 -2587
3553 -3566
2324 -2596
-2058 2629
-1961 2836
-105 465
-3125 3758
-308 1705
2056 836
1262 -1753
1153 -1039
4088 -2394
1987 1751
-2288 -1833
-53 1831
3077 3307
-2963 -3319
-1467 31
23 -1673
-10 702
3115 1961
-843 427
397 2398
-896 842
-2915 2795
1985 1234
3135 2719
4271 -2417
3161 2173
-2339 115
-2400 2499
2997 888
-2569 -3563
-3971 4103
-708 591
501 2846
-3488 1911
423 -2186
3056 -3575
-1556 -1869
2025 1258
1599 -2278
-3662 253
-4245 2289
-798 -1512
1052 -692
-263 -2035
-3445 -3904
3782 3949
-1838 -4172
1064 2425
3679 1607
-1334 -3615
-1818 205
3837 -1270
-4281 -1089
-481 -2777
-2968 3708
505 -2996
-612 -3332
542 -1078
4189 -3606
1074 -4156
1407 4157
892 -1357
3755 -4109
497 -3050
-3341 -1370
-3765 3726
-3302 -1177
2599 -1293
-1552 1142
2657 -1993
2816 3501
-3177 1804
2359 -2165
1713 -2307
-2231 -3270
1241 1928
456 -3925
-1495 968
3383 -2576
3634 -1680
-1430 -251
-114 -1254
1288 2595
-4218 -2464
150 -354
-2785 1206
4207 1524
-2749 2508
-262 -336
-2795 2490
2235 2527
1552 -3657
-3194 -1468
412 -2759
2346 1680
3230 1223
-63 3657
1034 1472
3148 -3009
61 2606
1994 1088
-2180 -2006
-1560 -1125
4228 3949
3744 -3086
-522 3917
2076 -1448
3949 -2157
2082 -1831
1512 4202
2814 4281
-277 2722
-1164 1299
-465 -3921
722 -420
765 -1689
2186 -1865
3084 -4232
3740 -2162
-1680 -735
3585 2904
-1063 -1324
2675 163
3481 1281
1106 2792
4204 -1841
-3287 791
-1453 446
-3801 3230
-883 -1866
-2570 -2633
-2976 -3635
-3886 -2672
-4115 -45
1688 -57
-3195 3563
-3764 550
3439 -2292
3303 321
138 3212
-3893 1546
2544 1044
3753 3057
1014 1540
1872 316
-3620 3621
1536 -1947
-2517 2296
-4163 -2463
-2616 -2041
2131 -2423
2628 3748
2162 -1265
2559 2081
-1920 -3869
4236 3847
1489 -3976
2946 -3341
-168 -2505
-2669 -645
-181 3991
-2271 304
2381 -2533
958 1276
136 -3653
2806 -3136
-1559 2139
-1500 -3517
-2789 -3758
2805 -1770
-3742 334
948 2560
-2246 -864
4033 3831
2350 118
-3834 3894
1472 2656
4066 -1566
351 731
-3548 -2300
1100 -1399
-3223 3079
2327 -3040
3329 2507
1432 -569
-3815 -1662
1684 3367
2987 4148
-636 1727
-4157 -3044
2917 1932
-3826 -2990
-1952 -2360
-2369 3412
-3998 2591
-300 -3284
1470 1287
-3417 4150
3401 4149
1834 -2882
-1934 -929
-285 -3119
2995 -2250
2242 1435
-4238 1544
4174 660
-3224 2460
2667 1540
989 -1705
-213 -787
-1467 4280
-2711 -3487
-266 -2214
3012 4297
-314 -1182
-3322 -2425
865 914
2490 -1883
361 -3963
962 3031
-2259 -53
-503 -2562
-2809 2435
3435 -2187
-1417 2056
1965 2732
2013 -1852
-3889 -52
3165 1455
-3673 1924
-4126 -2572
2565 -2121
3185 -1769
900 2715
-7 -686
2085 3037
-44 777
-2805 814
388 -1369
-1683 -2918
706 2444
1950 -84
-1845 -2572
-2428 2530
21 2576
3186 3666
3745 2108
-501 289
-1993 -1921
1588 -3443
2181 2244
1725 -4096
-2801 2778
-3422 1682
4241 -1955
-3483 -3273
-262 -782
-675 -4190
-164 -635
-247 -247
2681 -3755
2334 -2410
1725 -1285
-40 -2608
114 -1858
768 1860
109 271
1004 2033
2812 2756
-575 2771
3306 -158
-1116 -2206
2407 2076
1650 -2020
-2027 2084
1712 -3428
-1657 3806
-4184 -2656
-202 37
-2137 -683
1638 100
90 1478
-2010 -1040
2837 945
457 898
-3708 3676
3206 -3371
-475 -1106
3607 2116
-1580 2073
-2051 -2185
1353 1841
-3539 1856
-3642 2462
3360 -3438
-2946 2913
-1478 -631
-1143 2932
-3034 -305
2262 4176
1232 -360
-2038 -3368
2773 3695
-1818 840
-3255 -2965
-2665 -3266
-2014 2661
4024 -904
943 -427
-300 3812
-3551 3977
-1051 -2536
1958 2763
-3019 1401
367 -3869
-3872 1337
-259 -3922
246 -1163
4130 -4200
-2453 -3746
3443 1280
2550 -3540
4066 2529
-1120 -3124
1692 -2185
2066 -205
-4115 1042
934 -1643
370 -3258
109 -3539
3902 -1408
3523 2924
1106 2338
2542 932
-870 898
2736 4294
2206 -1840
3669 -776
4012 -4207
-2410 3820
2699 1956
2597 -2503
-4203 -1413
-3086 -3098
939 3773
1080 2366
-3391 409
2364 -727
-1453 -703
2726 3625
938 -1762
-2886 -4234
-3184 -2710
1272 -2169
3904 3720
-2202 -2712
684 2486
-676 -1211
275 -1123
-2800 -1696
-4111 3273
-2055 300
-1646 -1967
-2875 -938
-3914 4237
2813 -3733
377 -819
-2345 952
889 -396
215 2030
-2142 -2951
329 -2655
291 742
-4108 -2819
-2008 124
-1037 1580
-293 879
-3078 -4047
-3718 -3936
2720 1176
-978 3074
-444 -2228
1804 1202
671 -3979
-1214 -1101
-3534 2587
145 -3300
2749 -3304
-2969 2403
1846 2617
-848 3146
1827 -1170
2536 -3320
322 1858
3815 -2735
-3855 3112
-2051 -3486
2994 -3497
953 4215
-1512 -2042
3261 2749
492 -2313
2076 -3942
3673 -4036
-3230 -4065
655 -369
-2788 2975
-183 2451
3098 -1408
-3389 -3905
1402 3298
-754 2929
-2079 -3224
-3034 4087
-679 3260
-1748 -1732
3474 3951
2605 4298
-187 -2807
621 -1875
2979 1974
-2715 2242
1540 -182
1249 -2884
775 3494
4214 3505
-184 431
268 3363
-1827 654
-3650 -397
3496 538
-89 2016
1137 -2868
647 2894
-1451 -2372
-1370 -3511
-2476 -4120
-872 -789
3427 3565
-817 -2916
-1558 -2299
-2900 -1496
2401 -1022
-2069 879
-216 -862
3272 -3709
861 2395
2134 226
-2770 -2499
4029 -3891
1633 -3535
3807 -772
1004 -4188
-918 -3966
-4151 -2544
4213 2473
-1161 2592
-4126 -801
3880 -2505
-3938 2681
-1700 -2225
-140 -1358
-2385 1263
1781 -3981
-1957 1554
-3075 748
1845 2658
1846 -4135
-2347 -1817
3775 -1099
3972 -1520
2019 684
3113 1995
-2342 288
-106 736
380 2866
4298 -3813
3336 -3982
-1238 2734
4123 -1490
-2404 1529
-1793 -1037
615 2433
-1119 3299
-29 1242
3746 788
-2571 -456
-941 -4239
2893 708
2698 2697
-1296 -3253
234 3732
-2692 4138
2883 1425
-1145 3205
813 1654
-3417 2008
3135 3350
3599 -2335
4290 2193
3729 -3575
-2633 4118
2512 -219
1611 -3084
318 -817
133 2366
643 -3693
4079 -3762
2273 -445
1834 -2151
674 4058
1610 -358
-2317 4267
-3994 3825
1206 3390
-1534 -4100
-3295 -3766
-278 2549
1550 2606
-3020 598
-4180 -3849
-1093 -1613
-3084 -2865
-284 2801
-3821 478
1834 -1487
1671 2197
-554 -4164
3012 1390
-674 2629
2869 -4106
-2691 2745
3976 4085
2036 -664
-2189 -1268
-2969 514
3851 2004
629 3291
-3659 1830
2665 1867
-2593 1599
-2267 -2478
-252 -69
-2152 -3326
-3465 1310
-3835 -103
-3929 518
-1499 -1132
-2235 3504
2052 2021
-3434 2922
-2105 -205
1970 2724
401 3891
2654 3577
3513 807
2464 -1089
443 26
1197 -191
-2490 -890
-2592 423
841 -1437
2114 1045
-1299 785
-1371 1058
2157 2097
-3098 -1689
2010 -487
2466 3359
-1631 1664
2561 -215
3389 -823
2247 -672
1745 2953
-3609 1606
2212 -2593
3697 2337
2760 2832
-3547 -2586
-4288 3944
-1795 2652
1056 -204
2881 3249
-679 -2041
-2855 -3748
-3757 3696
-1070 -714
-5 -2874
459 -1945
1432 3680
-2190 1462
1096 683
-1570 -4224
-1594 1590
3157 -3210
1384 786
-4096 571
-3792 -3357
2456 2729
2215 652
-1150 218
-4037 -1439
3142 -2709
1594 -2649
-222 1103
2215 2259
2839 1759
-3919 1008
791 3432
-324 -3036
2347 -1802
-3520 990
3349 -2932
-3009 -1238
126 2336
-3367 -1879
-845 -1316
512 3165
3795 4076
143 605
-1230 -1645
-1822 -2805
1699 -2640
-2969 3842
-905 3976
1377 636
3159 -3515
-530 2250
-626 -4295
-2960 -3480
152 -1642
-1496 -2591
-3017 347
-318 -61
-2253 -1557
-1823 3356
-433 -1021
-226 567
-3867 -1607
1888 434
-2326 2402
2466 -2086
-1527 -2955
-93 -2394
-1041 3448
319 -2068
518 1646
542 4153
3594 -1175
984 -3437
-2483 3698
3436 -2411
475 196
782 3712
3041 3588
-3866 2563
-2854 -663
3630 -70
-816 -1704
-2879 2126
3928 509
-2250 4007
-2357 3431
-1398 -1796
-1885 3219
2521 1867
-2165 2420
-141 -1435
-649 1202
-988 -3357
73 1564
-2590 2039
2611 -3107
-1564 3416
1829 2094
-1912 -4257
-1203 -1669
-2413 3455
1836 3475
2959 -2613
-2988 2052
2395 3865
-4059 -455
-1891 -2670
-891 2025
1946 -1776
2360 55
-905 1139
-383 -1931
1012 4216
1364 516
230 -2770
350 -3470
-2254 3932
3321 -2615
171 3030
-3269 -1858
1675 1541
-3169 1612
2256 1367
-1802 -4053
152 2501
3801 -2896
2018 2207
1050 -290
-1502 -4259
-2519 -828
2180 2733
-2397 2193
3282 -3357
586 469
3062 -769
-4128 2629
911 -4211
3460 -1826
-4177 10
414 -1533
3030 -4022
-2097 -2608
-3260 -605
1606 -3796
220 3986
3082 -316
-513 3860
-2922 -285
3015 490
-3500 -3643
-322 -2730
2321 -3233
-1200 -300
491 -3070
-1251 794
1074 1019
-684 2833
761 -3671
-439 -1640
3183 2539
3047 4299
3312 1506
-329 -696
1457 187
-89 -3421
-3428 -455
-1029 -3811
-469 -968
1596 -600
391 829
-2460 -834
1124 4243
-2870 3307
-1195 681
-3898 3705
-556 2109
1867 3685
2724 -2699
-3560 24
-1025 -1656
597 2460
765 -282
1256 -2894
947 -3182
283 3042
-2920 -4074
-2056 1936
-2382 1789
-2614 419
1871 -234
-1179 -20
-3083 -136
2232 -3723
-2793 -3746
-2359 2189
-2045 449
-1540 2342
-2539 2803
-3393 2482
3398 656
1482 -2660
-867 1559
2384 1294
2122 695
3737 2846
3856 -1024
3485 3616
3855 211
749 -1660
-343 -2047
3772 -3353
3305 2741
1848 -169
2561 -3215
-210 348
2814 -2598
318 855
-3674 2319
-1850 2558
1100 897
284 1348
-2908 3869
-607 -3368
4040 4279
2016 -556
-994 2806
-2757 -2238
3765 -2177
4270 4031
-2441 -2942
1371 2265
3515 151
-1562 -958
-2860 2531
-682 2483
-4183 2697
220 -1054
-2518 -2190
-1060 64
1537 710
3316 1768
-1206 -1176
2572 -3005
4294 399
-290 607
-1255 -657
-1637 -2548
3837 -2867
-1633 1824
-398 -3090
-3754 4122
1406 -818
2038 239
2992 -859
546 3376
-1199 1621
-1346 1374
-2311 2123
2561 -3960
414 -2225
106 2372
-429 3544
1209 3646
1114 -2674
33 146
-1308 3553
1801 -574
-3497 -3419
-518 2893
-2708 128
-3275 -808
2725 3302
2142 -2591
-2033 -3578
2793 -903
-2296 -2910
3381 -1156
1161 -3239
-55 -267
-1190 846
-570 2053
-4113 -4104
-3454 -2994
3991 2393
2246 -143
-1473 2643
1499 2992
-1539 674
-3848 3471
-1068 3640
3691 -1286
-961 -2684
-1981 2544
1974 -1356
1278 -1895
-1407 -2728
-1980 2128
2262 195
-3530 436
1938 -1553
-1368 936
-1532 -4202
2580 -2434
2756 3892
1989 928
1091 1890
530 -1841
2591 -2209
4187 2851
-1785 -2890
-949 -1212
3173 522
-2884 -3914
739 -2606
2471 -2682
54 2115
-2253 -3670
-1608 -4073
1683 -7
-923 -3102
-2054 -2423
3881 390
2795 1560
1964 317
-3380 -601
3591 -2000
-1581 -2691
4079 -114
2982 -2495
-3513 -896
3597 2074
-2088 689
-3543 -306
4120 2727
-3202 1800
3846 1321
2880 2451
-3061 -3863
4085 -2416
-2908 -3799
1642 3223
2433 -513
-789 3313
-2611 -798
-289 -3478
663 -3240
-381 -2279
-3088 -315
90 -1225
-2594 540
1011 -2752
-2735 -3659
-1435 2794
-3475 1526
-2820 -3134
-1326 -1564
-1452 -2927
-451 3038
-1382 1137
1606 -2016
1623 -1936
-872 -1080
-30 160
-2794 -4086
2289 2780
4064 -3811
3281 -3425
2452 4077
368 3368
-1898 -3263
-163 2792
375 -1343
3725 1049
3437 726
-3958 -1474
299 503
-3952 2038
676 1905
-973 4247
-3242 -4297
1408 -2689
869 -1242
152 -1603
3365 -3439
1099 -886
-147 -3963
-3238 1637
-3831 3621
2137 2815
3052 -912
87 98
-1326 1218
23 2874
1451 -2996
-3452 793
1168 853
1873 -3975
-3417 1534
3827 -1353
2444 2620
2999 1564
2562 -4133
4107 -2161
-177 -3542
1346 1739
-1688 2128
3313 175
-3694 -1851
-1228 -193
3082 -2984
3047 -4278
1237 -3235
477 -123
3342 489
792 1673
3019 1947
273 -1384
3034 2460
-1461 -169
-2251 3247
1690 3599
-1642 -3507
2125 3543
-3578 -193
-1890 713
-1410 -3851
-4260 -3025
4284 2891
636 1484
1598 -2285
-1416 -919
2471 1896
-1811 2430
-1732 1415
3235 -569
-1408 -1622
3013 235
-3828 -1033
1619 -3227
128 -126
1611 2309
3433 870
-2986 3572
-1183 -3629
2990 255
1803 -1593
-2689 2323
-3869 -3964
-91 -3693
381 -1784
4056 -3636
-1028 1221
-3660 2945
-3066 2939
-3215 -909
2795 -2964
-1471 -1720
2711 2700
270 -3180
-1256 1176
-1843 2467
-3556 1399
-2276 55
534 2257
4084 4086
2089 705
-3158 -851
2982 2988
702 638
-3067 -4185
-1157 3599
1182 -248
-3151 -1833
3707 -3837
1108 2458
3748 -1153
-3970 -2313
227 454
2841 3619
1436 -174
-4003 -1675
-4078 3709
2475 2332
826 -1092
-1078 -2463
-967 -4231
3545 -1955
2719 -1208
-1686 -3188
-4008 -1122
-3750 182
-3795 -3858
-2967 -2448
-2176 -3706
-4086 92
-1446 -2418
1040 -202
4199 1608
-1904 266
1214 -3223
-4071 1420
-4121 -3938
-3974 -3666
2541 2110
1383 -2457
-331 -3585
1832 -1315
442 264
-74 -709
-3053 2179
-2051 2082
878 1101
2768 -1433
-638 3060
-3354 3039
-2898 1845
1844 -3161
-1737 -2503
783 3409
-2937 3076
-2248 3109
3977 1087
-3563 1071
-2031 -3774
3150 3002
-2407 57
-1618 -3529
-1668 -807
679 -2406
-1565 -3730
-409 2963
2386 3862
9 -2153
-3168 31
-3758 -536
-289 2451
-3192 176
2641 1100
3874 -1782
-366 3759
-262 -3319
-2174 2037
-307 -1496
-4230 4153
1359 -1697
-3739 2415
3368 3401
-3848 665
3156 -280
3351 -3463
3435 3712
-1394 -1878
653 -2446
-3037 -2151
-2483 -1330
-453 -1209
154 3590
1716 2227
3983 -3757
-2467 -425
3168 -3109
4068 2220
-594 -1848
-1947 -1879
-59 1592
-481 3105
-3738 2709
2390 2770
-1531 -2207
1077 2362
-4020 509
-49 448
-2888 2791
3627 -479
1695 354
2761 2092
281 -5
4197 2272
2069 -4024
-333 3613
-1785 -3131
-280 -3086
3071 1220
2212 3512
-2577 -3280
-2249 -493
-2439 -247
3829 -3161
1313 -1985
446 -3269
-3121 1457
2842 -3705
-2520 -496
1576 301
1380 4286
1183 -4106
1658 164
4143 2431
4020 -2159
-3949 1071
4142 2324
-474 329
2817 914
1085 1951
1958 2687
-2620 1874
214 -1584
-1782 771
1288 1119
-60 4194
3867 -2224
-1353 262
-2846 -986
-2954 -816
2561 -2838
-2000 -493
-276 4200
224 1955
-3696 3907
-147 2934
-1807 1312
-1317 -2792
-1610 2979
139 -1280
-3931 3471
-2591 1578
-1821 995
-855 2517
-4088 2316
-1246 3654
-4110 -1704
-1904 -1908
2899 -3268
-2603 1237
-748 1706
-237 4105
-1685 -1011
548 -3587
3010 3587
176 -299
-349 -3418
1410 331
240 1090
3759 2638
-646 -3659
-564 -1445
-856 2739
1701 2546
-2248 -4173
-282 1951
4005 -2649
1768 -4279
3920 4289
3346 728
-1520 103
2066 335
733 -3127
2755 2464
-2639 284
1254 1835
1530 -2529
-1792 1825
2944 -1401
2233 4014
1176 -2384
2137 -1653
-3393 -2699
2906 2287
-3785 -2912
204 240
3813 -2284
4125 -1230
1615 -1664
3459 -2662
-2304 1703
-1680 334
2310 3911
1394 203
1896 -1445
-956 3188
3499 -520
-2417 3838
-1275 -1651
1817 4037
1856 1729
2149 3111
-986 2977
996 2667
2891 3242
3717 35
-4149 -2633
361 -2680
-3105 1134
-2854 -3273
-567 2582
246 2192
-2760 -2555
-602 -4138
-60 2469
-2189 -1866
-2436 -1035
-3408 -1829
-208 -3796
-3835 -3631
-1115 3405
-368 -2710
840 1311
3050 1628
1903 3883
992 196
-2394 -2775
1906 -1389
-573 2914
-2844 461
3982 -565
688 1842
-2537 3416
2560 -2955
-3166 616
-598 -3806
1043 -2004
276 -1250
-2597 -1122
3209 1587
-2400 -2878
359 -413
-2358 3
3758 -1136
-1339 1366
596 -1551
-292 3161
-294 -2348
-3603 -2987
-906 1045
425 -1163
579 -3901
3275 -3699
3933 -4192
4048 1341
3258 -2792
1265 -469
-4168 804
2629 2798
1297 -660
-1068 -819
-268 -2911
3036 4228
3495 930
1369 2155
1973 -3997
1222 -2271
-2777 1472
1042 -3157
2257 -32
4276 -507
606 122
-3468 167
1558 -3199
-3429 3360
-2796 4070
-3220 3832
-4107 756
-2165 1923
-3869 749
-3643 2251
-3590 850
1970 795
-1590 -3701
3995 3037
3805 -2628
328 -3227
-3603 1281
2450 456
-3779 27
2972 -4018
-2278 1565
3614 -2367
527 927
-651 4057
-1456 -2553
3847 1986
879 -2037
-224 -75
-3563 -1547
-833 -1990
-493 69
299 1548
-2205 990
-1470 -1850
-3461 -350
-602 -1284
2594 3982
1376 -389
1754 2732
-615 3115
3097 -655
2357 3749
4114 3237
-3672 3679
814 -3240
2307 -1045
-911 -3757
-1205 -4248
-3364 -1896
-1898 -781
3937 -1693
-2446 -3252
-2856 2462
3552 557
1855 2046
-351 -2431
-3702 -4187
872 3407
-1165 729
1667 -1053
-2971 1996
-418 1854
851 -2825
2738 258
1815 -1438
3457 -2490
-3645 -582
-3453 -287
-1905 2006
-2060 3410
-3270 -857
4223 -1870
864 1288
3656 -3162
434 -159
-2887 724
2042 -3154
3199 -2864
-2007 378
-866 -3783
-3566 288
-2478 -456
-397 -3353
-1529 -2037
-1637 -1695
3361 -3009
487 -2711
-2990 1756
-450 -1760
2998 -2808
-975 49
3523 877
1555 -201
-2586 -3911
4276 -2138
2367 3334
283 -2572
-2125 -133
-2516 -89
359 -1608
-19 -285
-467 695
3407 3492
-1302 2212
-1296 2683
-79 2733
-389 799
-3073 -3580
1204 2211
-1547 -774
-4134 3754
474 -3090
-3098 3934
1139 1548
-1154 3337
-3124 2200
-2421 -210
-3328 -467
826 -3001
-3087 2772
-608 2851
1222 1205
4238 -3669
-1715 2766
2520 2104
-3782 1196
1487 -1917
-1861 -993
353 1918
-1700 -4163
3598 -1621
2361 2016
-1583 3557
4067 1708
-1604 3140
-1108 -3320
-3535 3203
1494 2158
-3727 -1530
2020 326
-1763 -2878
1314 -2150
-3036 1683
1656 -202
3778 3935
782 4156
-3327 -2333
-2364 -1635
1562 -4249
791 3768
2274 -2667
318 1351
-3022 1798
1656 2627
4236 1360
1281 3644
4137 -3171
-353 4049
-319 -1513
-2554 1436
-1114 -2974
-116 1857
-4267 827
-665 1084
-3577 -2815
3167 883
2883 422
-694 137
-2247 4207
3871 -2045
-4198 -48
-1833 3699
-1528 2768
3758 -3767
1816 -2469
1500 3893
-2407 706
-2857 -1080
-2161 -3159
2410 -1496
-2177 2883
-3221 -711
3802 4183
3931 -1974
-500 -3419
-7 3368
-2482 2027
-1103 -1655
1100 -730
3118 3328
313 2537
-799 1539
4219 -1884
2474 2399
-2946 2946
2178 -2449
-2761 -237
-359 -3529
1215 2167
-1079 2100
-2712 -1735
-3435 305
1704 -599
2529 -896
8 -2007
2563 2017
3201 835
-927 -926
-1566 -1701
43 -1766
4212 2507
1312 -2769
2175 3656
-1492 -2093
-82 -3103
475 4146
-1046 -3834
-1023 -3310
-4112 1437
438 -2882
355 -1361
2685 3344
3673 -2568
2694 3807
-2260 -2546
2291 3988
27 -3180
1788 -1357
298 3895
-853 1550
-2945 616
1465 -190
2679 1668
-2233 3354
2980 1950
3728 34
-1718 3400
-425 3884
-691 -369
2557 2895
1722 2519
2914 3360
2149 -1129
-1016 -53
3113 -3962
1340 1675
2431 3788
-3844 1299
2505 -2095
71 4020
3228 -168
4007 2256
-136 -832
3903 -748
-3755 3813
-728 2918
-1356 -3281
789 3225
-3212 3448
3718 2084
-2803 -457
1864 3456
754 -2658
-1510 651
-4004 960
3029 -3778
-4110 -3967
-3488 333
-776 2080
1974 -232
-1692 1557
3726 2815
-20 1848
254 -1758
1457 2406
-2343 -549
773 205
-407 -3288
2032 -2933
2329 3928
2662 2852
3731 -21
2870 1306
-3231 1908
1776 1034
-3699 -3330
-1722 -3496
-1602 3363
-284 -3476
-3670 -2198
906 2068
2649 -1490
2054 -2065
2765 588
-473 1365
4029 -1220
-1471 2640
2724 -174
-2880 3090
-776 2410
-1957 -2070
-3246 -722
-2880 -2412
4004 1611
-4008 -37
-3498 3524
-3035 -210
-2569 4166
2908 -3524
4003 -1393
-1350 2748
1378 1547
-955 -3309
1065 786
-3444 3336
-1788 -1699
-201 -1520
-3354 -3096
-443 -2792
2123 -3938
-2311 3135
1646 -2480
363 -2930
-137 -314
-4104 3895
474 -3760
-3587 1479
3277 3326
-2037 -3104
-482 500
-3240 -1697
2473 2461
985 -3437
2576 317
3188 3143
-2460 2598
-1219 -3351
-2294 1574
-1108 -2392
-3465 -2441
3649 811
-994 3254
-2575 4178
-1425 4166
2946 -560
-90 -2105
408 3483
229 1550
961 3725
-2382 -641
-1626 3838
-3239 3777
-2181 790
1117 913
-3488 -1085
3503 -2073
6 -3236
-2451 1004
-2354 -1238
-4149 -2168
-4053 -1287
32 4014
-2736 3299
3802 1485
4109 3437
1253 100
-3956 -3988
-2728 3449
2377 3122
3190 -904
3018 3276
197 748
-3316 2750
3192 -2138
-3920 347
-3452 1706
-1087 3379
-705 3395
-2094 -2473
1783 -2305
-4210 2094
2471 3962
-2511 -2762
-3854 -2454
1248 1417
2633 -2335
49 -3541
3053 2917
3111 -2696
734 807
28 -3902
-3941 2852
4063 2995
-2077 3589
822 -1716
-644 -894
-2152 -3829
-1795 -2426
671 465
801 -1390
-1017 -2847
-2769 3751
3850 -2632
3719 -2463
-2985 -2082
787 -2228
-1913 4014
4154 816
903 -3028
-1684 842
-3954 3369
567 2697
-2731 1726
-486 -3615
107 -508
-1087 2280
981 -247
3466 -3177
1185 -1936
3997 1129
338 -2970
4047 2316
4094 -3705
-1225 985
-3207 -108
-58 -481
-3266 -2454
1348 -4013
-2619 58
-3065 -4169
-2514 -616
-738 -1077
742 -1425
909 781
-805 518
1338 -2980
2535 3347
2111 -2718
34 -3179
2351 1496
-3338 -2624
-3602 -725
4113 -1030
1884 -3921
2414 -2697
-3237 2048
-2756 3250
-2645 -3994
3648 -2741
-864 3420
11 3924
2292 1240
-2210 -674
-2364 964
1480 208
-3096 -511
2083 -1299
406 1587
364 -4014
3935 -3745
4204 192
-703 -4065
4292 1166
3378 -358
1312 -1389
3601 -1579
3320 2756
3698 1610
-1401 3998
854 -2137
-3800 -3790
-3940 -486
3887 -3034
2169 1227
3854 -2148
1709 723
-3154 2557
-3576 2560
-1910 4245
3503 -1736
-327 248
879 3700
2469 4180
1837 2150
-93 358
2445 562
-3304 -3746
-1151 -1706
2726 203
-1328 -2911
-2472 1630
680 1313
2098 -218
-2837 -665
3462 3459
748 54
-2369 989
-2372 -4081
-68 -3984
3720 854
-3019 2479
141 1975
312 1949
-2768 -2578
-2600 -4147
-671 -3442
-2961 4223
4160 -688
2345 -3196
3752 -1681
186 -586
-2212 3737
2245 796
1523 1924
-882 2839
-2459 4007
-3157 -4198
1697 -1472
3085 1527
2983 1028
1114 3370
-605 -3755
644 -646
2023 3666
-3904 1070
-1506 1686
-1899 -133
-895 -2702
3080 2863
-4265 3157
-1663 -1945
2667 -347
-2547 -41
4204 -1706
-1468 2845
-673 -1620
-289 1
-1489 -742
1432 2502
-4030 -3074
4038 444
1531 2339
2590 2206
-1892 1872
290 662
1549 -3002
4105 -1307
1389 2017
3431 -3845
1351 -3108
-4193 -272
-2083 238
-1980 3490
4207 225
1717 593
1151 -2066
-149 3454
1805 3869
-591 3870
782 -2622
466 1529
-3044 70
3614 -1022
1816 3475
951 2891
1445 -1483
-2996 665
3372 -30
-408 2151
3158 -1722
3766 -1571
-1655 -2323
-2049 4298
1929 -328
1845 -2280
-97 -3508
-2568 809
762 2088
-463 635
-280 -2530
3554 -945
-4027 -3871
2394 -532
-2835 -3000
-2844 -1117
3381 3565
2696 -1528
65 471
-2793 1602
-3559 -2794
-3140 3955
2990 387
-1822 1145
4084 -738
3986 2352
2729 3583
-3055 3932
-888 -3206
639 -346
1040 -3382
-358 -2867
1191 2941
-1296 -16
-1553 -1481
4185 2116
3778 1414
-3452 1002
2220 -384
-635 -479
-1437 4042
238 -13
-3518 153
-2290 -3996
3404 -2431
4127 -1998
-3581 3340
1148 -2384
1900 -3415
2851 310
1250 189
-1633 775
-2765 280
-2833 -3879
-1918 2930
357 2249
-1856 -3173
1181 -2472
-1085 -3352
2402 -2741
-2238 -2059
481 -3949
709 -789
3658 -2817
-327 2370
2007 -1686
1251 273
2689 -2702
1435 4142
513 3584
-616 -520
1225 -880
2809 204
-1864 3006
-3688 -3624
-1021 -3716
-3763 -2783
801 -3460
-388 1660
-1091 -1569
2525 2204
3333 -43
-656 3971
1463 -2257
1786 1158
3046 -798
-383 531
2876 -118
-1150 564
-2191 754
1900 -4234
-2435 2485
131 2657
4069 2013
1935 3115
4006 4273
-719 2293
3515 242
4023 1441
-1978 1011
2258 917
-4243 -2612
-1540 -2643
757 4090
4294 838
1211 3214
-3800 2979
3199 -726
-3328 -3227
-1906 -1635
1992 -1249
-4003 -2543
-2533 970
3153 1694
-1397 -3907
-2876 -3898
-673 2803
594 1388
-361 -1338
-2106 -1101
-3913 -1994
1920 1700
-1492 -1516
-691 2585
2809 1349
-2988 733
-4276 -801
3381 -377
3173 1673
-2501 594
-3418 626
-1881 -4086
1066 910
-2754 -1350
2332 1370
2881 1993
2809 -2858
3684 -3291
2957 966
2135 1170
-603 -2549
3535 -1645
-1012 2407
1988 3528
3051 2268
3741 1166
-4026 837
-1158 -4201
-3214 -300
-1750 1344
3337 -2044
4231 3493
1768 1821
-2810 -4024
2707 -2189
-3079 2211
-3503 2344
-846 -3845
-808 2044
2186 2012
64 3725
-4158 -2488
-4030 -1048
1671 3068
-2382 -2580
-2720 3040
1367 3119
-1536 -4015
-1186 -1932
-829 -2513
-911 -1889
-3363 1709
-2350 2396
-3321 -1700
3674 -1944
653 1908
-208 3743
-3677 693
-1436 -1076
-4058 -155
1861 -2535
-3036 -2274
3519 -3371
3143 -1883
-1483 651
-930 441
-4298 1842
-338 8
685 -90
346 2492
4242 771
3094 -2885
-1118 1129
-1798 -827
3722 2479
2687 2665
-3129 -3909
-4142 980
-520 -2707
3283 2937
2301 -1656
2453 1159
3257 -3018
1216 2277
689 1908
2464 -3578
4050 2765
-2487 4005
1452 2318
881 -1207
-1893 -1286
1155 3835
-2507 -1925
3371 -4101
-1921 1496
3080 -2808
119 -4084
-830 -258
3583 1774
-1660 3937
3718 2476
-585 -644
3634 -4143
-1578 -4197
3245 4255
-3416 -3888
-2461 -1170
3659 935
657 132
-3357 1560
-2794 1286
2407 -42
-1323 -1911
2458 276
1756 -2641
-2981 4038
-336 1650
1194 2692
-2302 -1127
-1383 2487
3723 -3386
1933 -3106
-2970 4237
3584 2670
2321 2278
-41 -2541
-1138 -4004
1261 237
209 4236
4218 -3992
3011 127
4273 3592
-2534 652
125 -1342
-156 1549
491 -2127
3130 578
-2896 2336
345 2596
2939 2476
-648 4140
2932 -3736
571 -2570
-2249 -97
615 -3366
1213 -362
375 -1345
-3416 -2553
2278 -719
1894 2550
657 -3404
-2093 3809
1685 -2034
-3907 -2537
128 411
-930 -2728
2167 3419
1228 -1648
-2460 2798
-3158 -1417
-1674 -342
-2362 -1609
-1126 -4040
2267 2718
3386 4044
-1440 -256
-3259 -3308
3207 -1235
940 100
-1235 1848
3169 -2426
-698 -236
-2066 -3491
-3569 75
4159 4196
4048 -2095
-3264 3537
1222 -2781
-1130 2330
-3182 3368
-1333 4057
3890 -1974
-3906 2054
-1010 525
-1320 -1555
-3361 2116
-2371 -1542
3360 1301
1893 -1549
-1925 4188
274 236
4080 -711
182 2059
-4294 3967
-1237 -4109
-1824 132
4004 673
-3723 -3896
-149 -4062
3820 -3723
3172 3366
-1981 -1638
-195 -636
-3485 -2923
-935 -3744
2013 -1987
-18 1228
1829 3883
3470 -1989
1434 -516
-168 -2883
764 2399
-3942 -3727
1370 -2750
3363 2491
2502 3808
-2024 -926
3687 1142
-140 3917
-3513 -3718
-125 -1042
-3252 2566
2190 2114
-3285 -2536
746 2184
532 -4128
-3965 -685
-2328 -3559
3370 2399
-3712 -705
-568 569
-1103 -2712
3485 3883
1937 -3783
4284 -2394
-691 10
3353 3837
-2303 3434
3539 549
2176 -2332
-3468 128
1809 2308
354 -4169
-3627 1785
1841 -1544
-3443 3981
888 3086
2083 -1429
3041 3649
161 -2580
3122 1878
-3876 -1486
-3131 -825
-2376 4188
-3758 -66
-1481 187
1693 -1552
-3977 1601
-4110 825
2218 755
1535 -4266
-981 2657
-3465 921
-2512 -1326
174 -860
-1615 -1492
-457 1387
744 -3599
1021 3570
-3392 -4035
2502 -2609
-298 -4086
-2820 -4147
-710 -2301
905 3394
4061 -861
-1953 404
4273 -1476
3820 3579
-2459 1783
612 3958
-644 -4065
-1442 2385
1959 -3004
-3717 4204
-228 -2020
-722 -294
1882 -1175
3086 -638
4046 -3453
-1569 1231
-3563 3019
3417 -4140
-1716 -3365
3278 -4005
-101 2628
-3568 1625
3578 -3406
-2107 -1331
3984 -2562
-2020 448
-47 -2989
-26 -1598
2911 -1373
3694 -349
965 -2295
-3004 2056
3892 -2241
1799 -4003
-3682 -3958
4109 687
-583 392
3957 -602
-2094 1899
-1788 -133
269 3140
-4158 -1965
-3072 808
716 -1424
-1826 1546
3640 152
3009 -3298
-1062 1376
4272 -2081
1870 -2544
3052 1293
114 -4125
2257 -2419
620 -1752
-2133 2623
-1714 1695
1056 1388
-1113 -3238
1585 -920
-2446 -1723
-4221 -4125
244 -3287
2848 -1854
-3358 -3191
340 -3852
-3201 2811
624 1680
-3423 -877
-835 1037
1551 -611
-2440 1676
911 1343
2880 -2702
-3539 -2437
-744 4002
-2786 -4159
-491 -2950
990 2380
1219 -3412
-3264 -4047
-1032 203
3754 2907
-979 4237
-3701 -1645
1080 -687
743 -4248
-910 -3952
3786 -2176
3228 313
-1172 3114
1176 -1698
4215 -631
2507 308
150 -3028
3037 2525
3440 604
1056 3334
2380 -4252
2638 86
-3620 -3189
-487 2374
342 5
1146 3887
1128 3058
141 4268
2509 3404
3523 -2730
1527 3963
323 4271
563 -843
-1542 1770
4062 1729
2226 -192
-4198 -1068
-3825 1734
-4244 -49
-2151 -2519
-890 -2659
-1646 -856
-3957 3534
2572 3985
776 -2156
180 1142
2172 -3092
-2494 2285
3160 3120
-2313 2951
-361 2379
4240 2588
-3609 4043
1481 -3475
-3719 -4087
1829 1789
217 3584
-57 3142
-2151 1488
-109 -3171
-3715 2325
-2333 1217
-210 -602
-860 1714
-1356 3361
-856 1178
3336 -237
2787 2967
-3513 1990
-1038 -3172
-2644 -1678
3565 -3268
4004 -3510
-1002 -2270
-4253 -1944
2335 3609
-1332 -1757
-2193 -3271
-1257 -1376
-4050 2381
-4286 -4164
2774 4052
-2004 3866
3210 1141
1452 1891
-2678 -2204
1317 -3359
2102 2120
2877 3947
4039 3950
3441 -4236
-2375 -2958
-1524 4048
-240 -3330
3374 2402
3132 2959
-155 -1534
-290 -377
-972 -1980
3989 -4060
-3904 514
2262 -2544
3772 3286
337 -2375
4159 -3428
3961 -512
2711 3175
-4292 -4258
3463 2771
4188 -2037
820 1360
-1842 913
2812 -3613
-1524 3900
-941 -3781
-430 2504
-768 -3136
-4059 1758
3274 -321
4094 1176
3498 -2581
3917 1644
929 -1312
-1729 -3016
-366 677
2385 184
-2434 2062
-1697 3188
173 1148
1761 -1285
726 -606
2541 3319
-3 318
-4044 -2623
-4037 -3751
-2466 3345
3416 -3931
3156 -2320
-3865 -331
-3807 -2395
422 2083
1947 -3360
-2050 2098
2754 -3943
2289 265
2525 726
26 -3172
-826 -4011
-487 -2076
-3893 4047
-1856 -2
-1875 -1547
-391 2445
810 -2305
-4145 -3842
3549 -142
3443 3517
3000 1977
2028 1708
-2956 3101
-4094 3515
-543 3585
-2390 4126
1690 162
3103 1223
3887 77
2225 1404
1959 631
3801 -403
3831 3664
3671 -1491
-827 2212
971 -1361
2369 -4028
-3016 371
2642 -836
2477 -3204
-2609 -358
3622 137
-496 -2179
-2541 651
2737 -3812
3601 -2120
25 1852
-50 1815
2676 -2170
-650 1180
-650 913
1189 2490
-93 -1564
2275 4131
-292 -1566
1047 1317
1265 3803
1711 3622
-1408 -3902
-1252 -530
2440 -295
3879 2173
-3378 883
-2808 3120
745 2022
-1500 288
3682 2282
-29 525
-1635 101
-3440 684
-1829 -1513
-524 -2641
3638 2152
1160 -2728
2830 -2335
-313 -1743
-2926 -1881
-928 1332
4123 7
-1049 -3323
2965 1558
2604 -3907
3291 2769
-2176 2956
-3180 -1161
1536 -3194
-818 3878
-3989 -3631
143 -2704
-3408 74
-2524 -947
-3850 -1258
2504 -3628
-4276 3808
-3097 3888
-15 -3626
-2069 268
2789 -2357
-228 -3040
1781 -1921
3445 3626
-4033 -2264
1700 287
3222 3409
-1494 4283
-1387 4242
3587 -261
-1264 1200
1444 -3888
3399 2711
-3603 3391
2792 352
2386 283
2939 3777
498 -3675
3637 2328
-1162 -2322
3825 -2693
2645 -396
-3324 -1033
3899 -2936
-2194 274
-2981 -3831
3481 3983
2442 2884
3513 1418
3523 -4059
1763 -322
-3931 1172
1973 3461
-1118 -1469
3340 697
-3912 -1689
4014 -3969
-820 1167
3359 293
-2135 3294
-318 4177
1537 3737
-869 -3385
-2161 1086
-2284 -1666
2051 -557
3881 -2233
-3717 1222
4066 4087
-232 1885
128 1095
-192 -1428
-2985 4126
1753 -1832
3064 -4087
-3236 3503
1569 836
3511 3518
2341 -1981
1259 -142
-1777 -412
-1483 -448
-27 -2438
-2949 878
-3384 1712
4004 -3851
3023 -3734
1702 -2991
-3700 3705
-2296 3376
3906 2667
595 -4201
-2532 1333
-2261 2944
456 2317
1271 3732
3106 -499
4087 2282
-1686 -542
-3609 -273
-834 -3541
3734 -1521
469 -3358
4097 3790
-3905 -901
2990 -355
-392 -4075
4156 2524
2234 -783
1025 4030
-382 4166
3174 2634
-481 -2411
1390 2779
179 1376
-44 4225
2676 1455
-2939 -3055
917 -3432
2607 -2617
1478 543
4292 -4260
-2277 -3279
1752 1680
536 -2281
-881 -442
-2373 438
4155 -1573
3484 517
-532 -768
3347 996
1017 3198
-3052 2333
-3756 -628
-1824 2858
-3235 3769
451 1411
-2150 -1662
-1586 -2336
2660 -1930
1148 -3871
-1015 -2801
1961 2665
-3614 -795
-1373 411
-3696 340
-851 121
-2990 -2937
185 -3731
3662 -1648
-913 -3288
2789 -2777
-1666 593
-3945 3367
1180 2787
-2863 2017
-1209 4109
-2759 2801
-1654 27
-1932 -1449
-2545 -1691
3685 533
-2531 2611
-393 3414
-3872 -1223
-1482 -1407
1776 972
-279 1029
2731 1229
1796 -1900
-3464 746
1982 1629
-1668 -2034
2332 -2788
-1145 1888
639 -76
1598 3971
-3171 332
2304 -2744
3962 -4031
2310 1058
3085 3422
1840 3344
-1920 1161
2041 2989
2154 -215
2833 371
-3544 -2602
-1867 -532
-1330 1253
-2413 -3516
4118 212
-1413 3438
3736 3067
-1938 2999
3102 438
2891 -1705
-3674 3445
683 2156
-1094 -302
-2289 -3490
-1359 1849
2044 -433
-2070 -4034
1341 2015
-1098 -3338
-2725 -2239
3002 1230
3784 -2464
-1075 -3452
-1792 -4080
-4148 3373
4020 2885
1634 1745
-1191 2671
-2081 1597
4243 2969
-3412 -361
-1914 -637
2104 -2564
3541 2162
3746 3955
3653 -233
120 -2436
1277 -470
-2915 -2928
1476 1749
-3073 743
-3237 -346
-3848 -1763
-142 -1647
452 3622
-238 4024
-3299 1098
-106 2914
2771 2029
-257 -1117
-1620 -929
-3830 1983
-3172 968
-1298 538
2702 998
1817 1354
-2429 -2926
-436 -2220
2815 1968
-398 -2724
4123 2611
-887 2892
-2657 -3373
-1943 -545
-3475 1696
2134 3588
2553 4135
4051 2419
2558 -1881
-1772 -2717
-3769 -1340
500 1758
-2858 -1870
-324 -1098
3965 2582
2878 -910
858 -2702
126 1578
-1021 -141
3787 1991
-1783 -323
-224 705
2484 -195
3921 1446
3521 -3497
4097 -3801
-201 -969
3164 -2480
2443 -2847
-73 1758
3301 4112
-315 -64
-1736 885
824 -2539
2171 -3990
4053 1163
-1623 -2191
-2158 -3616
-3318 3129
159 -813
2354 3671
-2096 2492
-1115 -3659
1823 3054
3420 -2357
-1159 383
3987 738
3613 -496
152 4173
1580 -776
-877 4167
-3746 -1363
170 3190
-1177 574
926 1395
4218 3651
-282 36
2025 2743
3734 -956
2015 1114
2587 3898
-1290 1648
-2495 -2306
-2155 1647
-2179 1022
824 1934
1762 4133
-757 -347
-1689 2587
3068 2646
3803 -105
-1108 -1968
3843 -182
-989 1269
1129 735
508 -3389
3617 -3505
-1386 1959
-2339 -87
3686 -49
-2135 -1217
1505 -1316
3198 3009
-2289 -864
3116 -802
2882 753
1779 3057
-677 -3870
-760 2336
-691 -1577
2898 -3786
-452 3791
2082 -4075
-1807 501
-658 2839
-3539 -162
563 -3536
2496 2954
1504 745
510 -4259
-2069 -47
-4028 -1042
2037 -2269
-4226 -3245
3533 -2930
-641 -3143
1993 -300
-2538 1166
4134 -620
3566 -2570
-382 2581
4147 -165
-2405 -542
755 -4230
-138 826
-2066 -550
1875 -3612
1035 -2105
1651 -1193
1737 457
-2525 -3356
2013 1327
-497 -3596
-1387 380
-4256 -2912
1005 2816
3802 -388
1770 786
-2286 2009
4232 3957
255 -2684
-1462 -1671
-2832 -755
-1879 -3803
3320 2399
1004 2616
3281 3180
-3866 3450
-581 -560
-302 -3155
88 -605
1553 -3855
-748 -3980
-2860 18
2978 -2356
3928 -1
-682 -1556
-674 -3775
-3822 -2165
109 2660
-1150 1378
77 -2719
1740 2597
-1486 3011
-3042 -2908
4004 -95
-512 -2796
1795 -247
122 3519
-1660 -3752
-4281 333
-298 1796
3516 752
1068 1016
-1155 -1053
-2628 -1035
-2224 3043
-3267 352
-2342 4055
3366 -2982
3425 -3170
3410 -3626
-2913 1957
-1618 -371
-319 2003
568 -3352
-3537 -974
2429 2615
3500 -214
-12 -2183
3833 -889
-844 -858
-2047 -2648
2338 -2470
1453 4153
2759 -3290
-4160 2680
-3064 2199
3298 1772
-3904 -2645
2149 3443
931 261
3612 309
3914 -2239
2193 2925
-1222 1720
-3951 2001
-264 -604
1278 -3898
-2482 -2409
-4283 -3722
597 3714
-2309 3335
2843 -4099
-1412 -2874
878 4000
-3478 -2456
-1826 764
4066 -4158
545 -3791
2033 1393
2584 908
-3503 3607
-1689 -1126
-2822 -3141
1763 1836
-1501 -699
2951 -3045
-1537 -3175
4095 332
1604 4289
-2204 1768
1310 2749
3174 -22
3193 720
1901 -9
2970 -4019
-63 -3505
2496 -3268
3844 -3217
-171 633
-996 1475
-233 2423
1948 -896
-4297 127
-845 3217
1874 716
-38 2386
-342 -1003
-10 -2268
-3244 -596
-1487 2925
2603 -852
-2584 1528
-1159 3456
-931 259
1547 -2688
2913 2960
3197 -1820
-3797 -1003
-3760 743
3330 219
-2164 1571
-3592 -4142
-3015 213
3634 1075
-3413 -3015
570 100
-1521 -3739
-3712 -854
-3092 -2045
1221 -7
-2883 -3767
3985 3880
1333 379
-3805 -3421
2344 -3595
688 -2827
2622 821
-3293 -4054
3402 -17
-374 1247
-1790 3814
1382 -498
1126 3583
-2918 -2531
-1478 3445
-4050 -413
1664 -1283
-3862 -3201
-4123 4007
-2588 -1577
58 2543
1300 -2751
404 468
337 1826
1065 -3265
-2524 -4220
2215 -3528
3183 1396
-2338 -578
-2289 655
-3633 2107
2349 4084
1895 -1452
-3119 1033
2937 -1132
-1375 -1823
1252 1708
-2555 -1107
-530 -1067
2615 -3719
-324 3908
325 4166
3386 1288
2093 -2931
3517 3610
2354 -696
2347 1937
2567 2041
4072 1795
835 2008
236 2586
-3471 2175
1849 -1668
-641 -4107
1463 -1211
2753 -2363
-462 2054
2539 -322
-830 -578
1022 4094
-4052 -4242
-1912 -2603
698 2560
2541 1332
-1853 -2797
4193 -4069
-3146 1155
-281 -3002
2388 -1755
-4256 -3196
-1420 -548
-3110 2065
-233 -3714
-1959 -1882
299 -2528
-1063 579
-4140 -967
2449 -1590
-2150 -2410
300 -1664
1432 -2496
-3066 2230
1922 3430
1828 -3428
-3651 -1057
2412 3530
-1315 612
-946 -3173
39 -1518
-595 2542
574 -2938
-542 -863
-2984 2710
1378 2155
-2965 -3661
-592 839
1247 -3088
187 753
4085 3181
-189 -3170
3609 -796
1297 645
1017 -781
4090 1458
-4094 3044
-1103 1722
379 954
-4171 2623
569 -1336
1087 3785
850 -3925
-1242 1521
2884 -455
2551 97
-3910 3483
-2827 1319
2874 2250
1997 -1530
-182 -2785
-4267 -672
2035 -798
461 -3449
-2040 4128
1016 -3583
165 2797
-3913 3544
-1222 -561
1723 -3440
2346 -1597
1753 -3703
1534 270
759 -2642
3835 3873
2282 893
-1284 2822
-183 320
231 2659
2263 2813
44 4198
2576 3048
3574 1250
-433 1466
-168 -405
1649 -2192
4222 -502
-3132 2463
574 2432
2485 3139
1090 -110
2343 1157
1467 -419
2056 2487
1381 3404
-1422 -4101
224 -3213
-2946 1389
-3710 1924
-1477 2827
-1420 1948
3899 4112
-1276 -3467
-122 3175
3965 2456
-2380 -3408
-983 -4236
3998 -3025
-3757 3525
-3033 -1161
-2238 1662
1024 3856
2472 -1152
748 2776
1870 2188
-2967 -53
3501 -3596
-1546 582
1058 -671
-2208 -2985
263 832
-3383 1182
-4221 1173
3441 -793
2257 2127
-4073 3486
3497 2996
1767 -3778
3814 -3258
2419 298
-1766 1706
1483 -864
-1299 568
3451 3008
-1633 4205
2908 -1747
-224 -1805
-3895 1878
3904 923
3347 -310
-1831 -1422
3010 2539
2560 -1635
-955 -1434
-3636 -346
4143 -2374
-501 241
-652 -1801
2365 1923
-910 1231
1994 910
2031 -2308
3258 -1778
3614 848
4200 -3186
1319 1409
-1198 -1980
1548 1752
2132 -2077
-936 2815
-2717 567
4126 -3009
2374 -2414
312 484
-1616 -3274
1266 -736
-1267 -1104
2431 3052
-1432 4084
4262 -2075
-3579 56
-2304 -770
-3558 -4061
3057 -1087
2105 -1824
2837 119
3515 -410
-1142 -2075
3510 4260
2155 -3313
-902 -3332
-220 -2645
-1210 4147
2562 4109
2452 -157
-1609 -994
478 40
-3099 -2839
-1130 3090
3704 1387
1137 2884
3779 -1345
259 3618
-3979 -1866
1781 2750
1771 394
-1577 3293
1872 2015
-75 -1837
-671 183
1311 2790
-1660 813
-377 4046
2346 1994
749 3794
3128 2823
-3740 3119
-3962 589
-2611 2370
3752 -3464
2737 -3098
-247 -206
-4097 1753
525 3784
-3272 -3516
-2503 3974
-2710 -2441
1591 3605
-2448 1717
-3716 1871
160 2360
-384 -3618
1830 2460
2186 -1594
-772 -1850
-3749 -1562
-608 3255
-1489 -2487
-2871 -284
-3491 148
652 -2429
4058 -4045
-3678 1356
449 223
277 469
-794 -1387
89 2879
-3984 -1260
1839 1354
-134 -851
