23 -28
35 38
-2 -17
14 1
32 1
-16 1
23 48
-28 14
23 23
46 48
-33 -10
9 35
-20 17
-3 -24
-38 -18
27 29
-33 46
49 29
-35 31
2 -3
-18 37
-17 48
-10 -18
-28 -33
-36 15
13 -34
8 16
4 -30
-2 -34
43 -16
-5 3
-40 38
-29 0
14 25
-45 -15
-1 17
49 37
24 -2
-36 26
8 -26
-4 30
7 41
-13 -4
-44 -45
43 0
-32 49
-23 -9
-29 21
-8 -45
23 -34
-39 -18
36 -44
0 11
8 17
-35 13
24 23
-11 42
29 33
44 -10
23 45
-42 11
-27 33
2 35
17 -3
18 -19
19 22
23 -1
43 38
-28 -1
12 8
-31 -44
17 -27
-25 3
-32 19
-12 21
11 46
0 -10
45 11
46 -21
25 -42
-34 32
6 -31
-7 -23
-27 40
-10 -18
32 48
-10 -36
-5 39
3 37
-25 36
3 -40
-40 -15
28 -4
-41 -16
17 -19
6 25
-13 11
-16 -36
4 -33
-49 14
19 27
-47 -31
-5 -28
-42 18
18 -32
-40 26
4 31
49 1
7 -29
5 11
26 15
3 26
16 46
3 -19
-8 8
-45 49
34 -43
34 -47
41 -2
11 16
-39 -43
19 23
-2 -34
-46 -19
46 -38
45 -19
-7 -9
-33 -7
32 7
-34 40
7 30
14 -44
18 31
35 -42
39 25
-5 23
-5 -11
-19 -42
-24 46
-7 -13
-46 -24
-5 -16
-37 -9
37 -8
-48 38
19 -14
-9 -24
37 -27
-20 -26
-48 -32
38 7
36 -4
-36 -42
-26 -20
40 11
23 39
24 -42
18 37
-35 44
-20 -26
38 15
1 -29
37 49
-37 0
0 3
-20 -37
38 0
44 -25
-32 -4
33 24
38 -43
-42 11
48 -3
-28 12
-18 25
17 -46
-48 36
-1 -22
16 0
31 -39
9 8
15 21
28 19
3 23
-35 15
20 -13
37 -22
-4 43
45 -49
43 0
-49 -36
8 12
5 25
33 -36
-8 12
-4 -22
-18 33
-32 44
49 23
16 -5
