-1094 -589
691 -813
107 490
-332 -494
468 731
1098 79
-1421 -992
929 -764
1081 -1103
-790 -1300
728 511
17 -148
383 85
-581 -793
-806 59
1012 -994
487 1357
-261 -611
675 -488
-1385 -1231
426 -625
-1095 832
-1203 -627
-95 -124
-289 503
14 -792
-762 -1344
1181 842
-1465 -699
-43 -140
1083 166
-524 -467
923 1131
-405 -330
1045 1351
-915 1484
881 454
1444 -120
966 -425
1257 1086
1301 1016
1319 1323
-213 -516
-1134 1425
-784 -23
-820 275
-113 -1165
-1328 1363
648 -278
1157 850
1476 -1072
-1450 -802
139 884
507 676
1441 -480
772 -59
-1286 -178
932 259
-1178 -1126
-797 -912
-156 -427
-449 270
838 -687
-990 401
-1288 -950
447 -315
139 1428
-739 75
-1212 978
-1418 -528
-326 821
1490 -671
542 -1144
487 -700
369 -981
111 254
828 -84
-965 -560
-465 -1058
1260 523
209 891
209 -174
641 1082
446 225
1306 -928
-347 964
-76 -745
98 -1040
-66 -1095
-572 151
-63 -437
-1130 977
-1430 -815
269 1190
-983 -18
-686 -1038
470 556
1268 -443
-697 678
265 752
451 -1125
737 -1285
-1272 -1037
1064 -880
1131 -344
-1265 38
-838 -1496
437 1375
201 -347
-521 -475
615 197
685 -570
-12 -691
633 1253
179 -169
1498 -1416
1362 -407
-815 1302
106 412
-1476 -830
-1204 493
-591 -1449
216 -171
-469 -177
91 1172
142 -422
-1461 -814
-211 -1000
-901 -457
-649 616
848 -1
0 -971
1440 -1216
709 -762
-1463 1101
913 -200
51 -946
-1303 -766
960 913
-556 -108
-921 1410
411 -103
-793 -542
-67 -268
-579 708
-887 631
-75 1258
898 -904
965 -1028
1190 -1384
-1341 12
-639 34
-696 -481
-928 -53
-163 -1337
-1378 43
474 -161
-723 -520
-654 -728
93 51
31 -1014
-391 -702
-657 -181
-460 -1442
-534 10
-791 -1469
-258 -178
-185 982
-1212 673
-35 -1050
-1473 -595
-1014 -933
806 -530
482 -444
823 1208
417 -1123
404 -289
-372 -900
1381 1287
-813 -233
-1159 1193
341 -767
-1100 852
-1065 1341
-117 -301
-759 -1245
-649 -466
7 -731
-688 343
-801 124
-759 511
-514 497
1088 547
-1082 -775
441 -1305
-529 -778
1228 1117
1202 -961
1052 -1215
-273 -349
1167 -276
1430 -1280
419 -94
-473 1417
-816 -231
-566 234
265 1159
1323 -797
-857 -583
789 541
-429 -741
588 880
-1375 1295
1237 989
-356 1105
926 291
225 126
-290 398
537 -19
1329 430
566 -698
-798 -980
728 -297
-837 657
-683 166
466 -686
737 903
-753 229
-741 -1481
260 -741
98 -679
-861 -755
-792 -415
628 -1363
-1151 -1282
-528 -187
300 494
442 485
457 -161
-1049 -967
-1015 1001
1193 -324
-1133 -469
364 -905
706 -1034
-248 -685
-955 -1092
717 591
-867 -128
-1409 415
1244 -787
-652 -146
1418 1374
-1313 1039
-132 751
-1388 -118
830 -1346
1089 -143
602 35
-479 208
-233 71
-1104 -171
267 -977
1410 765
953 1408
-917 -548
510 -898
518 -1439
-614 -318
469 -1220
1298 1185
1057 -1232
-725 -691
-1244 148
-1152 1074
-849 -471
74 132
373 -669
1434 -42
-265 554
1358 -434
652 -458
-768 -305
1282 -645
-896 -139
-494 523
-894 1279
947 -354
662 281
-378 -372
-969 -1410
1496 297
-521 -325
-1092 623
-449 -657
-879 -141
1330 -290
-1355 -338
439 876
998 -1494
-353 -204
-1402 -403
498 -853
-797 983
-808 -559
-940 -371
1136 -933
-697 863
-843 561
551 940
174 1106
-1208 -812
454 3
-1330 809
-984 -253
161 329
762 -703
-690 -633
-872 205
260 646
-1399 -616
-767 -1036
483 565
268 1242
1486 -142
730 850
385 1180
404 -1084
977 -1041
843 -1393
844 -988
1221 122
1116 337
1378 -1476
427 264
1091 -1478
-1405 358
-298 -1101
1246 1479
1241 1434
-332 -555
-960 -1074
-506 955
432 -713
612 732
-238 640
711 1133
1160 853
282 -955
-113 1117
-299 -653
-1043 -106
35 -56
777 -130
734 1059
-832 489
1088 1376
-224 -858
-1496 484
1302 1163
1099 177
228 -436
-42 218
-184 607
1495 -568
1174 342
-40 1277
-80 -1419
-1133 -531
-1369 -1045
1419 679
-207 -678
450 999
1237 1041
332 1444
-720 -1466
-490 -1354
739 939
878 -1337
-49 -1229
139 888
509 -932
513 -989
1105 -197
-1197 -807
-862 101
-289 -143
103 1276
-1365 -1192
768 -355
-1230 -1161
102 -1240
1306 -468
-1292 838
-1122 546
-921 -23
-2 1419
-495 1127
1311 -288
713 -1184
757 223
-506 1093
-522 -980
-1466 1444
1323 1060
540 1104
1191 451
-627 -1414
1151 -1421
-552 187
-635 -224
37 789
243 -1371
280 347
-975 -412
-221 -711
-971 1199
563 -728
-664 24
-92 729
368 140
-897 120
1027 -941
-316 -114
460 -1075
-1101 -1137
-590 -1022
1313 1153
1189 457
386 338
-1109 1469
-1320 -570
-770 -1291
-1017 1008
-1338 1430
139 -339
917 671
-1327 93
-1030 -619
-1486 -829
-1285 -96
109 -461
145 -857
110 -1423
-1218 672
467 -978
301 144
400 -134
971 467
1019 -1069
1378 507
-1319 -1042
1273 1373
1177 1036
942 788
856 -1160
514 -1407
466 283
-1085 -982
-821 1070
840 104
680 916
1139 1432
-457 266
-702 242
1173 886
-523 -982
-279 851
526 -1318
-957 237
-1188 -1239
-388 1182
-608 1116
671 -92
174 1253
-618 -1152
-936 -1367
859 176
-131 21
-916 -270
-1135 -1472
530 -328
-708 720
-868 -857
913 104
-258 -339
-151 -910
-1284 133
1361 -1304
-527 1058
147 1292
-973 -245
-1238 -76
1434 371
1374 47
891 903
-1123 -33
-1129 497
532 653
-829 22
-1052 -662
78 -887
-52 -164
1028 772
1235 1441
1142 -930
-777 1017
-68 -532
1362 -1082
-900 -977
-449 423
-18 -135
-234 -470
-479 1216
57 -857
-75 -1364
1280 126
239 -849
-413 1037
-27 582
-1325 913
-287 -1446
105 -859
-747 427
-350 66
1226 -115
-363 -1076
526 747
-1375 -561
-45 289
-604 -1426
510 1395
-673 -1121
576 -1263
-457 161
-1083 1446
1 -585
-55 751
722 349
54 -1464
761 323
-965 -1018
-687 11
-376 1125
392 -160
1157 -487
1031 909
1023 1050
-1366 1023
-845 -346
353 314
1308 1404
-246 1040
65 629
-130 1203
-1365 593
-1065 -124
-1492 1392
529 -574
-1203 -869
-216 -769
-278 1483
-576 -36
-768 498
1000 -871
-959 -341
-464 1196
-1432 -846
-1006 483
-751 -274
614 771
-402 488
-2 -1365
1058 -216
1106 -497
1264 1339
-26 -1368
-1296 -1172
-213 1411
29 1355
-651 -240
1349 1396
-1457 -194
713 -694
365 -423
-163 -1257
-550 27
-1322 1139
-1381 -527
-51 -1308
-936 1266
947 1396
-971 516
1228 166
-1386 -1436
-1364 -733
340 92
-967 1057
1484 897
-1244 383
904 598
1325 -97
187 -1001
-690 1184
1299 210
1453 559
715 256
-771 1395
1089 -518
-1152 -159
955 -118
535 972
-245 1276
1417 -1216
-411 1188
-170 -1419
591 320
1095 1033
-1376 650
-41 424
-878 1354
-1218 -1478
-494 1105
1465 1002
1304 671
-361 -616
-554 249
184 127
598 -1453
-493 831
1412 1312
79 1259
-336 -191
-1113 -573
924 538
183 7
1240 -416
736 -64
596 -124
-750 -660
-1486 -40
59 -261
-922 992
-542 -1137
-1014 -915
1015 1482
810 528
297 -793
-331 -31
-970 -575
788 1197
1470 374
129 -13
1142 -333
1213 134
1417 608
-323 863
-439 234
727 639
-158 101
748 -1365
163 -1303
-353 1175
1306 -367
-723 851
1426 -229
-655 284
-202 -50
575 -950
1 -875
-1275 -206
-185 -529
1060 -772
927 1306
437 1450
1388 626
-182 859
-781 -1473
1256 -1123
99 -69
-166 -1298
-720 -290
-1200 475
-35 577
1427 1395
1418 -955
-511 -320
-1199 172
169 -1355
-602 -1032
1434 -1322
-587 -105
-668 1460
785 -724
-1333 498
-1281 1173
-328 -1246
-1431 -173
-151 -894
660 -1284
-912 1266
262 -976
1435 874
512 427
-571 -369
-495 1027
-86 587
-62 597
515 33
855 403
-450 855
-1099 1371
1166 -1215
-714 650
-185 -433
1294 1374
756 765
-411 802
1412 -211
-121 42
-1386 -1450
-311 -931
-1441 1231
-105 987
1297 684
586 193
945 -834
452 1469
544 415
1407 -1000
562 -554
558 807
-568 -1157
-1200 304
269 -999
1374 1292
39 -710
-1349 1167
-179 -1041
1072 -68
-1322 1391
857 151
723 1259
395 107
-561 157
-367 72
-861 421
-1238 954
646 -970
568 1413
-302 829
534 1052
-512 -1314
-547 -638
-54 687
815 -265
851 -886
550 1173
795 -1469
-1153 1115
-801 -785
-146 303
180 910
893 -372
-1025 -67
501 510
-181 -1328
-784 -1325
-1109 -304
-623 876
-1249 -71
1468 703
1077 -1340
-1399 449
-921 -1353
-347 772
-1052 -970
393 953
-934 1453
-544 1451
266 1464
-1444 -1237
524 -920
605 -1384
-1236 1327
-1470 96
1147 543
-419 -542
298 1295
-220 1127
209 3
-218 -193
390 589
977 1456
-1189 -1131
29 -1439
-353 -166
-792 147
565 -406
-1016 -1187
388 1307
191 -718
1420 -726
-153 0
508 107
247 -1282
12 -68
453 1149
1369 1472
470 -479
725 -866
-398 32
-736 1283
370 1248
388 322
232 815
-253 -487
-71 45
1256 -999
-186 -1467
-1119 115
835 1252
706 650
1028 -561
-825 -356
1351 969
-1186 1040
-1362 -919
-222 575
1056 -221
-271 1276
1098 -337
200 -860
-558 -1425
-1485 -1230
-680 -982
627 134
94 -798
-125 979
-358 1266
599 1013
-55 344
-1075 -1419
-1097 994
-1388 -769
800 873
-1055 443
-797 -1494
-1074 -367
170 -400
757 -442
-1298 -506
-371 -612
83 -876
1174 786
588 1191
-252 730
1396 1244
-346 -906
-961 832
943 515
-176 118
1109 -1373
798 -5
1094 -642
654 1114
526 -1210
736 146
-1202 -1132
913 1076
-1196 200
1462 484
-1406 1233
-588 1429
992 158
-117 858
1452 -823
-52 337
-151 -981
-710 1397
-1189 -972
629 854
-633 609
1342 119
1201 448
-962 783
-1285 -434
-961 -366
1287 1052
-1277 -335
-1265 236
-1454 -1264
-187 -1067
268 -875
930 -1460
-516 -515
-1214 -124
-112 513
-395 -105
-974 1077
-1066 751
1294 -1467
-1424 143
-1090 596
215 -644
-669 313
623 1067
1229 463
-1060 708
-433 1131
-397 911
605 -845
-220 -417
878 -1285
-124 32
-918 -472
-1268 752
701 -155
1485 -422
-1126 806
-1196 1251
-525 691
1252 -1187
808 1070
984 622
-520 1096
683 494
1057 -1188
776 946
65 -264
396 1428
537 882
346 1147
992 -1126
440 89
68 -79
-920 -160
-631 155
-280 -57
143 -943
1080 726
-586 633
399 -135
933 491
921 315
1031 -1022
-3 -214
-1140 1273
-333 1464
-85 -1425
-454 -557
854 1326
-1024 1007
-324 956
28 -1109
160 -422
-162 -511
1215 -1237
-1026 1148
-726 -254
203 755
1328 -811
-109 112
1391 118
-1417 -76
268 -1392
-23 643
456 -608
-608 980
741 832
238 1439
673 391
-1414 1036
-414 1198
-1036 1097
1081 261
882 -1022
1089 433
-794 -1499
-1441 1437
614 52
697 -1002
-1302 1402
345 471
-1 625
-429 1356
364 865
-1043 -454
1370 1137
248 380
1356 -1071
1078 -752
678 14
375 -182
261 637
-1185 916
1273 46
-766 -1456
-76 -666
373 -343
-1201 -504
-441 -967
-967 -164
1067 819
-296 943
-132 1257
-601 -1103
1220 554
-1297 -357
284 957
-411 -923
1339 724
189 883
589 -19
332 915
-1338 279
1429 -365
-30 1144
-123 45
920 -1087
49 472
-288 -175
190 -1370
-1046 -1440
-863 558
-1195 201
713 -741
-510 1075
-1024 182
195 883
-966 1196
1237 1166
1225 1123
1167 350
694 -1380
-887 1385
1074 -1152
-926 1405
-973 -790
228 -1211
668 -697
-580 602
678 1273
-7 -1449
-148 -1182
-1000 331
-725 250
-585 -359
-974 1380
-1406 1028
1345 248
1490 352
-1354 1286
1438 685
-522 1001
261 298
-1326 934
-538 -359
1323 388
898 157
-986 -717
999 315
-1088 -618
-1064 1272
-274 1214
1496 1376
402 86
481 -1081
567 -165
395 1498
1235 239
1039 -196
150 1458
215 -1307
307 306
276 -853
-1246 -1201
-455 -1105
-379 1081
-1148 389
593 -381
1413 257
-1443 395
-841 -627
85 -142
-690 1358
701 1349
-412 -448
396 998
-221 1256
887 192
-336 -420
-671 1182
371 -890
-1139 735
1163 320
1319 1325
1399 -1203
-237 933
71 1126
1125 -727
-1261 747
1322 39
977 956
-550 -279
-1343 -79
1443 438
-737 -357
581 -548
397 638
588 77
202 1403
-170 1105
1001 -275
1145 -895
816 -592
-708 -1459
-404 1143
681 123
-913 -1030
1263 510
123 84
758 182
-108 -289
1315 1192
263 1208
-276 399
-230 -1261
839 -1185
-2 1480
-1349 -151
-644 -306
-390 -598
1071 810
-663 1106
109 1214
-1358 395
-673 -564
1039 -1424
-319 -833
-595 671
-373 -1245
360 -498
1020 -1309
1164 198
-132 -946
-557 -714
98 -89
-975 1362
-700 330
1407 -1486
-1177 -141
925 723
139 1164
-302 -194
521 -38
-1327 -304
-801 325
-1268 1403
101 139
-223 435
26 579
-940 -890
-281 367
-355 -1066
-1229 -112
920 -28
586 1247
-581 82
-236 942
-127 859
262 -1064
-1490 -775
543 -1250
-77 -200
-1468 487
-390 1443
805 -306
1313 731
728 -549
-1267 616
503 302
-1111 42
-884 -722
-424 -18
1088 -1361
711 1045
662 -1119
-757 735
612 1034
-660 1262
-654 -591
1120 -74
1176 -381
-58 174
-1194 -939
457 640
-41 -1184
158 800
-17 525
-67 -731
-1207 -1207
391 260
1083 -645
-745 -665
-956 538
914 1199
972 351
-405 172
238 -982
6 -1285
859 -1196
1386 -547
708 622
-1004 163
-115 -872
-1211 1310
-800 -159
-99 1009
-1057 248
-1144 -1384
196 866
78 -437
874 796
1204 609
-560 -410
1050 -724
-1136 -64
728 951
-1148 1157
1419 -1021
-352 406
-1358 918
-1120 -921
-1441 -825
-91 102
-1095 -720
951 -1460
468 -700
-64 1254
817 -902
-438 -588
-1006 576
1419 1047
-668 1475
1182 -870
302 -151
-8 249
-632 -983
6 1393
-700 -470
-1150 1170
175 489
245 -601
1394 -437
-1410 19
-448 -1017
1448 -955
787 1017
86 507
-571 543
-896 1302
-802 713
1040 1236
1153 73
-535 -1273
-306 -986
533 233
480 -1011
365 -232
1054 -1335
-285 676
-915 898
1485 -630
815 328
-546 -346
-871 336
299 1033
934 1183
-416 -483
-816 1273
-302 1301
-1275 747
-924 1168
-1459 956
-5 1355
493 784
263 -651
-286 1312
-172 191
45 -1037
-39 730
-333 -60
1148 -445
-43 620
-917 -562
66 441
-683 591
1317 -1199
133 1263
-1398 -1371
0 -74
-674 -578
-1350 -298
-842 826
379 -414
-1073 1238
-528 -416
1395 -674
-1110 1007
-590 -33
-561 -1075
23 -1279
-546 -955
-386 -285
-1140 -719
809 -1346
972 -1303
1186 605
-115 -1300
1119 1228
-471 -10
48 1233
-1397 95
531 1097
-1456 -772
-1021 1325
-504 -394
-183 991
-1132 -1447
-3 -235
599 1271
1327 206
-1473 -1496
-1040 -1150
464 106
592 289
-382 52
-464 -571
787 -618
-1348 968
-423 1280
1480 -705
307 -307
-567 -944
-1203 -1327
-129 -1016
335 146
-794 851
335 711
-270 -1143
1002 -1262
-83 -683
-820 -764
202 -899
1107 724
936 7
1315 742
-799 47
145 -396
-482 548
-436 -1399
1185 930
-1111 986
1002 154
-1075 -1132
-496 -1023
-1382 1461
-1412 -550
-1082 151
1452 467
-136 269
166 -381
122 -264
-17 -836
-739 -650
556 -1372
929 -105
712 1204
-1131 -890
-843 1045
-782 1115
670 -589
1069 959
-1185 -1286
-570 -333
-1069 -1419
-1104 1460
464 283
-698 -1285
64 -794
-608 -345
-191 -614
202 940
-927 718
1365 886
-898 -69
-1179 -646
218 -829
-358 1218
-173 -1183
-308 -1255
-72 -34
-1341 236
-204 1048
-1224 -1002
-327 1056
1027 834
987 -967
84 1179
-1490 -1285
406 304
-857 -1447
-928 -858
-305 -219
-216 -1206
-1070 700
-713 1046
525 1023
-952 965
208 -240
495 52
1355 -1001
1421 -567
695 818
-717 77
1421 -1467
-854 1287
1072 -1391
-1169 -635
921 735
1489 805
-681 840
1383 273
-496 166
966 138
830 50
-388 530
76 543
-655 585
-393 -293
-1139 -153
630 -867
-181 -1244
540 103
1015 -364
-537 -1290
1436 -1305
628 295
1466 1266
986 -1284
-344 809
617 1080
388 51
1050 -988
603 1162
-603 799
343 -83
416 -641
437 -556
-821 472
-1094 -538
-168 -493
-1125 -276
-752 -492
815 -149
-150 -457
-238 787
-1159 21
-125 -1266
-667 868
295 634
428 -483
-1427 1157
-713 -42
1241 1465
-536 435
-827 1147
1459 769
-745 -768
1371 -148
-264 -567
866 464
1163 -428
-660 1296
-683 483
-841 -199
-1175 708
182 -1487
-689 -1149
505 352
-108 -1367
343 -1386
678 1459
408 -561
619 -1363
812 -67
533 1348
-388 387
543 47
