-42 -16
-38 -30
45 -39
-41 39
28 -12
19 26
35 -47
-47 18
5 46
43 -23
-11 -39
11 -42
-2 42
-6 14
39 28
-38 29
-24 7
1 -13
46 44
0 27
-14 -49
30 26
21 -25
13 -12
38 31
39 -24
22 -47
40 12
-25 20
-40 -3
-7 -15
-44 -49
-17 34
33 -18
-33 -22
-35 -6
40 -29
-40 2
1 -6
-45 17
-18 41
41 -40
-30 1
20 -34
30 6
49 26
36 -34
-35 -43
43 47
28 1
21 -2
-41 -34
-44 21
21 3
-5 -37
-7 0
12 14
-24 -16
-32 21
-44 -6
49 -44
-27 28
-16 34
34 -47
44 -30
-7 -9
12 -28
14 -33
40 -13
-18 -40
-2 0
14 49
37 34
18 -36
30 47
3 -40
-13 -26
-23 -31
23 -47
-25 42
37 -42
28 11
29 -34
-28 -20
25 28
-47 -12
18 45
-10 34
-5 -19
21 -36
10 -23
8 33
-4 49
-9 14
23 5
22 30
4 6
22 -17
-13 46
-27 24
-43 -24
7 7
40 37
0 49
-16 -1
-40 1
-3 29
-30 39
-7 6
15 30
-48 41
42 47
47 -14
-43 48
-24 10
-5 -29
16 41
21 0
5 26
-1 2
13 -2
1 -25
28 38
26 24
41 -16
20 -20
31 43
44 6
4 0
37 -26
47 28
-6 -32
-27 -35
40 -27
32 3
-11 28
-14 -26
12 15
43 -42
-23 -43
-43 36
-23 -36
9 24
31 -24
-8 -25
-34 -42
17 24
-9 5
48 -23
-25 -37
-49 -43
37 30
-4 -44
-27 -23
44 7
8 41
42 -33
8 -13
-38 42
-34 -16
-35 -39
16 -20
-1 -20
-38 -5
19 -12
8 -40
-38 -48
3 42
-42 -20
28 31
-8 31
-28 -26
-47 -23
-23 38
13 49
-34 42
10 -22
49 -35
-47 47
-26 -20
35 10
-47 -43
28 42
-5 20
-39 -15
-36 5
21 -13
-38 4
-30 47
-22 6
-6 -41
26 4
-35 -35
48 -21
-22 16
29 -32
-33 -4
0 21
-14 0
-45 -42
47 34
0 32
-8 -41
33 37
18 41
-20 12
2 37
-35 37
49 -27
-22 42
8 -21
48 -11
-24 0
30 -3
-22 -29
-34 19
11 -31
17 33
48 -6
44 49
-1 32
-29 -23
18 30
-12 24
41 -29
-29 -21
49 27
-36 -20
13 -22
11 23
22 -45
-16 14
31 -30
5 22
19 -31
12 37
42 -41
41 0
20 -2
-11 -5
-41 -19
39 -24
33 -7
-49 -10
40 -4
-42 -10
-2 16
-6 -19
21 -35
33 35
35 -24
7 -9
1 0
-9 -24
36 -9
-32 -27
-22 39
11 -19
-4 -19
-20 16
-24 -26
-18 6
48 16
-2 -3
6 43
49 -12
-33 33
-32 -21
-45 -15
47 29
17 40
-23 -45
-25 -19
-13 21
-11 -41
-10 -33
-34 -46
-2 4
33 -36
13 30
28 12
4 -46
0 27
32 -15
39 15
38 -20
41 -17
-13 15
-10 45
28 46
4 48
-12 29
-18 -10
33 -42
-21 2
15 -7
-25 -40
0 -30
27 -25
12 40
16 24
-47 19
31 -4
-13 30
17 21
-31 -12
38 -44
-16 -1
42 -40
-28 34
-29 17
-12 36
25 -44
-41 -33
-35 5
-25 3
49 -49
-41 33
13 -24
1 29
23 -5
49 -37
-37 17
29 -6
-41 14
18 -29
-34 -37
7 -35
39 -21
29 24
-6 -14
-44 47
15 43
23 34
-15 27
38 -25
-18 42
-22 -15
39 -17
6 24
7 36
-5 -34
25 22
-48 -28
48 -44
2 -47
35 44
1 -11
39 -6
-24 17
12 -16
-46 -39
40 38
14 7
45 7
20 -25
25 35
-46 13
-15 -10
32 10
-6 38
-38 -6
40 46
34 30
-49 -15
-22 -43
-32 -49
-48 43
18 -12
-13 -2
33 -18
27 7
34 -35
20 41
32 -24
-48 -21
-30 4
-42 -45
7 -27
36 28
-27 -29
36 7
-35 -24
3 -8
10 -10
17 18
7 -17
-11 0
-16 -44
-36 -4
27 39
-16 34
10 -30
4 -37
24 37
-35 -3
25 -17
26 -49
40 44
-9 -36
37 19
-7 -45
34 46
45 1
24 -5
-19 27
36 45
-15 36
-13 44
4 46
42 25
-5 16
-34 -45
-49 45
-46 -3
-24 9
2 39
42 -48
-27 -27
19 17
5 3
20 31
-6 45
23 7
35 3
-5 35
-34 -45
-24 -7
40 -19
13 25
11 -29
-2 -1
-10 35
-44 -14
24 44
39 16
-4 -34
22 -20
-13 -15
41 26
13 -17
21 0
-31 -35
27 17
-25 -11
30 2
14 -22
-5 -30
-26 -26
8 -46
25 -15
-7 -33
27 -43
-15 6
-24 33
30 38
-25 0
37 -6
43 28
-49 -30
-21 47
-43 5
36 -12
42 10
-37 -14
36 -6
40 27
0 -13
-26 19
-45 4
22 45
45 0
-27 4
24 46
-35 -8
-35 35
-15 -5
34 44
20 -44
31 -41
-38 -17
8 24
2 20
22 38
38 -49
46 45
-42 38
34 34
-12 -49
46 -37
-13 35
-28 -47
1 -10
-14 -6
5 -35
-43 30
-33 -15
43 17
-36 -49
-22 30
-15 16
-15 32
-34 0
-4 35
-18 -8
12 -49
-43 -36
48 -19
4 -7
3 2
-24 -10
39 -32
-25 -14
48 -16
-19 -8
1 49
-26 -1
-33 -27
-1 18
-39 -31
-24 5
-14 -19
-36 16
-43 0
38 -30
-10 34
34 0
-25 21
28 31
-29 -2
15 -15
16 21
43 -48
-40 -22
12 46
3 17
49 37
0 -34
2 9
-18 29
-44 17
4 28
5 -27
-2 48
-19 38
-8 35
-29 33
38 -4
0 4
13 -17
28 -26
-31 46
-25 -19
11 -37
-28 -6
-1 -25
-27 21
49 -16
-43 37
-21 44
-18 21
34 44
42 35
0 -48
45 -31
6 3
22 37
34 -8
-37 -38
-32 5
-12 44
-39 -4
-40 30
-30 -28
47 48
47 -12
0 -44
-2 35
5 24
1 30
15 -17
8 2
35 -44
-7 -28
45 -23
8 -37
29 -20
11 6
40 -35
-17 -27
8 -22
34 23
-42 -36
19 0
11 -43
-10 -2
-42 -22
-24 -7
10 -16
-45 32
-22 25
-8 11
10 -11
24 -6
34 39
37 36
38 31
40 -35
-2 21
-39 -45
30 -1
-43 21
27 -32
-34 -40
-42 -8
-15 8
-36 -5
34 46
-33 2
-32 -39
11 21
-13 -27
29 -2
34 14
-25 -3
16 5
-2 -34
-34 -14
7 -31
-21 9
35 -22
-39 12
11 48
-6 11
-20 -22
-10 2
-19 9
-4 -46
13 15
-27 24
-31 5
-47 45
-2 -37
5 19
-45 34
28 46
-27 -6
-48 -48
9 -46
-40 -49
15 12
36 0
-9 32
-28 -38
42 -35
39 -34
27 2
-35 -32
-26 -36
-33 -42
-26 28
28 -33
-5 5
29 -35
30 24
-21 -7
-2 -17
-10 37
-26 -17
16 40
-13 -6
25 36
31 -16
-35 9
-47 10
35 24
11 11
14 -13
-8 -25
0 -10
-39 0
5 -48
-1 4
29 -47
-2 -30
8 -9
-46 -47
14 -13
-17 25
-9 22
5 41
32 38
-20 -42
-17 -11
7 -37
-44 49
45 37
-27 -38
-42 23
22 6
-45 -6
4 -28
46 -27
10 -31
20 45
44 -38
25 39
-49 -49
0 -2
-43 -2
46 -33
-30 -28
-20 32
-10 28
25 28
36 -21
-33 -44
-32 47
33 -44
-23 14
-36 -15
49 3
37 6
42 -2
-19 -16
-18 -20
15 -28
-9 20
-3 -27
-33 13
29 -12
-17 -14
20 -19
28 40
48 -8
7 41
-25 18
39 -7
24 -32
15 -9
3 -20
39 -36
-18 36
-15 -29
7 6
-38 33
-25 10
-27 31
30 -23
-42 23
17 7
27 -24
47 -9
-33 4
-12 -9
-40 18
-44 -22
-8 -8
-36 -3
-13 -12
48 39
-44 -3
-46 39
10 -24
15 7
-28 28
3 31
5 4
27 -23
37 41
23 44
-1 -15
-29 41
43 -8
43 -1
-15 -48
-43 -40
47 -46
-6 -38
8 28
15 0
-35 -19
-11 -6
1 -43
47 -37
-23 47
33 -31
-33 -37
0 -30
41 -18
-1 -43
31 -12
-22 -17
-19 -21
26 43
23 -25
19 -25
-37 -33
-33 36
40 -2
-1 -40
6 -45
-46 -24
9 -17
12 -12
-16 -14
-27 32
-29 36
-7 23
-11 -24
-18 -1
22 14
29 -9
0 12
-27 -31
1 -34
12 39
-35 46
7 -25
9 34
13 -36
-32 -12
-45 44
-1 42
-33 -3
-31 8
0 -26
-32 40
42 35
25 4
29 25
41 14
-15 -10
34 -45
-6 25
38 9
-8 -47
-47 5
-4 -1
43 -30
32 37
-19 -44
-15 -39
33 27
-44 20
32 16
26 -28
39 0
10 1
8 -26
-16 13
35 49
-9 -42
-46 -13
44 43
-22 34
-9 46
-28 -11
-36 33
46 -43
9 14
12 -24
13 11
-32 -27
-49 -17
-28 5
-38 46
3 36
7 22
-42 36
11 -46
44 -18
36 -33
18 -18
-14 17
44 -38
38 -7
34 -48
30 41
-17 11
23 -16
15 26
-28 -17
39 -2
13 -49
-32 -35
-46 36
21 -36
12 -23
8 35
39 -30
-29 -2
-40 20
49 -38
-44 13
49 -26
17 -33
-30 -20
4 -16
-15 39
-3 42
-34 -43
-13 -35
-2 -40
-9 16
32 38
-6 -5
-16 38
-22 -48
19 12
-21 33
-14 -28
35 -13
-33 -7
3 -16
-1 7
40 -33
6 -22
25 30
-15 15
-31 33
8 45
-29 -14
-4 -3
26 -38
-25 -41
1 -24
30 -24
-43 0
24 19
-9 -2
-35 -31
14 42
37 -4
42 27
48 7
4 -48
32 -21
35 -17
40 -32
18 -1
-13 -11
-34 32
38 38
26 0
-42 12
28 38
13 17
-1 -34
36 24
-41 -37
-34 30
-37 -25
46 -37
15 -37
-39 6
37 -36
-20 40
-2 -20
4 -47
-23 -19
13 7
-3 -23
-25 13
29 43
-21 5
49 -19
6 15
-1 5
44 -20
45 -46
15 15
40 11
-44 33
-14 -27
3 20
-40 14
34 49
0 5
-47 35
-27 -38
30 3
-10 25
43 -35
-43 -9
-12 45
34 -30
30 -28
0 -17
49 30
-21 -37
-37 -37
17 -32
39 29
0 -47
29 -31
16 -21
-33 28
10 20
-17 22
-1 0
-43 17
-41 -22
-48 -31
-47 -43
11 27
13 47
-44 42
-27 33
40 -45
-30 -5
-9 8
-3 36
11 -12
-9 -24
22 -41
-41 15
24 26
-18 -17
38 -10
-7 25
5 -38
-39 31
25 15
39 -7
-28 39
-27 17
-26 -2
41 7
4 -43
-36 18
34 -13
19 -39
-45 27
-4 41
-21 1
-23 4
45 46
1 30
25 12
-30 -2
-47 27
-26 -15
48 -15
43 -44
-6 -18
-43 -48
-27 0
16 44
21 -15
-5 0
23 -23
-43 -42
42 40
29 -19
-7 34
13 -19
-20 28
-33 40
15 3
-42 31
-47 0
-41 34
3 43
-37 33
-34 -27
-38 -43
-44 38
44 49
-7 25
-30 -10
38 -13
11 -8
24 -10
28 35
34 -16
17 -14
21 -8
-3 -9
-33 -6
5 -49
-44 8
-9 -46
-27 34
-12 26
-28 22
33 2
-24 24
11 -42
-17 -13
6 -21
-27 -14
-8 10
-26 -47
-41 36
-44 -19
1 -4
-2 6
29 -16
6 25
-14 19
-25 24
-8 0
-45 35
6 -35
24 43
17 7
-14 -42
43 6
8 -7
23 41
25 22
22 -2
-48 -40
48 31
-40 15
20 -27
-39 -35
-26 11
42 36
0 -26
-13 -28
-16 -3
11 16
37 -24
-29 -40
26 10
24 -5
-22 -21
-18 41
33 39
-32 -9
18 -3
40 -4
-8 -35
11 7
-1 46
-21 40
-16 -24
6 -40
-44 31
-15 -10
45 -15
-45 15
-27 -41
28 40
5 -9
-9 -9
29 46
-25 2
-6 -49
-39 34
25 15
22 -29
39 -16
-12 -4
46 48
29 -20
14 -19
48 -37
-14 -25
8 11
-38 22
22 9
41 28
6 44
31 23
-38 -3
-38 -39
10 48
17 43
12 6
-6 19
28 -12
-42 41
-14 13
-35 29
36 -39
46 -31
36 10
9 24
15 8
-31 13
30 -40
10 23
-8 -27
-36 -36
-15 26
16 -45
-39 -46
-44 23
15 6
-34 -37
-26 42
42 17
43 -24
21 47
-3 1
0 -23
17 8
-12 39
-17 15
-47 -38
-30 -48
-12 -8
12 -47
30 -2
21 34
-3 47
0 0
-7 4
-16 -26
-26 23
-35 -39
2 -42
32 -3
39 2
1 24
-21 15
-41 -27
-16 40
35 -33
-42 -16
0 -44
-1 14
16 12
38 19
36 -39
-13 -13
-16 -14
8 -7
-12 24
-20 43
33 33
-47 40
32 38
-48 46
44 -17
2 9
-30 38
48 0
-40 -21
-5 -47
-34 -6
38 17
22 7
9 19
-33 39
-45 45
9 7
35 -12
-25 30
11 -13
30 18
-13 -10
3 18
-11 17
-40 20
36 47
-24 -16
18 -10
30 -33
-24 29
20 -33
37 -26
23 8
0 -30
-11 -22
-26 -22
5 -30
-30 30
-12 -5
-24 -47
5 16
22 -2
7 -38
18 -46
46 33
10 31
-11 -43
40 41
-36 -7
1 11
-47 -11
-14 25
-32 -16
-34 -33
0 40
-39 -13
-49 -48
36 -43
47 -24
36 33
27 35
22 47
42 -34
-44 -11
-26 21
-8 28
-4 7
6 -14
-6 -37
-24 16
23 44
-7 47
26 3
-44 -27
-31 13
15 -34
-1 25
24 35
-43 -43
20 -3
40 12
48 21
0 -1
0 -42
-46 -17
-42 -41
-27 -23
46 -21
2 42
43 -43
-7 45
-3 41
38 -34
-39 27
1 25
7 18
2 -1
28 7
25 -42
-42 -1
-41 42
3 47
-45 -27
-27 35
46 -36
-27 -31
-19 -3
9 -6
-21 37
-46 2
-32 -45
41 45
-11 26
49 -33
-38 39
46 -34
20 42
-37 37
-48 -46
-21 12
34 44
-39 29
43 42
-24 -4
36 -17
-16 -18
5 -11
38 -15
-27 -27
0 18
2 20
-20 -17
49 -22
-32 43
28 -36
30 -16
-34 21
44 -41
-14 31
47 -6
-31 -42
-19 43
0 36
-28 -27
-32 -14
-33 25
-47 -18
12 29
-32 -33
4 21
-37 35
-20 -19
13 -3
-26 39
-35 27
-35 -43
48 26
-42 -26
-37 0
-41 9
27 -48
-13 14
45 12
-35 -40
-47 -4
-1 -24
3 -22
17 -10
0 -34
23 6
-17 -17
37 -41
-27 -29
-46 28
-46 26
-17 20
-10 -6
36 28
3 -48
-33 42
2 -3
23 -9
-41 -9
-48 -31
-7 -19
46 -43
-2 34
-40 -21
-9 20
13 33
24 -20
28 37
32 -17
35 2
7 38
29 26
30 44
41 -13
-6 7
10 1
25 17
34 -13
-36 21
36 32
-43 26
-18 0
-9 49
49 11
-39 -17
-28 -35
0 1
45 31
-20 -18
-34 2
-30 -43
-31 -34
-47 -4
13 -38
-3 37
-49 23
13 34
32 -28
23 -23
-44 47
17 17
-36 -39
14 -37
7 -35
-35 -34
42 2
0 -49
2 30
15 -5
-36 -3
-42 -8
40 23
-7 6
19 -9
-24 2
32 -39
17 -31
40 3
21 -27
-46 -37
40 41
-27 7
34 4
-34 -16
43 19
-37 -28
-27 15
13 -23
43 -49
44 -4
17 46
-21 -31
13 -18
44 -47
10 -31
42 -42
-6 48
38 -48
-37 -28
-5 -29
-19 -24
-47 -26
-32 -25
-21 24
-6 -14
-34 36
16 12
-27 -8
-25 22
-35 9
-14 -40
47 -32
-41 33
-25 -35
48 7
31 -26
25 -24
33 -47
32 19
3 -36
19 28
12 23
24 9
-36 -3
0 34
-5 45
-3 31
-21 10
-40 7
49 -22
-10 -33
-15 7
12 -30
-15 13
13 -44
0 22
-41 1
45 -5
5 9
-16 -48
-43 35
7 -45
-15 -20
27 -49
-24 16
-19 -42
-1 5
-1 39
5 -1
3 30
20 37
37 -34
33 -26
23 6
-28 18
-8 11
37 37
-30 23
-33 -25
44 -40
39 40
-30 -41
9 32
-39 39
23 -23
-20 -18
-28 -8
-31 20
10 17
8 -42
-40 -14
37 28
46 -16
-35 36
29 34
28 11
44 17
-33 8
9 -32
29 -47
-15 -3
-17 13
-43 -40
-5 33
-23 0
-15 33
25 24
-49 -11
13 21
-47 2
-42 42
-46 -6
-5 -5
-43 15
0 30
-13 -6
-14 -41
-16 30
18 -27
46 47
41 -10
13 -29
-39 -32
-41 -32
23 -6
-47 -2
-13 -23
12 -45
-32 0
-30 -2
-22 -38
15 -29
-7 24
-2 4
-21 42
-1 5
-26 -3
5 -43
41 41
24 18
-16 -48
45 48
-20 -33
-11 -35
6 37
21 37
40 -47
0 34
-27 0
-45 15
-33 -10
-5 -21
46 32
22 45
-2 -25
14 -17
2 6
5 30
24 -22
-44 9
39 21
-24 -27
19 18
-40 49
32 40
-10 14
-13 -20
13 22
26 -4
-2 2
2 15
-13 20
7 -10
-42 -7
-36 23
-6 5
18 15
23 -9
41 -16
-4 -10
0 -22
-37 10
6 1
-47 49
-30 -15
-9 -24
2 -8
5 -24
-25 48
-41 6
46 -8
42 43
-11 11
9 -29
5 -2
-27 -36
17 -21
0 -16
-25 -39
34 41
-44 33
-41 -13
-44 -15
-13 -43
-6 -36
0 44
1 8
-34 48
-23 25
-44 34
-6 -27
19 -41
-32 23
-29 23
-47 -1
40 -30
40 -27
-43 -46
0 30
-44 -49
-49 -9
41 -20
40 19
-46 -21
13 25
31 30
3 -47
-40 15
16 11
-34 -8
-18 41
-26 -45
37 18
-35 32
-45 48
43 -47
38 30
-29 10
-16 -1
42 35
-29 -23
36 39
3 -4
-38 27
-5 -8
29 11
-26 -31
39 40
20 -20
32 -12
36 -5
1 30
-2 18
-26 10
10 -20
-40 8
29 17
19 7
20 -3
15 -41
-10 15
0 -22
23 8
-43 2
-49 -1
-39 -14
5 34
36 6
-32 44
-49 7
39 16
-2 37
-27 -42
4 2
38 19
40 -7
-30 22
-27 -2
44 -37
-11 -29
36 8
-4 13
32 48
-14 -28
-16 -3
44 -21
23 -33
8 9
2 1
-34 -6
40 -31
8 5
32 39
-2 -48
38 45
7 -10
9 23
-44 26
-1 -41
-4 12
-24 22
-6 -19
-17 -2
26 -31
-18 0
4 -38
-38 -28
0 -35
-19 12
-1 -15
-21 -38
-27 -9
28 48
-21 12
12 -19
46 -20
15 32
15 -3
48 21
15 -38
-3 21
-33 27
-30 -1
