-25 11
16 32
-34 -8
36 16
35 -4
-34 45
-3 39
-11 -3
38 47
-8 -18
10 17
0 -23
-22 42
6 -27
47 49
-31 37
-26 37
19 17
16 38
-9 0
-37 -34
1 45
15 -17
-18 4
-43 8
35 -14
-48 -36
-24 42
-21 -6
46 36
-35 5
-41 9
-49 15
-35 42
-33 -29
43 48
3 -38
-23 17
47 45
17 -25
5 11
46 -9
-1 24
-3 22
-33 38
26 47
-35 5
-29 -26
38 5
-14 -6
29 46
34 10
20 -23
25 -28
-13 -47
32 42
-39 -45
-34 6
49 -13
-37 -13
-21 23
1 -43
14 32
3 -7
-11 -36
-5 -10
-31 49
-7 -35
-32 -42
22 30
10 -19
42 -9
3 15
12 33
31 36
-28 5
43 -18
34 -26
-41 43
12 44
-12 -1
21 -27
-17 27
-6 -48
26 44
49 0
-2 -7
27 -41
10 -23
-10 11
38 -18
45 -46
-6 27
23 2
-9 -34
-43 -7
-1 -46
-27 27
6 -20
34 31
-11 38
-13 -24
-40 -11
41 -15
47 -26
3 3
7 -15
-43 23
0 -8
-39 5
-43 21
-32 -11
23 22
14 23
48 47
34 -31
44 -12
30 -46
5 -6
43 -32
2 -35
12 2
5 24
0 -23
29 -27
6 -16
-23 -36
42 2
-2 -21
-9 -18
42 45
-40 36
9 9
34 -6
31 -40
-48 -40
34 28
0 -45
-48 -11
-19 9
30 15
-1 -6
-1 -48
-29 -28
1 37
48 -34
27 11
-22 -43
-33 26
-23 -16
26 1
32 -21
-45 -8
-29 23
-41 -16
21 -45
40 15
-20 -19
-34 43
-29 -20
0 44
8 4
-42 -20
32 -49
42 39
-48 43
17 48
2 48
27 -34
-22 -35
3 -27
11 -3
22 46
-49 43
25 13
-34 -42
16 -22
42 32
29 -16
45 28
-1 8
-12 44
26 32
-35 -36
0 31
-31 28
18 39
-39 21
21 13
-49 16
45 0
-23 10
9 -12
-9 -46
41 -20
41 -5
-39 -20
-13 -36
-43 -11
-37 -20
-46 27
-42 0
11 -23
-4 -13
49 35
-36 -14
-28 -31
41 -29
0 -40
-7 40
-28 0
-1 -19
-44 18
-5 -47
10 -8
-33 25
-19 -24
26 42
6 -2
-31 11
-4 42
44 20
-4 15
-37 -24
3 -9
-48 47
-15 23
29 5
-9 -21
-10 42
21 7
-23 45
-10 29
44 -13
17 -24
0 9
-41 9
-25 38
-43 -23
-25 -33
3 6
14 -44
-35 -17
-23 -42
46 -5
2 -40
17 -17
-40 -39
30 44
17 29
37 5
37 22
6 9
41 -6
-30 -19
39 18
33 -7
-9 37
-33 -16
42 2
0 -4
-44 -18
10 42
5 -38
-48 -22
-37 -30
-43 -6
-49 -2
-39 -11
45 -21
-28 11
-31 -8
-3 -43
-19 -45
2 -40
39 17
-28 47
30 8
5 30
6 22
-26 7
6 -41
7 -30
39 -17
6 -27
25 -25
-4 7
-35 7
5 11
38 -31
45 45
-34 -49
-7 19
-38 -37
40 -42
-30 38
-8 -16
3 -16
35 21
-24 43
24 -3
12 0
-26 -23
-4 -48
49 -14
-37 -7
-40 -23
8 0
7 -27
-49 8
47 -8
45 -7
7 -4
-7 -29
-11 -33
-34 15
-47 -45
14 6
-41 45
-14 1
-19 -43
-4 49
-44 19
-32 26
-6 -20
10 9
37 -41
-11 44
-19 -24
-37 14
36 30
42 -30
-33 -18
16 -15
-25 22
37 -23
31 14
-28 -28
-25 14
7 -13
3 -34
29 -5
17 -26
36 44
3 17
-47 38
15 -35
-27 10
-8 -43
10 1
-5 -3
-21 18
-43 42
-30 14
-9 -40
35 -12
42 -31
-31 -40
22 5
21 -26
6 23
-21 -32
-2 -14
2 -6
36 30
-49 -35
34 -42
25 -11
-4 31
0 1
43 4
0 -26
-36 39
-29 -6
-16 47
-2 6
-13 -21
-24 39
-20 34
16 -21
-48 -21
33 5
-17 33
-11 0
-35 9
20 -8
-4 -20
21 33
-12 -49
9 24
8 34
5 5
-41 44
-23 32
7 -32
29 -7
14 -17
0 -8
46 -31
-18 -35
-28 5
-37 -30
10 43
36 32
47 41
-48 -5
0 -34
48 29
33 -10
7 18
16 -32
-2 29
37 29
-34 -36
31 10
-26 -25
-42 33
0 -33
-39 -36
-19 -26
-32 -17
-48 -42
-13 -32
1 -22
22 25
10 47
-1 -17
-40 -30
1 46
-21 -1
34 33
-43 2
-41 1
32 2
-41 10
-13 -23
-47 -33
-32 7
-7 -26
48 -47
-38 -10
-7 -49
-1 -10
0 27
15 46
-8 -9
-25 -16
41 27
0 46
-8 -49
10 -12
11 -8
12 25
2 20
18 31
30 48
-32 35
0 -30
30 -19
34 19
2 15
-26 -31
38 40
-24 -11
11 -3
-15 35
0 -19
-13 26
9 -29
-28 34
-43 33
38 -31
16 -41
11 11
24 -21
30 -37
6 9
35 28
-42 23
-9 -38
-36 49
49 44
-7 32
-3 12
26 -37
-4 46
26 -25
14 -38
41 41
-31 32
-10 -28
38 -6
26 -14
-13 -1
6 -1
-27 -39
35 -7
41 -25
-33 44
-23 -20
-30 -6
13 34
39 31
-15 -10
-34 30
20 38
11 -20
-37 15
-23 -43
9 19
29 32
-45 -33
7 28
42 1
-29 0
42 -31
-16 14
31 8
-15 -24
18 13
-45 26
-5 19
-28 39
42 -33
-29 -33
-30 -35
-12 -43
38 -23
-26 39
3 -32
1 17
41 -32
0 -32
-17 -15
39 -3
12 12
-9 13
-1 1
-15 19
-25 20
27 -1
43 -32
34 -38
38 -16
-19 -28
-5 0
13 26
24 -36
13 -44
22 -17
8 -32
-7 18
-21 2
40 26
-23 -42
43 2
12 0
-28 -10
17 18
-45 -22
-2 42
-1 -39
47 -37
-46 30
-29 35
46 -48
-11 18
-47 -15
-26 2
-19 -38
-31 22
-9 35
-11 39
36 3
1 20
-38 -29
4 -18
19 3
-12 1
22 37
-2 28
29 16
48 49
7 -26
31 25
0 26
0 5
2 16
4 -21
-26 6
16 -43
35 -46
3 -17
18 -26
40 0
10 -21
43 -33
-6 -46
49 -41
-20 -30
-10 -3
3 45
-26 28
22 3
3 -15
-8 -44
36 0
-3 -32
-33 -5
-28 25
44 -17
-38 34
-45 -41
0 -9
-23 1
2 23
-32 14
38 34
21 -14
-9 45
-43 -47
32 26
-26 32
-25 10
-4 29
-40 -39
-2 28
-21 -44
-31 -25
-29 27
2 -29
-46 12
-3 12
43 2
-4 4
7 21
24 -38
-46 7
8 -15
10 -38
12 -4
-23 0
15 9
-42 -31
35 -28
18 -11
-22 2
17 30
-27 -35
27 -21
-6 35
24 12
36 -46
23 2
38 7
-24 35
-20 -40
-34 -25
10 32
30 9
-32 27
26 -5
37 11
-40 5
30 2
-41 -25
-3 -36
-45 1
4 36
-41 -27
47 -34
9 -43
33 30
-20 43
-1 20
-48 -13
9 10
34 -39
43 43
40 34
-48 -35
-5 -40
39 46
11 -11
-47 9
-25 -4
14 -41
0 -36
-45 -29
-34 36
32 8
-11 -44
33 -31
-45 23
44 -39
47 -45
-11 -31
26 -35
2 -21
-23 41
-19 24
-34 -48
28 -38
-26 33
-43 27
-21 21
-47 -29
-44 35
-39 47
13 -12
-39 44
47 23
19 8
-43 16
33 -21
-16 -36
46 -44
12 38
47 -2
9 38
2 -3
15 -1
-27 -27
-37 38
10 29
25 0
2 33
-24 42
25 -22
-9 -6
-10 0
37 -10
-26 9
4 3
-34 31
-2 17
41 6
-26 15
-17 42
-9 29
-28 1
-26 -49
0 -28
37 -7
-7 16
-35 0
2 -25
47 8
-12 -47
1 7
17 -14
-3 -15
-21 25
40 11
-16 -21
-6 6
-4 45
35 -8
-26 -2
47 -1
41 -19
-5 -23
-23 -31
-5 6
-27 -39
9 9
1 -10
36 47
-37 0
0 -14
37 -34
25 12
20 -46
21 -8
12 48
-18 19
-21 45
43 27
6 -23
17 42
-42 3
-14 -19
28 44
35 -31
1 10
-27 -12
-45 33
-8 -32
19 -27
43 8
-8 -10
-41 -38
-26 23
26 -21
17 32
29 35
26 43
-32 37
-2 22
43 35
5 -36
-27 38
-5 29
23 26
-32 -35
4 -15
10 -23
-45 20
-34 11
28 -44
37 44
-42 -3
46 -32
26 6
-2 -20
17 -32
47 -7
-5 -30
0 16
-20 -37
43 3
14 -23
-48 29
28 43
-14 -35
-41 -11
-12 -36
0 -34
36 39
49 9
27 4
9 37
-43 -1
25 -7
-46 2
-24 -24
46 -13
38 -3
-30 47
-16 21
16 -4
14 44
3 -32
24 -16
40 -21
44 -26
49 -12
-6 30
34 7
-22 -7
-46 -11
30 25
47 -19
-43 -4
1 35
47 0
-37 -7
-11 -19
-22 -26
-26 -5
45 -39
-37 -32
-36 12
5 15
-7 -40
-47 43
25 44
47 -8
-43 -18
-41 -44
9 -38
-16 23
-42 -31
-13 22
25 -20
8 -40
10 -46
-38 -33
4 -20
14 -49
19 10
23 -46
-48 10
10 -46
22 13
-37 13
35 40
17 -7
-6 36
-21 -22
-16 25
-29 3
29 -35
-21 35
-29 43
20 6
-29 -23
48 29
25 22
15 1
-48 37
-47 14
-6 39
0 -36
-30 2
-30 -47
22 -20
-30 -11
9 18
40 41
-31 -9
-29 23
-15 -14
4 -25
32 -37
17 -31
-41 -4
-48 -17
-20 9
-12 -45
-29 -10
-2 21
-3 -45
2 10
-13 -31
-14 -9
-6 26
5 -16
20 -33
49 -1
-39 30
9 -9
31 -19
6 19
10 41
48 -11
-24 -14
-38 -3
5 41
-16 14
-44 15
24 -12
25 0
32 17
29 -39
5 -31
22 -47
23 -14
36 18
11 31
-15 -48
0 -41
-24 16
-38 37
-6 -20
16 46
29 -30
18 24
-46 42
13 26
35 -48
-26 -28
21 -1
-45 -31
33 -6
43 -25
-29 -17
-41 13
35 40
-20 -17
-34 36
-21 20
27 23
-18 -9
26 43
-6 39
-38 29
-36 6
24 37
14 -22
22 -14
34 29
18 39
28 -22
-32 -25
-27 0
29 24
34 15
-23 -42
9 9
30 37
39 -15
-39 -26
-39 7
-25 12
7 37
19 34
-38 4
-3 45
7 -11
35 37
-2 -30
-32 39
-22 -3
-47 -30
37 1
-16 30
10 -3
-11 -38
6 -19
15 38
31 41
-49 32
-37 -48
-45 22
18 -41
-19 27
-38 -8
26 24
-8 -39
37 27
19 -32
-37 38
-42 41
-13 7
13 -25
-48 30
2 -43
-27 42
-20 23
10 -1
-31 -31
-22 12
-10 13
38 -45
40 6
0 49
27 2
-46 -39
38 -32
4 19
-1 -27
28 -46
10 -38
19 37
25 41
-36 41
29 -20
9 -41
27 -17
-36 -48
-20 30
10 2
-14 30
27 -30
-31 -16
35 -17
41 8
38 -3
-11 2
-20 -35
-24 0
27 11
47 -25
-28 -22
-35 32
-40 23
0 -49
-30 39
25 -31
37 35
-18 -38
-14 -26
-24 15
-48 -25
23 -21
-16 40
-17 -15
1 47
-26 21
0 -6
-20 -17
-28 23
-14 47
-29 42
-40 11
43 -33
34 -36
-41 -7
-5 -15
-30 -45
-28 45
31 -36
24 23
46 -29
22 -38
23 45
14 -26
-45 44
6 36
-17 12
-7 40
-36 -20
23 -8
-23 21
-10 -35
11 4
18 -46
38 -41
-37 -36
5 16
-44 28
43 6
-24 15
16 23
32 -32
-41 -35
46 -35
-49 -5
25 -33
19 13
9 -23
14 -31
-47 3
5 38
42 -33
37 -7
-12 -16
30 35
-48 -25
-15 -12
-30 38
-28 -42
15 -19
-15 -47
-26 31
-14 -1
46 -41
-31 -30
-37 32
16 0
5 33
-20 -38
18 -19
-37 44
-35 -22
-1 11
23 49
-28 -46
47 -43
5 -38
-48 -24
-10 19
48 30
-28 33
-28 17
-40 36
28 -44
35 43
-7 -42
-33 -2
45 37
32 8
-6 -32
-27 -10
45 46
-40 -34
8 -10
-28 -5
-49 -11
7 39
-20 14
-26 -18
0 -17
-12 -46
-21 -49
5 35
26 12
35 43
-21 23
-42 -15
0 26
-25 35
11 38
38 0
40 22
-43 -4
46 10
22 -28
0 29
31 -47
-19 32
-23 20
-29 -15
0 -30
21 34
15 -31
40 -45
-44 -4
9 -30
33 -24
39 -41
23 39
-10 14
-14 40
28 -3
42 33
-31 -21
36 10
13 -33
-42 -11
-26 48
0 33
17 -42
18 -40
30 31
21 -31
19 28
-4 -36
13 -42
-15 35
37 15
-40 26
33 -47
-36 -46
41 30
-6 45
-21 16
14 14
6 43
29 4
2 35
6 -12
31 -41
19 -33
-43 30
30 -43
4 27
-1 29
-23 28
23 14
-11 -37
-3 37
-11 -13
16 -7
33 36
-12 -34
-1 25
-27 -10
-30 -9
12 27
-29 45
-10 22
23 -17
-9 -32
9 23
-16 18
-42 45
18 -49
4 24
-42 22
36 40
21 -47
3 -16
47 -13
-41 23
-10 6
20 11
-12 -38
16 -40
41 -28
-9 -36
31 25
-30 -38
-22 25
38 -37
39 -11
36 24
12 -5
14 -46
-5 -16
-39 -20
22 -28
11 47
22 32
-15 17
22 -12
-17 -23
34 26
37 23
-33 44
2 -33
0 -20
-49 30
47 11
-45 -1
27 39
14 1
16 47
41 16
20 -41
-35 -29
-20 7
34 2
12 -32
-34 29
7 45
22 33
16 -2
15 18
-9 7
24 -26
-48 48
-6 -36
21 -7
-25 -19
1 -1
30 -15
-29 25
-11 37
44 -6
-31 43
9 -44
-23 13
49 -19
41 17
-13 -13
-32 27
24 -47
-8 20
-41 -2
43 -12
-23 35
2 2
29 20
11 -6
-5 26
22 0
-31 -38
-41 -48
-7 -39
-3 20
-19 2
-34 34
-45 -25
35 -29
-23 13
-22 -24
-30 -5
-4 -6
-45 -39
-42 -9
-34 -42
39 37
-15 -9
-29 -35
-36 39
7 -9
-25 23
-39 41
8 -21
20 -47
37 0
49 10
-33 -17
-19 24
16 39
44 -28
-23 -30
-39 47
5 27
28 30
8 -3
-10 0
-6 31
0 46
-41 -42
-32 -42
17 1
-40 40
-16 -45
-20 -37
-1 28
-35 42
-35 -11
-15 -41
-5 -46
10 14
36 11
0 -8
-7 33
4 0
39 36
12 -20
38 47
26 -17
-35 5
-17 -2
-43 -38
15 32
13 -46
12 42
21 2
14 11
-16 23
20 -36
-22 15
-35 38
47 16
17 -25
25 -21
23 27
5 -13
-12 -11
9 39
-40 -10
8 13
24 41
-13 -40
48 18
-10 4
-41 -19
-42 2
-40 23
49 25
1 -40
-11 -1
22 -22
-4 44
-30 43
48 -37
5 -8
11 49
-28 25
-39 -35
43 29
12 -31
-20 14
17 -40
3 30
28 9
7 27
25 44
-24 0
-5 -9
-28 9
-22 -10
16 -15
-36 22
6 -28
-47 -45
-5 -42
-37 -3
-43 0
16 8
15 46
42 40
-18 -9
-43 -5
10 11
23 -12
19 6
-29 15
39 -47
15 48
24 -30
5 25
23 -21
-44 -11
-42 26
17 -30
13 -3
20 49
-11 48
-23 -13
-35 -7
-5 -29
-30 -30
-37 -19
-31 0
-21 -8
43 -49
14 23
-32 3
4 47
39 42
32 35
34 -2
-22 -10
47 -20
40 -26
27 9
46 -15
-33 24
-38 2
22 -25
1 -12
-3 44
-32 -48
-9 -24
23 -21
-12 0
-2 -35
-18 31
48 17
-11 -40
-36 -3
24 -15
27 -47
46 -13
-15 32
-46 -3
-22 -6
-41 -40
17 13
26 -13
-35 20
-36 11
-24 -4
-8 -46
-37 7
40 3
-42 -14
13 -30
-17 -33
44 -13
19 36
-18 33
-32 -42
-8 -13
-27 -25
41 27
-25 -3
-12 35
-21 -3
30 13
26 -19
42 36
-16 -12
13 -40
-17 2
38 16
15 2
49 -16
-46 16
20 29
17 46
19 -42
-18 -4
40 -7
17 34
13 12
45 -28
-18 -19
35 10
-44 26
-34 -39
22 6
-10 -28
7 -8
20 20
29 -39
-43 6
-18 -2
2 -26
-4 -3
-22 -34
-48 -25
-42 6
45 -21
42 8
-42 -26
8 35
-11 20
-30 -3
19 -10
-44 -22
-12 0
-22 31
18 -43
-23 -17
-26 18
18 -42
20 -44
3 18
17 30
3 -28
27 22
29 2
-48 -16
-47 20
-5 -38
-25 27
-6 24
-47 -39
-39 -28
27 27
17 -26
-2 31
-45 -37
16 -20
-17 -31
40 -38
-13 20
1 37
-12 28
-6 -13
47 28
-20 39
49 -8
-49 -14
-37 -19
41 39
3 30
20 35
-31 12
34 -39
-39 43
-18 -47
26 -29
5 -44
0 -29
17 -30
-19 -28
32 32
-37 0
-15 -38
16 18
-15 -15
-37 -48
15 34
0 6
46 17
-25 44
-34 15
-21 -4
-2 -21
18 5
-43 29
-13 -38
-39 26
-36 -33
-22 47
-3 40
30 -11
43 48
34 29
-15 30
48 -1
27 43
-26 10
19 17
8 24
2 36
13 -3
-12 31
-16 9
-41 33
-43 -34
13 -37
20 -9
-14 -25
-24 6
45 -14
44 -16
19 -40
-16 21
-2 -33
-36 27
-4 19
44 -23
-10 -37
-36 39
-1 -2
-27 -7
13 37
49 27
25 33
34 0
14 36
-45 39
-20 -44
-45 -3
-18 13
29 -27
-13 37
-22 -17
-34 0
-10 -34
-16 -34
41 -29
-15 45
-24 28
26 13
-21 -8
-18 -8
-41 6
30 -47
29 31
38 31
-13 -31
2 3
44 -6
-40 -11
-27 -27
-23 32
16 48
-3 21
-49 -47
35 -44
45 24
-40 3
-43 10
-32 -27
-34 -33
34 -25
24 34
25 -22
47 32
27 45
-21 -41
-38 -9
-24 38
-30 -7
-18 33
-44 29
-27 -45
-21 -3
-31 -6
-23 9
-5 10
-37 -9
-34 18
35 22
41 -23
-15 41
-19 26
8 -42
46 11
-44 -41
16 -33
-43 -42
38 13
14 17
40 -22
-33 18
0 -2
-9 -48
7 35
-24 -26
-48 -14
-5 19
34 11
-21 29
45 4
-40 -22
49 6
5 39
44 6
21 15
-11 46
27 33
22 -45
41 11
1 38
45 40
5 -36
-22 33
-16 24
41 -33
47 -37
-28 -2
-42 0
12 22
13 27
13 42
-35 -41
20 13
-4 7
-8 -7
40 4
15 27
-1 34
36 13
-14 29
25 -7
-19 -2
34 -9
-40 33
20 -16
11 8
-47 -22
46 -22
-13 6
-4 3
-2 -10
-12 -45
-27 -14
-18 -45
21 -45
-32 33
-8 26
42 -18
33 34
-1 21
1 38
-1 -12
-29 -15
-46 38
-17 42
26 -35
48 8
20 -8
-15 -15
-29 39
8 31
0 14
32 41
44 -46
6 1
-46 0
-7 -12
6 -1
13 -15
-16 24
40 -44
26 -39
41 19
1 -31
-6 13
-15 24
7 37
1 -30
-6 39
-18 -37
-15 -19
-29 -37
44 -35
34 -2
13 -39
-15 -13
-45 18
-5 9
-16 43
-23 -19
30 3
9 44
-3 -48
-31 -17
19 -39
23 29
-43 25
23 6
3 33
-23 0
-17 -16
39 -32
-8 20
-49 4
18 -41
-6 -22
-40 -24
-15 41
-25 23
26 24
32 11
34 33
-44 23
0 20
17 -6
-31 -44
32 -38
-16 -27
26 49
15 -35
-26 33
-45 7
43 18
13 -6
-47 -6
6 -24
26 20
18 24
-22 -8
4 -19
-36 20
-34 39
19 24
44 43
4 18
14 7
42 -10
-20 -14
35 -16
2 -23
-48 27
48 -27
-8 17
-17 -35
12 -3
1 -16
1 23
41 -28
15 18
8 -20
21 2
13 -46
-17 -21
11 -22
-1 10
22 42
42 -15
31 -19
-38 40
35 -11
16 4
-35 -1
-44 33
12 -38
3 35
9 -38
43 9
-30 49
42 -6
30 23
43 -25
-4 27
-2 4
25 -8
-12 -34
3 -7
-7 44
-32 45
15 17
-14 -20
-6 -32
46 22
31 -28
12 17
12 2
4 -25
-2 -34
10 -18
-21 23
-34 44
37 -39
-24 44
11 12
-8 -1
-29 7
35 46
-27 -19
20 20
13 -37
-44 34
0 7
-38 -38
0 -21
-46 28
41 12
-38 -25
15 -34
-30 27
46 -14
-40 15
-39 -28
4 -42
-25 18
2 -38
-39 40
21 28
33 23
-16 -16
10 46
-23 45
-32 45
18 -12
15 0
28 -1
36 -27
-7 -7
-44 -7
26 24
-30 28
22 22
3 18
1 5
-11 -5
27 26
-39 -17
-16 -31
24 -16
-5 -48
-12 -9
33 -23
-21 -18
-3 40
-40 -17
-24 42
-9 15
-12 20
-35 -48
32 3
34 17
-23 2
11 -43
37 28
46 -7
-20 24
42 27
-43 -41
37 17
-26 -10
45 20
40 -10
-25 18
16 -9
22 -40
7 -38
17 8
6 16
-43 -4
4 4
40 -17
-9 -2
-29 46
19 -46
-11 0
49 17
0 10
29 41
35 9
11 -1
-6 -32
4 25
-42 -17
-13 -41
25 3
12 6
23 -26
10 -27
-6 28
-6 49
-23 16
38 4
11 -28
-12 19
-45 24
44 -20
44 -25
40 -28
-27 -39
-2 17
38 15
38 -19
-24 -20
31 -46
33 35
15 -1
10 -17
27 9
-30 45
49 -45
5 15
-25 -9
28 42
-42 -45
37 6
-19 23
-35 -32
21 43
21 32
36 -26
13 -36
29 29
-29 47
-21 -23
-3 36
18 -12
-3 23
-13 0
45 20
22 -10
-46 -17
6 16
15 -4
-1 39
46 11
3 39
-19 22
-38 -10
-45 7
-28 -39
1 -28
-41 -17
40 -14
-43 -3
26 -19
-35 45
49 32
-23 32
-31 -36
-31 16
16 14
32 5
-44 41
4 3
33 -42
-42 -16
-40 -13
23 -21
-48 -42
45 24
46 -7
23 -25
14 -6
38 22
-2 7
-21 41
46 46
-5 -29
0 0
43 -36
47 -41
45 12
15 36
7 49
-35 -29
7 44
-40 8
37 -38
42 23
38 -6
49 12
37 24
-22 31
17 0
21 -19
-4 40
15 33
8 -38
13 36
16 7
-22 2
39 13
-44 -11
46 0
11 -33
-12 -25
31 9
49 -20
-15 -45
-20 -24
-5 -47
-19 25
-26 -11
22 21
-46 14
-29 14
25 -13
37 0
-47 36
23 -7
-16 29
-35 8
28 0
-19 5
10 24
44 -39
6 -24
12 -11
42 -39
21 14
-33 9
27 31
-26 31
-5 18
3 -26
27 -24
33 -5
29 -34
47 8
43 -6
21 -32
11 6
33 27
18 -30
13 -14
-17 -28
24 -29
32 -13
37 -20
9 -13
29 25
-10 -30
-2 -49
-21 -13
-21 49
10 -44
-6 35
-8 -30
35 -35
-16 -9
-37 -5
34 34
-36 4
-6 -31
26 -19
33 10
-12 45
16 -43
49 -46
9 -49
-4 31
48 -14
15 -49
13 -40
-17 -5
17 -7
-11 37
-5 -10
43 29
-19 45
19 -5
29 -3
49 -47
19 -21
6 5
20 -39
-35 -19
-13 38
24 -33
-49 13
2 -9
-49 1
-22 24
24 15
25 -35
-49 9
-49 17
-33 -14
14 2
-25 -35
48 -31
33 -33
-10 -14
-2 38
-38 -39
-29 -10
-47 14
46 10
-5 0
15 -34
-25 38
-4 49
37 36
33 10
47 -22
0 -19
-26 -5
37 1
-19 -21
12 7
-44 48
18 -6
18 -25
-46 0
-7 39
-1 -31
-8 33
20 38
23 3
-19 -14
35 6
-37 2
-24 -16
-37 48
43 26
-40 28
30 19
15 23
36 4
-31 -30
-47 -37
-24 -38
-32 35
40 -41
46 39
-15 11
-22 7
11 20
40 -32
-25 34
-3 -39
21 17
36 7
-10 43
44 -28
30 7
49 -9
-18 38
-40 31
6 43
33 -39
35 14
-8 -48
29 -35
-21 20
-2 42
15 22
28 41
11 -24
25 -20
-49 2
37 -29
39 8
-31 33
0 12
-45 45
25 30
-42 1
-47 -38
20 -48
-29 -12
-37 -43
-3 40
-32 41
-43 30
45 42
34 43
-3 3
-26 -36
12 20
22 15
-20 34
15 37
45 49
-47 24
7 -38
45 49
-25 23
49 23
18 -8
-48 -33
8 -22
-27 35
-15 -24
35 -13
48 43
19 -18
39 12
24 -4
32 13
-15 38
-29 41
-14 0
12 47
16 -8
18 -15
-18 27
43 33
-20 23
45 40
7 37
29 -29
18 45
-27 -38
-7 -26
-21 -39
-43 -22
-1 27
45 -45
-48 7
10 21
48 31
-3 -6
-3 -38
-11 -17
8 29
-39 -25
11 -25
-14 42
-46 8
1 45
-13 32
23 -16
-28 -3
10 -9
5 -8
-12 18
45 1
-3 0
11 36
43 -22
32 -40
-39 -46
-38 29
-40 49
-34 24
18 -32
42 26
-48 -13
-32 40
-31 -3
3 -28
31 20
37 -27
33 -22
32 8
27 41
-29 -26
16 44
-6 49
3 45
0 40
-34 -18
-19 7
1 47
-9 -29
13 -38
-18 -11
-22 15
11 14
47 9
32 -32
5 -23
-31 4
39 -18
23 31
-17 -6
-16 -6
16 39
-24 45
38 23
30 37
-30 -19
8 -30
48 0
-6 -2
26 30
-34 49
4 -7
-19 -39
30 29
-42 43
-28 -41
21 -5
14 -39
-45 -30
-29 -39
42 -14
44 -11
29 -29
28 38
-34 22
-18 34
43 -49
2 -44
11 40
-2 -16
0 22
-16 39
-18 23
19 0
39 -43
7 15
49 26
4 20
41 41
46 -20
2 -22
-37 19
39 -18
-39 -29
-11 -29
-8 -12
-14 3
21 33
-14 48
-22 -39
12 42
45 -6
-19 42
-24 -9
-16 17
0 -33
31 22
-15 46
17 34
-34 -15
-46 -31
-29 -20
41 -24
-39 18
37 -30
13 12
7 -46
-19 17
18 7
-27 5
-35 35
-4 -9
22 -9
-11 32
-18 -15
5 20
-21 29
-9 -32
-31 -40
-47 -29
-23 -12
-44 48
20 -33
41 22
-12 42
45 -5
5 -25
11 -32
-2 23
24 -33
-40 9
-34 29
14 39
16 16
-48 7
-45 -7
44 0
-25 -39
-43 -2
-47 -29
-43 -14
-39 -32
14 22
-6 33
-28 29
-43 44
-2 38
-45 -28
-44 17
-34 -23
-3 40
-18 -16
-9 20
-39 42
-10 6
17 -3
-32 -1
-3 0
-18 -33
-25 -31
9 -38
-5 37
-4 23
-49 21
32 -27
-37 27
-18 -7
-10 19
-3 18
11 15
-42 36
31 -26
-3 -14
-23 40
-1 9
8 47
19 25
-43 -19
-42 36
-26 0
35 -4
38 45
-49 -5
-24 -33
21 -5
-40 -20
-27 -29
15 5
31 -49
14 45
10 11
43 14
-40 13
46 -13
-34 -5
-14 22
-47 -31
37 3
14 -21
11 20
-17 -29
7 -3
-34 19
-20 45
-20 -32
-3 35
-18 -43
13 -21
-21 -40
-34 -14
-11 2
14 -8
41 8
-41 -8
-7 1
-3 -38
-48 12
9 -18
49 27
3 39
-3 -15
-24 -22
-5 39
-48 39
-23 18
39 -9
7 29
-2 -11
19 25
18 -42
-37 3
34 45
-20 -31
-42 41
10 10
-47 -7
42 46
2 -3
-24 -9
34 38
-7 -21
-18 -13
-31 3
-39 13
-12 11
40 -14
-44 -13
40 16
45 46
5 18
23 17
10 -39
-34 45
-22 7
31 7
49 29
18 -12
-26 43
-42 36
11 35
-32 -44
-31 -13
-45 11
-27 39
35 0
12 -28
-10 8
41 -29
7 1
23 -26
33 26
-13 -20
30 12
-29 -40
9 -29
-34 -24
-25 -20
5 20
36 38
-19 -37
37 -44
14 -23
6 -26
-25 -36
29 -45
-10 -11
3 11
-48 -10
-39 21
36 20
31 46
-6 7
9 1
-22 42
25 -33
-10 4
-31 48
17 -45
-45 -41
14 -42
-24 -2
-24 -14
39 -25
14 49
-26 -11
0 -5
-42 9
-6 -5
-23 24
22 -26
-17 25
3 -32
24 0
18 22
14 32
-23 46
48 22
-14 -28
-34 9
-30 6
-11 26
38 43
22 22
-9 38
29 49
3 -5
9 -30
33 -29
-46 4
-47 -27
5 -32
-47 12
17 -2
2 -16
-2 -35
34 -32
8 46
-14 -36
-27 19
-41 -35
35 12
49 -29
-13 10
-47 11
-44 -43
-41 -29
-46 -46
-13 -28
48 -32
-10 -24
42 29
-39 19
-11 32
-40 49
-14 -23
-29 23
-25 46
15 -5
29 -27
-21 -43
9 -13
-24 -13
-20 25
-3 42
-39 -21
17 21
21 -45
-23 -17
17 -44
27 -16
29 7
-30 20
49 -24
-26 -42
-24 -33
-29 46
21 35
-32 46
14 31
0 34
6 29
14 -46
14 -10
-40 -20
35 1
-17 -49
34 -11
-34 -23
40 16
28 45
-11 -3
-32 38
-1 -49
-39 5
41 13
-16 -29
-18 47
43 17
31 -49
21 41
-32 29
-45 -19
2 3
-35 2
-36 30
-48 -40
-1 -10
35 -36
48 -3
18 -46
-40 16
-18 27
49 -12
2 -43
9 11
29 22
-12 -47
40 6
27 19
9 4
-31 -25
48 -36
-42 45
-48 15
6 9
37 43
-24 25
-10 1
0 -42
-47 20
34 20
44 -44
3 42
-37 -38
-43 -21
-41 20
-40 -4
48 -48
22 19
4 -40
-15 -39
-36 39
17 23
1 5
34 -27
-32 -1
-8 38
-7 25
-27 -31
-47 -14
-40 26
-20 -32
31 42
13 45
-30 22
29 -27
43 -49
37 -4
-23 -20
-31 -16
-35 23
8 -22
27 9
-47 -33
36 44
-44 -27
39 -44
-22 25
48 2
-18 19
20 -48
-45 1
-4 31
-31 -40
-29 -46
-16 -45
48 -14
31 24
-44 47
-23 -16
-16 18
-33 30
-45 -19
37 44
27 -34
29 37
9 44
-10 -49
26 46
26 -2
37 35
-6 -21
44 36
5 -2
-25 -42
28 6
35 -24
-14 -28
-27 30
3 -30
-37 13
-39 30
-38 -44
21 -6
49 4
-37 45
46 4
36 -48
-6 11
-29 -25
15 -30
-45 -36
-37 -29
0 27
-48 -20
-29 1
-34 28
18 -7
3 -39
49 7
-25 -27
-45 -9
43 11
-1 23
23 -20
10 17
10 12
-28 -26
18 -15
-4 -12
39 -15
13 -27
39 38
26 -4
0 -13
40 39
13 -9
-26 -32
9 -7
3 37
-20 37
-46 -49
-5 0
-14 -20
0 6
-18 -34
2 -33
30 -44
-35 -29
-49 43
10 -36
0 -13
-1 23
-13 -8
-40 -1
18 0
-15 44
1 -29
21 47
34 -11
40 41
-42 -10
-21 1
19 -9
21 48
-8 36
-28 4
-11 12
37 23
-32 3
-49 -38
-4 -24
14 -34
-21 -20
15 16
-47 -47
17 39
-11 10
-45 44
-25 42
34 -1
-8 -31
11 8
40 -19
-11 28
-48 -45
25 -24
27 -1
6 48
10 45
40 -22
-33 -36
-10 -45
15 -48
-28 -20
10 -21
38 -6
-17 49
-21 -10
24 18
-46 -19
-5 2
-22 4
36 21
-6 27
21 -18
-5 0
7 -21
-38 27
-11 -35
48 -10
9 -22
-25 7
40 -49
3 28
22 0
10 -32
-22 39
40 23
-16 -18
-47 45
-35 -41
36 -29
-44 -30
-30 -11
22 21
37 -46
-6 -43
4 14
-19 -26
-18 -44
29 -37
-42 -3
22 48
6 -26
3 -10
-7 6
-30 34
28 37
6 -4
-4 -7
-17 31
2 -29
25 27
-41 -7
-31 48
-15 49
-10 35
-8 -15
37 -24
-40 47
-33 -47
-41 46
22 16
7 -30
-35 0
0 -25
-13 -21
19 4
31 -22
3 -34
-39 -46
-7 -32
45 11
5 -19
-14 32
-48 0
-36 13
-41 43
-34 39
-14 -47
-42 43
-11 32
43 -13
8 -38
44 -28
31 -35
-34 -39
-47 2
20 24
14 5
-16 25
-19 -15
18 20
25 32
20 -18
-32 2
-22 38
-1 30
6 7
-20 -19
-14 -12
-15 19
33 8
-36 -43
19 -33
3 28
17 9
15 8
20 18
-4 -37
46 -11
-1 9
-46 36
7 36
-42 38
17 -40
-45 -31
-7 -31
-26 -6
-13 46
-35 18
4 -45
-8 -42
34 23
-13 -34
11 -29
9 38
38 1
35 18
-24 -25
13 -39
-16 4
-42 0
47 -4
-14 -5
-23 35
42 19
-5 44
-3 -28
-15 30
49 -20
-39 -19
-11 25
-46 35
17 24
4 5
-37 0
36 0
-46 21
-8 -3
31 19
43 -20
-10 46
22 -35
3 2
-20 19
-37 3
21 29
-2 -39
42 15
-21 -1
25 40
15 20
-3 0
27 -48
38 -36
18 -26
36 13
-10 28
-44 49
-14 9
10 24
41 -4
-46 21
40 15
-19 32
44 -38
11 -36
-7 42
13 -32
-10 46
17 3
16 -45
49 -47
12 -18
-43 0
-37 27
-10 11
21 -47
-3 -3
-13 -26
-8 29
-12 17
14 -4
31 -26
-25 0
-3 -23
38 -30
-6 -24
-40 16
-38 -26
-17 2
-29 -20
9 -13
43 47
4 37
-28 12
44 -4
37 -31
27 -26
16 -22
29 20
0 34
-10 26
-18 10
-16 -11
-47 6
9 -30
-42 -5
42 33
-34 0
3 -8
20 19
-24 -22
25 -31
-26 -45
37 -33
48 -36
24 -34
-48 41
-33 -35
-35 -5
22 31
-17 13
4 -31
47 -29
-2 -33
-32 21
5 18
35 26
-48 0
13 -46
-23 9
-8 0
-43 19
46 -5
-1 -29
-22 0
-41 -19
-8 37
-34 31
16 36
-37 -36
30 -17
17 29
-42 -40
-25 -37
-11 -5
6 -22
21 -8
-24 35
0 14
33 8
-34 43
47 33
-33 -41
44 -40
34 0
-18 3
11 22
-31 -45
-39 -47
31 9
-21 -5
32 4
21 48
-2 42
39 47
-3 -47
-1 -5
-39 1
9 46
-13 -4
-24 -3
-13 -34
-25 4
17 -18
-38 -44
-21 -11
-9 -29
45 -19
-44 43
-47 -7
11 40
-30 40
-41 22
-44 37
37 -2
-3 0
11 -14
-47 -12
6 -39
23 23
32 35
-43 18
-28 -27
2 -38
44 21
-22 16
22 -46
6 -28
45 5
4 -25
-39 28
-12 36
-39 37
-39 -13
28 -31
18 -29
-36 42
-14 -12
45 36
38 12
-34 -46
44 1
10 3
-30 25
15 -39
-46 -11
-18 -9
-49 -37
45 42
-16 -2
20 46
11 -22
-36 -3
-20 -23
-26 -32
-2 -29
-14 7
3 -2
38 21
-3 8
36 -5
-4 -20
20 20
46 -32
-14 43
-5 42
-18 -14
16 -28
-19 9
-12 11
46 -49
-10 34
6 43
-38 46
11 40
-13 24
-26 -17
-21 -11
-39 7
27 14
14 0
5 24
5 -7
-1 -16
-48 23
-36 31
-11 -23
-29 -18
-47 41
-25 41
18 15
16 -26
0 -26
34 30
31 -14
-14 26
18 -28
27 42
-3 -25
-47 8
-33 -24
-43 -6
3 1
-42 2
-34 42
-22 0
4 -48
-23 -34
26 17
34 -42
0 -47
15 -17
3 25
-48 38
-10 29
6 -12
-26 -8
28 -8
31 28
-47 -28
35 23
25 -22
-37 -24
37 -24
-34 19
-35 45
0 18
16 44
-17 -26
-32 -40
13 -17
45 16
-4 0
-6 9
35 16
3 30
-47 -3
-28 -11
-49 18
36 3
13 18
35 4
-21 -29
9 15
-6 33
-7 -46
-31 25
-36 -19
-22 -24
-12 -7
19 5
-9 7
-12 28
-35 -30
37 29
-8 -17
-43 -10
8 14
-21 -28
-18 9
38 8
34 -9
32 0
38 9
-41 3
-39 46
-41 -19
26 -44
-8 -9
-31 -45
-30 17
43 -12
10 -25
48 -10
26 -28
-42 -43
49 2
-21 -4
-6 -4
35 -35
-31 -29
-8 -35
-33 -49
-5 13
24 28
16 -17
-35 9
14 -8
-23 36
6 -40
-33 -36
-7 31
-20 -45
-4 27
4 -25
33 44
-49 -18
29 -30
-21 -47
4 3
9 -39
-22 26
31 39
1 27
24 31
26 -12
5 40
-3 2
15 -5
-18 -35
-35 23
-25 18
5 0
-36 -4
-33 -11
-25 36
9 1
-38 49
12 -33
-15 -7
3 23
-34 2
-9 -1
-27 10
20 33
12 22
26 28
40 -11
-35 17
14 -17
-21 -21
38 -42
29 8
36 -16
49 3
-27 -39
-23 2
-43 -39
6 -47
-7 -28
0 -33
35 0
22 -25
-45 -35
-14 39
47 0
-6 41
-19 9
46 -45
-22 35
-16 -12
-37 33
-21 43
-12 32
2 -19
-7 1
-10 16
-23 47
27 -27
9 -16
-23 4
18 -2
15 7
-10 20
-41 22
46 18
-34 -32
27 11
0 -15
0 16
38 -7
-13 -30
-27 -13
-23 -46
34 8
14 31
39 25
40 -20
-17 42
44 21
-31 31
-20 4
7 12
33 -12
-2 30
23 -28
-33 28
18 -22
18 47
-46 -32
-37 22
-23 12
43 -44
-26 0
4 9
20 -17
-19 -14
19 6
45 -45
-22 -32
27 -21
26 -20
20 -29
29 -44
48 -49
-16 43
-11 2
-2 22
19 -23
41 -6
26 -49
21 -21
32 37
-40 -17
33 46
49 17
2 -23
1 34
49 -6
49 -2
29 -44
19 2
1 15
3 -35
-14 19
-23 15
14 -10
37 -17
44 -3
15 -31
-33 -43
23 33
-19 -2
-37 -48
-33 32
24 6
-15 -2
18 29
-16 -42
-7 -21
-9 3
-15 22
-33 -31
27 -25
3 44
27 28
17 -23
-32 40
-30 47
-21 2
16 -26
-44 -25
34 -31
6 -8
18 25
14 0
-13 0
35 -29
-46 2
29 -17
-40 -14
-18 39
10 -40
-12 6
-36 -9
27 -18
-16 -20
-29 -16
-33 27
-33 -23
19 21
-27 45
22 29
-15 34
-20 -40
-14 49
-46 16
-44 -5
12 -12
-12 -4
0 1
-27 -14
13 27
19 34
17 33
41 -37
-14 -23
44 18
-26 -30
8 -37
-34 -29
8 22
-22 26
-3 31
-47 -45
-39 35
-49 -49
-26 29
-40 -15
-2 -3
-1 10
-21 14
-13 1
40 42
-21 4
-23 47
-30 -41
-40 -36
44 17
13 -7
-35 -18
0 10
17 0
7 -16
-36 -5
-17 -11
28 28
-15 -5
-37 -37
-27 21
18 -16
40 25
15 -2
-45 -5
-5 -45
6 0
-46 -47
41 -11
-20 35
30 32
-49 5
12 -26
0 11
12 11
-40 -19
-37 20
7 19
-45 0
-38 -8
0 -43
23 32
11 -37
-4 -15
21 -37
45 22
-47 -38
-43 5
-23 -5
-26 -22
-27 -16
-16 -41
-34 -21
19 -2
11 -6
-16 -15
47 3
32 -18
-27 7
49 3
-25 21
40 -18
43 -29
-22 1
36 20
-11 -3
-31 35
-15 30
17 36
31 23
14 15
-11 -10
-19 15
9 -19
41 35
2 -29
36 48
12 -9
-36 5
40 2
-28 25
6 -27
-42 11
-44 39
18 -3
-2 -17
-31 -32
-46 47
16 37
31 12
1 -2
41 9
-6 39
-32 18
13 28
10 49
47 -8
-24 -43
35 21
-28 33
27 9
42 38
-5 -35
-15 5
43 42
-9 31
16 2
40 -25
37 49
30 -25
21 -4
8 -48
12 32
19 -19
49 7
41 -5
-4 -20
-14 41
-26 -18
6 28
-23 25
46 -39
-1 47
-13 39
-38 -36
28 -11
39 -29
-35 -40
18 -48
-45 17
29 35
-13 -10
8 -2
-13 -24
13 33
-27 26
37 15
7 18
12 -25
17 6
-31 -6
-4 12
-22 -35
-7 -40
-37 12
30 -34
-45 15
-46 42
-29 -1
16 21
39 -33
6 15
-31 12
29 -38
-3 45
-7 48
10 -2
14 -44
-42 -5
-11 -10
-39 45
-6 -41
34 41
38 39
2 -49
-43 49
13 -10
-42 -4
-41 -42
46 -41
9 -46
-16 -31
-40 25
-29 27
-10 -29
-44 -11
40 -27
-20 0
19 -39
45 49
-32 -43
17 34
-25 16
-4 -41
2 17
24 -10
4 49
0 -9
-16 -7
35 27
-19 6
-46 -39
-37 -40
25 25
41 -33
-29 -22
23 -11
-13 -3
2 46
16 21
-12 2
34 -34
27 -3
23 -30
-26 -28
-20 40
-37 -41
-23 -26
-34 -4
13 -15
-32 13
2 40
0 -49
-1 -30
16 -43
-15 -19
-4 3
-40 -23
42 -46
-18 33
-26 14
3 -30
44 -17
47 -24
32 -9
34 -49
-7 -35
-43 -34
-3 -42
35 -11
-11 30
-10 -3
37 -40
22 -34
-24 -21
42 42
45 1
