-353 126
432 797
291 521
-724 -152
12 -311
-450 -48
-185 319
598 660
0 -148
726 -788
-110 -72
445 -773
443 -584
-409 590
-706 659
185 143
-287 -10
99 -440
226 -368
178 380
-387 396
785 203
-244 -795
653 521
167 182
275 437
171 -735
339 -116
236 630
-51 -202
-599 -630
-287 -594
517 90
-415 -495
-162 -243
106 -186
-506 19
-143 111
753 225
-45 574
485 150
328 -762
627 -504
-593 739
363 -4
-385 297
-630 -353
-610 -10
-336 276
-50 334
383 -149
758 173
685 -91
-368 656
30 -796
-1 73
511 525
401 -416
443 49
731 470
709 565
-408 627
456 424
-112 242
-125 -282
-267 -620
-197 -189
594 -212
-433 -267
-157 -756
-673 -392
243 -312
199 -786
275 -697
-411 -663
184 503
637 -417
583 429
594 -418
709 426
-343 -159
635 -650
-571 656
-222 684
-572 -289
-334 -36
521 -762
-52 198
371 787
-506 -374
-663 -69
-441 -181
-445 495
-611 -300
-191 7
626 22
362 -352
-789 486
-98 305
710 396
33 30
714 235
40 -302
403 6
379 -784
441 742
-22 -263
-697 -247
-524 -207
82 44
-368 87
118 223
-743 -551
-248 -484
686 -649
-619 161
389 684
-770 263
-324 274
-412 -570
-633 -619
642 -648
526 -422
-328 -405
-11 -177
17 -69
-286 578
-587 446
580 186
382 195
-17 -765
-510 725
305 87
-533 86
193 208
-11 602
-464 613
-155 -587
447 -37
653 594
15 -374
199 -69
-355 678
122 24
-188 -39
347 273
-157 -772
-198 138
759 510
283 229
154 -219
-747 -213
208 -183
-491 -704
157 -131
720 760
-19 557
86 385
-441 -686
-715 316
333 556
-302 -367
481 207
-523 -33
-139 -498
-267 -441
-75 176
420 -739
294 -208
-501 134
348 714
756 -340
-430 -481
772 -553
-445 4
-196 -797
97 -25
-618 -752
-207 -770
610 682
414 -683
48 -75
-313 573
165 432
-447 365
-28 180
97 -461
404 423
698 174
578 -468
-493 151
483 387
-514 -250
134 530
-335 507
-23 673
286 742
236 23
-539 412
-163 532
254 -484
463 750
179 173
-398 -654
-325 591
642 -223
-718 -94
-724 705
-24 -116
169 289
-110 -410
361 442
766 526
261 -755
-486 474
-706 -680
-350 -301
-617 -222
385 -773
520 -112
560 454
-295 83
-649 245
107 216
4 570
-339 474
484 -65
-93 -792
-666 403
-760 319
-425 -443
745 -217
430 177
294 168
432 -346
304 -125
141 701
501 778
203 -143
-668 -87
-765 -478
-763 733
-401 -511
-554 -96
417 515
422 -424
46 -448
193 -360
793 -656
-585 -652
-317 733
212 -96
484 341
551 -544
561 408
-241 -186
14 -707
469 -640
-169 59
645 187
-633 -350
592 -9
424 -278
68 -758
-694 648
692 15
450 -349
753 -661
-491 89
-655 -564
796 -573
-503 677
-353 610
363 -555
541 -500
-258 -166
406 653
647 638
-292 -623
-132 273
170 -270
-692 494
522 -135
426 718
-459 -11
-467 -588
338 -428
392 -308
648 -696
643 -568
172 273
-719 542
-189 270
588 -653
413 -652
-2 55
-314 731
751 -113
470 691
-338 151
286 634
516 -495
294 717
-729 -618
616 -380
-158 65
551 -758
-539 -265
-140 159
-286 542
189 669
-391 644
312 -559
324 417
161 81
354 523
194 7
438 -287
59 426
371 -687
92 760
193 545
416 235
-536 758
-794 726
404 -491
-167 451
-360 735
-459 405
-184 594
477 -611
-587 -502
-184 296
165 366
731 -376
-611 -613
-372 -195
518 -125
521 -170
-797 -509
-360 148
-485 631
497 -644
-147 763
-54 -733
598 -44
625 554
287 309
767 723
-314 -226
-671 677
-88 345
441 -165
716 211
-445 724
-145 132
452 201
-639 -742
-284 -126
-528 405
461 680
318 -579
653 482
-683 581
304 374
-310 277
-603 -525
-138 -123
695 -735
250 -574
51 -79
3 -579
-401 -314
-91 739
603 205
-174 -318
-762 -151
-418 443
-435 211
-335 711
676 -179
366 304
-370 295
733 309
146 765
240 43
310 -308
176 19
64 -547
-635 -110
684 -267
-614 456
108 -356
-555 -235
228 97
56 -118
-306 -49
589 -382
479 690
-367 718
418 -208
-450 -594
-496 -233
-215 327
626 -167
-34 -766
296 95
399 340
252 -666
-700 559
299 186
-76 458
-708 -408
703 166
-25 761
-686 625
-737 707
-723 -587
-5 -496
-738 680
-179 60
-236 458
205 272
-59 -206
660 -288
-30 -6
-472 -608
138 -4
94 -57
-682 -659
-472 29
-576 -697
-375 -283
-361 681
448 466
-597 348
299 -300
-778 -530
-372 50
535 22
-602 621
793 -428
-526 -129
-646 -369
-419 -207
92 -380
554 -478
-666 269
-95 182
469 294
549 -199
-496 -260
-792 474
194 -565
-567 710
413 -312
-334 482
316 -108
423 601
341 92
245 753
-271 -574
-113 -562
-214 198
623 -436
497 -448
-284 10
700 -197
-267 493
526 240
-633 -303
138 0
671 -582
579 593
302 -638
736 -299
563 85
356 374
-13 434
126 616
289 729
245 -679
-594 -61
108 225
678 72
232 -454
461 93
50 623
88 -420
605 713
386 -100
169 763
757 -77
-73 525
358 499
750 -796
-342 -302
513 592
-555 537
-240 -357
-774 -31
93 625
-150 -290
-294 780
120 -521
-107 -567
222 315
-191 387
-641 -701
596 -762
567 224
-464 696
-4 -648
-333 629
-474 -152
-56 -570
497 1
641 -166
378 -256
-687 750
-434 -92
698 430
-665 -562
699 -729
-229 -626
-79 -782
448 486
-119 -608
149 -424
-669 715
-466 -423
-655 -92
320 -320
-48 41
-174 -531
-24 569
681 667
-463 636
-656 395
-698 -291
-364 -535
38 -630
722 524
-47 441
403 571
-725 -87
255 -726
383 147
391 -769
-173 501
-289 -694
-471 734
450 -701
-144 181
79 201
-568 795
-203 -134
-332 -747
-787 -387
-83 -36
351 195
703 408
-306 504
556 -232
-157 -574
-407 -109
111 -498
-20 105
-161 -198
-462 -51
-703 521
596 425
-736 279
-712 726
254 736
-20 734
352 -323
346 468
-621 233
169 -462
1 204
-119 -235
-323 -796
-655 605
665 -633
-419 -475
784 -342
-461 -706
174 241
330 406
513 275
429 -501
201 147
-656 590
-110 592
-717 777
-42 -294
422 411
-760 738
-108 -478
-333 -499
391 353
484 -680
171 497
362 -51
-28 115
795 471
470 263
-212 -430
-260 452
-39 -135
-151 364
527 88
-165 300
-566 -113
774 -191
553 -47
73 -314
205 605
-80 -60
716 -117
719 130
664 -86
669 -795
163 -338
-231 -535
-799 -145
247 526
617 -635
611 732
306 559
677 -12
-715 -560
-484 -670
-667 375
455 -471
150 -761
-400 -758
-146 406
-614 366
208 422
746 -677
-397 -728
-168 -148
386 -378
110 -302
-267 -522
-750 452
123 -25
-119 407
-252 -772
-356 -20
561 -447
149 -1
81 -146
-783 -236
88 -137
-42 558
-536 300
660 685
11 -351
-455 516
227 46
546 565
107 395
495 99
-62 278
-124 418
-601 725
-796 -37
-733 -69
-562 284
323 523
-57 -505
490 -418
40 -666
453 765
569 105
162 -570
-732 -636
-493 -115
340 2
713 335
-792 -18
223 651
-314 -640
537 -239
33 -211
-346 412
593 -13
-676 385
-533 661
-181 248
671 14
-220 31
-602 -143
-107 301
-61 476
119 677
504 -183
-324 45
-205 -469
-748 -404
-254 411
-302 323
-365 -11
242 -409
-442 -500
-279 -445
160 287
-395 567
-356 -669
-599 -692
442 200
-49 626
177 685
439 -334
196 185
-795 87
-692 666
420 367
-80 -709
-512 658
198 -757
-747 152
-46 111
-740 346
74 -749
-408 -106
-76 -680
-132 -471
-281 -635
602 -455
409 251
450 368
283 744
798 95
-486 -319
364 -187
-523 451
540 -254
-228 467
-120 744
-439 -441
-78 -496
-334 -200
-93 727
45 -150
-576 214
398 725
310 -273
-489 215
-118 626
-212 691
-30 -187
-576 -546
316 99
-80 782
526 677
12 -221
599 363
-352 -222
195 -55
-562 -647
297 -468
-639 -72
-411 -320
-68 -668
-144 774
-497 553
295 131
-648 146
-523 -731
281 781
-199 487
-180 516
-544 -592
-762 -484
-528 -350
-123 306
-285 -496
-285 350
-414 55
-559 728
-90 -23
504 744
546 335
795 599
250 223
-290 -461
-542 -191
488 562
404 -596
-121 -253
389 -156
-616 365
631 721
289 -87
-486 269
-679 324
