857 31
631 66
-304 253
297 -205
-42 -1532
739 1696
1648 628
81 -172
580 202
-134 775
-786 1053
298 -28
-690 -1129
1555 853
-1586 -1263
765 -1403
631 -573
1559 -981
-76 985
388 -1040
-1599 1459
-969 -1595
-1325 -1661
-491 -524
178 -327
-784 1471
1375 -553
-517 91
-1165 -886
622 569
758 -99
-298 905
653 -638
1324 88
-782 -552
-48 558
-958 1350
-1301 0
-1444 -704
-177 -581
1344 -464
-1453 600
-803 443
1337 -176
-391 1188
-597 768
-1324 1039
1455 -137
1273 -169
279 229
478 -1594
-715 -1512
-1267 668
-648 244
942 -1175
-432 -69
-1141 -428
-477 1335
965 1636
1591 -493
-89 1537
289 931
-1634 -166
959 1692
1251 -1121
337 1481
-875 -588
-1507 -144
-443 199
-1218 -409
1652 -653
1191 820
866 1480
799 -963
821 773
1041 1549
458 -1169
250 -463
1588 -865
-132 -575
-1016 550
1147 -1008
-1132 -1045
-268 -490
-1641 348
1260 208
167 -59
1596 -21
-63 250
1425 307
-1638 -861
1420 -1015
1171 -843
-456 -280
-15 351
923 -941
1382 -115
523 489
1150 -935
87 -381
933 -56
-525 -1521
1177 358
527 -431
-646 179
-1699 -1313
-1307 -1029
-1298 -1127
-1217 1650
1083 -1210
838 1096
-210 -1018
-406 -642
-877 -987
-1174 -1634
-1087 -500
-330 -703
1520 -1272
-30 -909
-371 -530
-527 1146
1473 -1199
-254 -1650
1061 -1040
-1096 -1423
457 -1013
-696 468
1512 837
-19 -1019
-825 876
1287 970
-790 -99
-371 710
942 609
-721 -920
-1066 -1634
-1484 -667
-703 560
822 515
88 -822
-1667 66
590 -1309
-931 -1607
451 840
1540 844
658 98
-747 -957
-333 1329
1288 -361
-1374 949
-224 683
1015 -905
1028 -1012
-767 1211
-1587 251
641 404
-1175 -1503
62 1489
-125 -786
-1555 -1054
1387 916
-1668 1276
-1609 390
1141 -165
1130 489
-1664 -177
1617 -1108
-1014 1234
-27 1255
1503 1631
-159 -1695
559 664
1294 -1677
-728 -1118
-510 -869
34 -1333
1071 -1315
8 -894
-589 -880
395 629
-126 -712
-291 694
33 -1612
-664 1348
480 643
798 -122
377 -333
-1576 -1014
889 -835
653 1445
-80 1690
-1660 938
157 851
1487 -443
-613 1539
1679 -1417
1367 1181
-1105 1206
-1222 -1137
1439 877
257 -661
-979 -809
-1403 -899
-1236 103
-104 139
-454 -555
885 122
-826 -1158
849 -1314
-268 1098
739 -1489
-1432 338
-1274 1400
245 -1590
614 1583
1697 1280
1423 -1416
-1502 -165
-1021 1514
1118 -381
1100 1640
-301 -909
934 1332
-1576 364
-134 608
93 569
675 -152
842 -299
-1285 1061
1657 1654
-1329 -196
-1464 29
-574 1096
-570 -1396
-1630 -1007
148 597
-1390 1173
-947 -1544
-582 -262
1066 1022
1562 1047
597 -95
-1542 1570
1029 1463
-606 31
1163 -1275
-779 627
1650 1050
-24 736
1596 -631
485 -331
189 429
105 242
141 1631
-700 -442
241 1525
1312 1129
865 108
143 1609
-419 -1512
-801 830
968 1023
1138 125
1306 -1183
-539 229
106 670
670 -346
67 -1068
-1036 -1525
965 -258
633 556
1377 -905
325 -377
1697 -525
366 -649
308 635
82 -206
-1254 1210
-11 100
-314 688
185 -861
-994 1177
-1295 12
-844 503
1612 -1189
307 403
1679 1626
-442 30
929 -1664
-1305 -533
-1035 -556
-125 -53
1302 -526
177 -312
-232 -1503
-1118 -888
-720 -319
-1475 -822
-1144 791
884 132
1346 -64
493 237
872 -1568
-1452 -869
-709 1562
544 1234
1462 -549
-1481 1268
857 1506
-1659 1334
-1698 1068
-51 -949
-1159 -200
186 -273
588 -705
100 847
589 -238
814 -970
-361 -1103
62 753
-609 -622
545 -406
6 -1250
1446 -662
1175 314
1552 -505
686 -106
-604 -1310
-61 687
-839 -1147
322 -590
-1520 1424
9 -241
-1411 1141
-731 -1257
695 -58
650 -617
-14 1643
-659 1483
666 908
-1347 1463
862 1614
-412 336
138 1571
868 1551
1260 -800
836 1386
379 -1456
-1323 -57
1275 772
-1363 -1319
-117 -1614
9 1498
-1629 -1353
-558 -35
-1531 135
1237 74
-414 1325
576 1264
-507 -1012
-356 -1359
3 -672
1125 -738
-642 -12
-1520 1502
-1351 -1329
-436 -1351
-1469 840
1646 815
1501 -51
-601 -276
1161 -1001
-726 878
-496 -1018
732 -90
-1579 824
749 -1291
-1290 860
707 -462
-476 1304
-813 88
403 -707
-556 -298
-1516 -1203
356 1485
-191 -246
-1253 1215
61 1386
-1616 -1673
1495 -754
-1319 982
1432 -745
-1052 -658
-542 -512
1377 -92
352 708
1160 342
-169 -1381
-1692 -50
-549 -806
-225 867
-1480 -854
-353 -633
919 1226
-1191 -1653
236 -673
-1314 -558
328 1276
1319 722
-313 608
-381 -566
-654 1234
-1284 681
-477 6
-57 1548
175 -410
853 -1674
1097 -1635
-284 979
-190 -1335
-606 152
134 -1535
-1398 1499
-400 911
-831 1256
-148 -1566
255 -628
-1064 142
1539 -670
550 311
264 1539
457 1577
1388 1472
314 128
-689 -1215
665 90
-970 -699
1523 1465
-940 -1103
-1527 -156
-1426 838
-1676 132
359 1449
650 -422
-853 1201
-730 639
334 536
624 1254
-208 -733
779 208
-541 739
-338 -1374
-1063 -1601
1299 -708
-83 -1593
1006 -1689
784 1574
743 -167
1209 194
119 1066
997 -1560
-1406 963
-174 -1334
-1545 936
-286 553
1518 -748
640 -1016
1047 -353
-997 1664
1219 1490
945 1205
-156 448
477 -848
-369 1068
692 -92
-63 880
-743 -611
-297 -1016
1547 -844
551 1327
-1473 -1332
-197 -1546
-983 838
-163 -433
-1624 133
33 1490
-20 84
1600 84
-1551 -1139
-972 -721
167 -1505
-434 -164
409 636
1417 34
-191 -821
560 1336
443 1472
-774 -517
515 -540
-664 -531
293 -1486
80 527
-1288 1317
-1278 1376
1571 -1536
-790 -843
-1437 -663
-296 348
-76 692
407 653
239 -1464
-955 -1253
-105 1059
1632 -1543
-1639 -261
-1066 -820
777 -1299
1130 -1561
-871 -230
-28 -491
-210 -883
-763 -1153
940 221
688 941
-1442 923
-938 184
-336 -1003
408 -1473
-247 -1308
-102 1160
-948 853
-266 -994
-1430 1127
-1530 -1108
814 -936
582 -368
-1625 138
356 -1204
700 120
-1640 -1602
-869 535
601 -355
810 1093
464 1605
-189 0
-1245 -1674
1600 73
836 -1091
-883 179
-1152 -1520
-911 -1402
855 -745
20 1432
56 1248
32 12
1166 964
729 -795
1650 1430
687 -1644
-1341 1286
-297 828
-928 -449
1406 807
-120 -1462
-988 847
-137 446
1003 -1595
-1597 -1310
1396 -41
568 400
630 1162
528 1613
575 564
-756 -314
200 -400
944 913
-718 1129
-16 73
-1606 1109
1217 1507
-1519 -1161
806 -1316
1383 1471
1645 -1255
745 649
1223 592
-1356 848
-155 -264
132 -465
-1298 -1296
1020 1069
-298 -1608
-156 -689
-1533 -599
-814 24
1159 129
1119 -1067
753 -43
526 -104
-36 -737
-464 983
-1548 1359
880 -862
151 -92
-1525 1108
-1461 1597
-96 224
-1292 -1249
-594 1026
-31 372
-254 1397
1249 -1607
880 191
902 -600
-1060 -690
-709 -1485
1562 206
237 333
1073 -287
238 1287
94 -819
32 -195
858 181
1563 364
-973 1631
-713 -1102
-550 1518
-1393 -1609
513 -982
964 1045
-262 -64
761 245
-705 -799
623 387
1179 1348
999 1474
-231 434
640 850
968 1400
962 -979
-214 66
-303 -1685
-977 1431
905 1203
250 -143
-192 -1584
1688 -1094
610 1161
-1524 1205
-737 635
-463 441
448 1212
-1130 1473
-1535 -840
857 1026
-585 -366
605 10
-1068 825
-680 -322
1411 -1572
945 -434
346 152
-97 225
1114 -321
-622 -212
1422 -1516
271 1182
-225 -254
-1269 804
965 -1283
-990 -122
215 1612
329 1674
-194 -236
954 -495
-931 -1444
1261 -190
1681 -1290
979 -1614
-1405 -1292
-704 1662
-1562 -675
-241 -612
56 1220
1651 1469
530 -822
538 83
-726 -1315
644 1245
1298 -81
1383 -86
-971 -196
-894 -72
-1109 1086
1602 228
-538 -896
-697 -635
13 -110
1120 1170
-182 1545
-829 930
-1509 -169
-392 177
1575 -46
-341 1384
680 1312
-361 1164
438 1196
720 839
671 -787
-1417 60
-286 750
1648 -833
-618 -354
-1010 1671
239 -107
-1429 -1197
-617 1006
95 1232
1114 824
-75 -1230
-107 819
-1495 923
-1322 892
21 -401
230 -1013
-252 -179
-720 1114
1207 -1147
495 -555
-888 -1363
1016 852
-756 -1366
-732 -458
-279 252
-940 -1034
316 -305
-828 1443
752 1470
-1362 -1233
-417 -1592
1424 -841
1693 -513
221 1423
1582 334
-1503 1019
1405 38
471 440
505 342
-1305 -1312
-1196 1411
-1024 929
-1049 -889
-1669 -1363
-577 744
1657 -163
-1525 871
1551 1672
-1026 -1451
-1021 120
1452 -673
-1595 537
864 -1438
-89 150
55 296
-478 -1527
-310 940
-499 -978
368 1323
-1110 1478
-446 1250
113 1548
1353 -1095
-1208 -954
942 -1682
-134 748
-1226 -334
678 -4
-481 1317
-1367 1458
89 -950
-827 513
219 70
1461 9
-244 741
248 296
-35 -592
46 -1097
1198 1293
496 7
-1545 1690
-1183 298
-771 1277
1220 -929
-1164 -766
-5 1183
666 -279
-637 76
1642 -1581
-1148 301
-1382 865
119 -260
-311 -446
450 631
297 -1498
-1668 1587
-598 165
-1411 -1203
-1670 -797
-977 1415
-219 -1527
1312 1284
715 431
-1342 -613
393 -1569
1249 -643
908 141
-795 -1696
-1548 1595
609 -1364
1488 -273
-1331 -551
508 -894
1002 -449
-1634 462
1276 1411
323 -1689
1630 -880
-98 1185
-508 1390
1102 465
-706 352
-198 -950
-77 -697
1402 -288
1475 -541
243 -588
-578 -926
783 -347
40 40
-998 983
-1275 -1038
590 464
120 -1048
1339 1402
-966 968
-128 -1260
-999 1506
-681 1251
-810 -1105
899 -1098
1107 -1180
1408 -1001
-1657 605
-1197 -1507
-400 660
-1065 764
-336 1546
-1322 -1131
-1250 499
1554 -1699
1303 793
-1008 -1487
-858 -1561
-596 -1409
-954 -1245
-62 -1608
1157 1190
-609 -1057
-1240 1525
1058 -1330
1479 711
-1614 -499
195 -82
899 901
-1014 -1452
1694 -266
-465 843
-1293 126
60 992
-1153 1129
1132 -802
-968 -317
600 -570
-5 -1637
-832 197
556 849
1037 -1353
-943 -151
-465 -954
-1096 -1535
-640 396
-806 465
194 -1036
40 900
-249 -99
-940 51
-1374 -48
946 -1546
522 -542
-1086 -1044
672 249
453 -1166
679 -42
1528 1353
-840 -1077
-1380 1102
670 -29
686 113
248 -927
1659 1261
969 -1096
-1496 -595
-394 -1616
-719 1114
-445 1590
-1535 -449
1675 -1190
1155 -275
413 -1276
110 -1384
-585 8
-929 -1411
-1548 371
-1630 1522
-727 -170
993 1539
-1179 113
1561 1096
293 -1228
-1504 1405
355 -282
1373 -1681
222 -604
-1541 740
-560 797
-1060 710
365 -670
-773 -854
72 -115
1610 -195
-1175 1144
-393 -394
-234 437
1063 939
-72 -1372
797 -1348
-51 -1667
-1380 -767
585 -1553
-451 876
-1397 254
-1666 461
102 1028
-1086 524
-1494 -768
1419 -583
-743 1335
-787 -439
705 -960
-936 -853
-512 -327
669 -138
1305 -187
-1082 -1031
312 -86
-962 -175
285 878
-1009 -1041
692 560
568 -669
1330 -523
351 1496
780 -1458
-1452 874
-506 -1138
1265 1478
1277 -739
654 -1117
-1419 -651
1256 -1528
-1489 92
63 1129
-1039 1109
235 331
1382 345
1645 1201
-603 782
-923 -1152
-1412 -212
1286 -1424
-483 -1212
-1306 837
-847 -349
782 597
595 1123
-1109 -1641
1593 509
-1169 -787
-219 231
-874 565
-545 -937
1473 1231
931 -1388
788 -1033
-790 288
1012 1290
1509 264
1223 511
194 1129
-944 -1618
774 1345
1170 -1420
-734 1262
604 1228
631 -1379
596 977
-1274 -1198
-1240 -749
-1497 1186
-527 330
335 1017
1036 -869
-367 1166
552 874
-352 -609
-421 3
-1074 -674
-1562 -1077
-830 -1399
-841 -1217
-1173 -1170
1265 -1267
-1494 -537
149 -1047
1420 190
-390 130
-1319 -88
1064 437
-1211 714
-1371 525
886 751
1139 -25
82 -791
-841 373
1170 364
1264 1695
-1345 737
1280 -1385
397 800
-965 1066
1007 121
-653 -550
-1300 935
-1679 1365
-1200 -1556
-476 1690
-1145 829
242 348
581 -1050
-86 526
-296 1471
1037 1216
-623 939
17 -1550
-1048 -1472
-599 789
1299 902
-1693 -897
-1646 192
-290 522
-172 817
-1241 -537
-1664 1468
-1612 -1617
-1201 549
433 34
559 1052
-671 -1312
1070 -213
-563 -825
367 1660
-255 -342
-388 -1667
-549 -285
-477 86
842 864
-1555 1499
679 -898
-915 1308
3 -1171
-62 732
-913 -274
1127 33
173 1059
1134 -917
1476 -1243
1250 -282
1623 1279
-1459 -1010
1591 -747
-1122 529
-100 -1172
1557 -131
-717 175
-1194 809
1029 -109
1258 -528
-578 -1442
-1314 -419
1281 252
-1573 623
-491 565
-1189 -1229
-1336 1105
-1566 -1409
-444 1615
-8 1207
-1244 1520
377 -14
688 -1439
380 1327
-1256 425
-1433 -824
546 -776
-457 376
-1019 974
1666 -1209
1234 -1205
-1480 541
418 860
888 -1407
-1202 -1140
-895 1288
1541 565
-356 212
-1131 -516
-452 1637
-951 1195
346 1314
-1424 1014
-1573 -636
812 -1616
1282 1192
1438 -1272
-1185 -648
-727 17
-480 -151
258 -1515
-1055 -15
470 1184
95 678
-181 818
626 -1293
800 166
-1455 502
-891 324
-470 927
1576 800
-94 -841
-213 464
447 317
-602 -1672
-1233 513
-316 567
-412 1362
-97 1139
-1205 1398
-1013 1031
-895 -484
1390 -1135
1406 -176
-23 -1191
993 -1668
1023 -1123
-480 280
-924 488
-309 1004
-1037 -809
-449 1598
1384 -454
378 -394
462 1123
495 1239
345 1176
-945 -262
-223 -625
-842 -186
-1378 -1208
655 207
-1402 204
-344 604
935 884
-608 1123
386 288
-613 -226
-1151 445
-706 -875
1014 -1001
-730 1137
-1080 940
821 656
366 -1207
-1457 -1507
342 -473
-765 85
-767 186
-157 -1525
-1020 -983
473 -523
1045 -1341
143 1425
401 -1427
-43 1519
1474 -1518
-1624 1367
1559 -1057
-252 -255
745 1528
405 -958
175 1102
977 1186
-402 1343
-499 -975
1 -1558
1090 -1441
-1568 20
-349 161
1326 839
-893 189
-316 1689
382 -343
966 671
-650 -917
662 -1542
-1471 1333
-365 -998
1542 1254
-1015 -515
-1309 -881
-1570 283
30 -193
-443 -1646
1161 -634
1018 350
-1288 -406
-674 -873
1541 355
1568 90
1548 1035
1657 1320
-287 1111
502 -92
548 -1358
860 1316
-290 346
-775 -1146
968 -304
609 525
-139 1599
603 -567
-1465 1364
1694 1320
608 654
-1352 -524
1148 1376
743 -222
513 220
-538 963
1360 -750
1653 -1287
-659 -933
828 -1482
569 290
1463 763
822 -1138
1395 -477
-248 1466
-1684 -84
-1684 1449
-890 -485
1564 260
-1457 909
-1171 690
589 481
1528 509
801 1623
-1055 1093
-628 820
1241 240
630 187
422 1091
815 -1303
-784 -1591
-1584 1011
1092 -1338
-1085 451
800 446
1460 1566
-472 -343
1488 -700
1086 22
1448 440
-1586 -156
511 -744
941 231
1270 -16
-802 920
-651 255
1570 -1094
-563 1547
-1559 -796
-1251 683
-1323 -428
923 -1024
540 -1249
679 -413
1485 1645
-1621 616
1162 -470
1544 -1315
824 -915
1044 -1170
-1446 483
1559 -1645
1623 587
-791 550
-1047 394
152 -395
1509 274
1056 -1212
188 721
-960 1106
-1414 -1376
822 322
-418 -1601
1548 1607
150 900
-174 1375
-1674 1667
956 -1510
1552 -636
-1230 1017
-813 832
-906 1301
441 771
-384 182
-1426 121
-1316 -1678
301 -1619
1693 -434
-1273 26
-1214 -1315
-1164 -735
1449 367
-1411 619
-299 1429
-1623 1031
-768 -943
987 -1490
790 -1300
1613 -123
371 -1184
-191 -1367
-691 -1248
888 553
-1319 -47
73 1661
-846 905
855 -310
-673 424
-1085 102
-1431 1598
-526 -262
-498 1076
-941 -24
1393 -640
-599 -523
-862 827
1502 847
-1222 1382
285 -323
-801 -1496
-290 413
1683 1212
1502 -1281
295 -1533
-1515 -1102
1370 -91
1541 1489
1647 1026
-17 -237
1104 1119
1485 1056
1252 288
-1301 699
1361 -275
503 -1079
-1022 -680
983 299
-1508 1565
-716 1269
-1671 -1008
448 -940
-192 443
1015 917
121 -714
1298 1445
1152 -804
387 -329
-885 -1696
-1145 -656
-380 -681
-528 879
-1091 -1108
800 -266
-621 68
-1525 1438
91 -399
130 424
-13 1191
-1462 -313
-973 -1401
-1383 -1235
1623 920
241 -833
1556 -835
277 83
1345 -1303
-680 -797
-1064 -531
572 272
-519 -662
-1073 1544
348 1175
1294 -640
-1220 -770
867 -1446
-364 871
397 -1611
129 547
228 1059
-514 549
-1386 753
-452 -1613
-1471 1682
-399 -529
1011 -796
-1229 -1279
318 1430
-985 -1493
-749 -1426
-1556 154
-150 480
-1040 1404
-631 -664
1539 -911
-750 1057
357 1578
976 547
1093 574
-1486 -206
1039 -1648
1179 -7
-1395 968
457 -1189
-1329 -1034
-1188 767
1676 1164
-168 1000
-632 985
-801 439
1348 1212
1456 31
-1088 1511
133 901
-1609 -592
869 274
-576 -1083
-1616 -231
-874 -643
1234 669
-489 1237
-890 -258
733 -1201
-1672 -181
-1343 -1573
1220 -1535
508 -606
-1168 -1159
-248 -699
543 418
-269 -641
-1342 -231
1252 285
-875 1474
911 -345
-1572 1511
-1444 -1304
-350 -450
1386 911
1532 -317
1367 957
-1197 677
700 -297
-1187 808
-23 795
1037 853
-727 426
-848 1103
1102 -1497
292 -344
678 -1255
-444 -143
-95 626
422 503
141 -1286
-105 -710
356 1458
-230 862
460 851
-1627 1440
-134 -411
-1245 340
-1118 1199
-176 -165
1016 1609
-1583 1099
1426 1496
-1619 -1407
-1355 -92
-536 -371
-303 848
-1077 647
15 753
-1324 386
-1044 1296
-249 -595
802 -475
727 1071
218 -638
-812 -1174
148 1349
-242 -1266
-355 1084
1259 -628
-394 -665
1460 -1231
1456 329
-142 286
-463 151
927 -480
606 374
-173 1551
662 646
-1084 830
1074 -148
1689 -110
-1140 140
659 763
555 958
-47 1259
-433 1398
14 -59
-1100 120
1585 -1678
833 1631
155 -196
165 303
749 1586
244 -401
490 -1031
-636 68
-350 -331
258 1483
-657 -531
220 267
-330 235
914 -1088
1552 1538
-1019 -1227
5 1558
311 -1317
633 463
-759 -1171
1020 395
347 1079
1170 -162
1351 -267
248 -22
-998 1229
-1643 -1359
-910 525
381 -264
-1054 483
-920 -1210
202 701
-1555 263
-1515 -1403
-243 -918
-129 -285
1014 20
-292 -456
203 67
154 1390
-1025 -1417
1529 92
1068 1078
-603 -465
-634 1660
626 -948
1196 -1339
-1273 124
-1476 167
245 1401
-1443 -88
-1050 292
-835 -1521
574 -847
-793 496
-730 1575
1510 1244
-434 16
-1179 332
14 -244
1414 1613
1 -947
754 1608
-1267 -155
-1328 928
-1015 58
-521 -754
503 257
-815 -961
1545 575
-1558 -1446
-437 -183
-1125 599
-1141 1385
-284 491
-1045 526
-713 -1390
-1357 250
-1234 1188
-166 278
293 -753
-1042 -1508
1600 -1168
1616 1111
1153 -56
1448 -1156
760 -1515
709 1692
1213 96
1176 1090
474 -569
115 1336
-789 -1184
-235 -581
-1437 1508
-1060 -456
1186 -382
1104 -113
108 -256
-397 -341
239 -1413
670 -949
-618 -1364
81 -1058
1038 1386
750 1642
-71 100
483 -856
-360 -246
-227 -340
809 1533
-233 1189
4 -1247
-76 -775
214 494
32 -646
-120 -69
-59 -1097
528 -20
-715 1420
-1476 -645
-1428 740
-235 -1130
-1415 146
1450 -851
1074 184
-641 640
-594 -1015
1571 1433
1580 470
1332 -591
-1589 -1306
-1394 -1413
-40 -676
-688 -1502
