19 -43
-7 13
19 -28
-3 17
48 -12
-19 -7
-32 8
-20 12
-24 -28
-12 -3
12 -28
-4 -1
-12 3
-24 -35
2 46
-46 19
-38 -7
-10 19
-19 29
40 -21
25 42
23 -9
7 -43
29 42
-37 -49
-41 -11
-4 28
-25 -48
9 -19
-16 14
19 -22
19 -8
-17 -8
38 27
-39 -9
-38 -12
24 34
36 6
-18 -17
-40 42
-28 42
-43 -36
42 -2
-43 35
-27 -13
13 8
17 -18
-14 26
21 -39
45 -20
49 47
-46 -33
-31 27
-26 -34
-20 16
26 -16
24 33
31 3
14 34
-24 0
-2 -28
-32 19
30 -28
42 21
-4 -36
49 -43
31 -33
38 -35
-6 -21
-42 -9
-5 -28
-15 47
-40 5
19 37
-10 1
-43 49
-23 -41
27 12
40 12
1 1
10 -17
-45 -27
-33 34
22 -11
4 -22
40 -29
38 -33
-37 -48
12 -38
32 -4
13 -15
29 33
-9 46
-10 -20
46 20
36 4
3 2
-9 -5
0 41
-31 -39
38 14
0 -33
-25 -6
-24 -22
15 -29
-10 -11
-40 22
-33 -31
35 39
16 2
-31 -18
-39 -22
9 20
0 -20
-12 -27
0 3
-33 -30
-49 30
-17 -9
-46 43
27 40
-42 16
32 -21
47 -15
-13 -2
13 41
-31 -8
11 4
49 -20
44 48
-44 38
25 48
13 29
-6 -45
46 -43
1 -9
-15 18
31 -8
-22 26
48 -3
-20 21
38 40
2 30
-18 -38
47 33
49 -25
-17 25
-10 -32
4 31
-25 47
-36 -24
-17 -3
-17 7
28 2
28 -42
-45 0
23 47
27 -28
-4 -46
-44 -9
-29 25
-44 2
0 -29
-47 31
38 22
-16 31
-15 -21
21 17
-23 18
9 -13
-24 28
-2 -13
30 -15
-48 -10
40 10
-16 2
-9 0
8 -8
31 -38
-11 -5
-17 -40
-32 -31
-24 21
42 -47
6 40
32 41
-39 15
24 0
-24 -36
-5 22
20 -7
-23 5
-17 39
-31 -16
38 -38
9 3
-8 15
-28 4
3 -4
23 31
-45 38
20 -49
-8 6
-19 -2
-17 14
-43 -18
-34 -1
24 -45
29 24
46 -6
11 -38
24 28
-40 30
10 48
49 -42
-21 29
20 -22
-37 40
-13 14
27 -47
35 -26
-13 -3
17 31
44 31
-26 14
-33 28
-31 -44
6 22
-9 -29
-45 -31
45 -14
-33 8
26 -32
37 -40
48 13
-22 -32
3 12
32 -20
39 15
45 43
-27 -38
48 30
-11 39
1 3
-9 22
-47 17
37 -38
24 -19
42 34
-41 -14
48 3
-35 29
12 -13
27 9
32 42
29 -45
-4 43
18 44
-30 39
47 -33
-4 6
-32 -21
-27 -21
22 -3
37 23
-48 -46
-45 -1
23 -26
17 18
-15 46
-8 39
6 32
35 25
49 11
6 -42
34 11
10 23
48 43
10 -28
47 -37
-34 14
47 13
-33 35
12 -18
20 0
34 -37
-25 -37
43 31
-47 41
14 -17
-1 -46
-27 7
-10 14
20 10
-39 -24
12 -21
-43 -25
11 7
-11 17
46 1
-1 20
-23 9
9 20
31 -12
35 8
-21 -32
-19 39
-2 -30
25 -44
1 3
44 4
-13 2
-44 28
-14 -24
25 -25
-36 -3
-32 20
-42 1
8 11
-18 -47
-6 -41
6 -3
-22 8
-5 -26
-23 -28
44 29
-16 -39
-46 41
-30 -44
-35 -11
-5 -48
11 9
-38 -26
-21 27
29 -1
45 42
-25 -2
-1 17
-13 -13
-45 -17
7 -18
4 44
11 -33
-6 -37
43 10
-5 0
-27 21
-35 -32
47 -17
20 -14
41 2
-39 12
1 -6
-49 12
-17 2
44 12
-34 -41
29 -43
9 20
-7 38
-31 -23
-3 29
-33 23
-41 -5
-47 14
2 -49
29 19
19 -34
38 -15
44 36
-49 -4
10 10
-21 26
-22 48
-28 -22
-26 4
7 31
9 -36
1 24
-42 -39
30 -45
-40 -47
17 -33
-36 -29
-16 14
49 -8
37 34
6 -36
-31 -25
-38 29
-10 -42
-46 -43
45 47
-28 -10
44 9
42 -45
38 -21
47 -5
16 48
5 24
-18 -9
-32 15
39 -26
43 33
7 -5
12 3
-35 -23
26 -42
-27 14
12 -49
44 -6
23 -22
-46 -35
-30 -15
3 -42
-26 19
-35 -29
-12 0
2 22
-34 14
-17 -47
-28 -26
46 5
-28 -18
-19 -13
-23 22
2 -41
-21 -37
0 13
34 0
17 -13
-17 -46
18 -27
-25 32
-44 -48
-49 17
-2 -22
8 -36
-4 46
-13 -20
-3 -46
-24 23
-34 19
19 22
11 8
36 -28
-14 -23
23 49
-25 8
-22 -31
-34 15
40 -24
-11 -23
-34 -34
-31 46
40 -35
30 39
-43 41
41 7
-22 21
17 -6
-45 -1
-26 -14
-7 15
18 45
-32 16
19 2
-14 -18
-22 -23
19 16
31 24
-36 28
-39 25
4 -12
48 -12
20 -31
47 -28
-14 -19
-43 -17
29 14
39 -10
-3 -36
32 13
29 40
36 -6
-23 -3
-2 27
46 -15
24 -4
-39 -17
-23 -5
-12 38
-31 39
0 -16
25 -34
-12 -27
-10 -4
-15 11
-28 -43
2 -39
-8 17
-11 -49
-11 16
-17 25
-38 9
-25 -45
-12 -5
-40 21
43 38
18 19
5 9
32 0
-25 2
28 49
19 -21
-48 -47
38 34
-4 41
22 -29
15 18
-48 0
-23 -25
29 -24
38 -13
13 33
16 -31
8 30
-39 47
-26 -5
41 43
-49 13
-7 -27
-7 -36
-8 19
23 17
27 18
2 -2
-25 9
-18 -38
-29 -14
9 14
-46 2
9 -17
42 -17
-25 -17
7 -43
40 -43
-17 -28
-42 24
17 24
-35 -5
46 5
48 -26
-22 2
20 43
-22 -30
-13 29
31 -41
42 -20
-3 -10
39 17
-27 -12
-6 -35
26 -15
27 31
-22 7
24 25
-22 -49
-18 14
45 -23
18 -47
26 33
-21 35
-32 15
26 33
-22 1
-1 24
-47 43
1 -15
-1 36
1 3
-19 -19
-23 30
-40 7
-1 23
-40 -29
-43 37
13 -10
-12 -24
3 12
18 28
4 45
-35 -41
-30 29
22 1
-2 -23
34 10
8 -6
0 -45
-49 24
-14 34
22 -14
-27 -11
-19 -36
-9 -12
34 -17
-17 13
0 24
-29 -2
12 -32
-12 13
18 35
8 36
6 26
22 30
31 -15
13 -34
-18 -27
23 -35
-45 13
-27 25
-39 11
-5 21
-35 16
36 44
23 37
33 35
-41 10
28 -26
1 19
-26 -47
42 -30
-24 -9
-25 34
-11 -35
7 -25
-11 21
-30 30
-37 14
-34 6
-39 -34
7 45
-44 21
39 -30
44 33
42 20
-20 -8
37 -49
29 33
6 -44
-23 10
-49 35
45 -43
39 20
-17 -49
-35 32
34 -49
-34 20
-7 15
-36 -8
-4 -4
-31 -42
-29 17
-31 3
-15 -4
45 -41
-21 -36
43 25
9 -31
-31 -44
5 -20
-44 -35
-18 -2
-36 23
26 28
-16 16
-13 -34
0 35
19 -33
-7 46
-4 -1
45 -15
29 -41
34 44
45 -18
27 -42
42 -35
41 9
25 19
7 -1
19 37
10 36
-20 -30
-45 -32
7 12
4 3
0 -42
-4 -5
7 -28
27 1
