-1741 -1006
-636 -1547
232 -1612
292 -989
814 -469
1653 -226
-81 1250
-163 -1932
-40 1312
-94 -1879
-1479 810
812 -1474
-1121 941
-1380 -1659
-51 1007
1985 58
-850 -988
-347 274
1699 1941
-714 -1332
-1968 -362
-1294 -1237
-709 82
-1573 -47
1292 1019
-1608 1404
-141 -1010
1855 -1304
1089 211
-359 1440
-1051 -1850
298 -1357
1412 198
-1799 154
-501 593
173 -626
-1377 463
-1980 -1814
1048 930
-881 -1842
1579 1146
-1747 143
177 434
-1071 -327
890 -38
-325 1914
187 822
-1866 -507
1790 -1992
1259 -951
1055 1375
-484 226
166 -393
-1310 -381
1663 1032
805 199
-1754 310
1561 1948
-677 101
1842 -435
1458 -1770
-939 -1409
609 1234
-1554 1749
-995 808
853 946
-1473 -1710
-1718 1103
-386 195
989 -71
7 -1256
-1021 662
-954 -652
1548 -957
779 -1719
1757 904
817 16
1823 1292
1596 -802
-1144 1393
701 739
-210 284
866 1278
1981 -1799
-1519 1995
1632 -1062
-324 -1237
105 992
1501 657
98 175
238 -1939
-184 -1316
1523 875
-570 -995
-213 -149
-1475 -471
-609 1547
1660 -1645
-1103 -1799
1791 563
1038 1504
-1974 83
300 -1649
1012 -1724
1347 551
-1741 -466
-833 -190
760 1388
1360 -481
-463 1032
-1115 382
-1962 -331
1388 -554
1844 712
-633 1798
686 -371
1507 1045
1518 75
1868 -1444
1258 -975
1966 -1400
-256 -1352
-634 642
-422 1034
1030 -590
-247 -843
-1511 1755
274 -1976
757 949
-485 -407
27 1676
564 -248
243 -1129
-337 -439
-1962 434
519 1964
836 -19
-565 1304
-1451 -1104
1113 204
845 -638
-1616 -1198
-105 1426
298 -1219
-1750 1735
-1361 1312
1690 1271
-1618 1747
936 254
-538 -1221
-1548 -1725
962 1819
969 -1172
887 1456
-1103 -403
711 79
-1581 1136
-1804 -810
923 -928
227 -1605
1247 -1518
1985 -1312
1300 -174
-727 -577
794 1597
-374 -1776
58 1819
-1372 -1904
-648 -1424
-1165 134
630 944
1835 1474
-646 -1958
-841 -1496
-270 -694
1115 -1130
702 1716
-1872 438
1997 -644
-1310 1112
1742 -486
-170 307
-574 -510
-197 866
388 1310
-1310 -647
577 1771
-1297 -1122
939 529
211 46
-377 -590
-165 -1953
1081 1669
1447 1602
185 631
1522 214
-1394 938
-1039 14
-1944 -1396
-1589 1559
-1658 -1884
1051 1022
-263 -1974
-88 -517
839 -1210
-1994 -599
-1121 -1952
-1052 884
-694 -885
1135 -1055
1598 144
-1766 -1274
308 -1779
-1624 565
705 -1396
-1621 739
774 418
-791 -1135
-158 237
1068 -779
-1215 -1645
-1332 589
1561 993
1593 -249
689 1223
-799 -634
-1633 83
1982 -225
60 1221
-1844 -1922
-1299 1276
1023 895
992 343
1639 -686
934 -6
-1579 -198
-736 689
-1455 1238
1337 -146
-638 -298
-113 -1594
1472 1312
-919 -695
-1242 1158
-1448 -1587
-1643 -777
-1748 1976
1427 223
-519 51
-476 -568
-75 1411
-520 -1253
-787 795
1965 -1268
-1708 -213
1172 770
-1172 -1837
1600 1190
-136 1301
-1494 1880
139 -1026
1267 -112
1769 1849
1820 -584
-1648 -1905
-763 1818
-1838 1610
-1343 422
710 1805
-7 1374
741 227
-843 1252
1664 -66
-1933 771
430 -812
-742 1680
-1954 -111
-1339 836
-1814 1051
1953 1439
780 760
-139 -1478
1996 185
1886 75
667 -1418
-1826 553
59 613
-466 1987
-1289 -1060
179 -394
1160 1657
258 1571
542 -1953
47 369
-1735 977
-1517 330
-547 -1581
-313 -55
350 1677
257 870
1518 -1689
1295 -101
-1516 -898
-1509 -351
-621 -960
-913 427
1159 -32
98 1377
-1851 -664
1932 -16
-1076 -522
1346 -1029
1999 -1127
-283 759
-717 -951
642 -75
-1087 -1892
-858 1437
1936 291
-939 1025
-1869 -1433
-228 -425
1330 -97
-159 -1733
-182 741
-1934 -969
544 -914
-857 -123
1442 1704
170 -1183
1552 -1846
1326 -660
-1596 -394
1244 761
1841 -46
1003 -1692
1408 1186
-1934 -1613
433 -1244
-852 -1715
-1871 1449
-1302 -1620
1296 237
1511 984
-364 1621
1987 -947
-809 -787
633 -1759
1146 561
637 -816
1939 -1253
-318 1374
-413 -261
-1358 -374
158 -706
1412 894
-518 -1065
-1166 1077
446 -505
-1490 435
-297 807
1329 -1595
-937 -715
-1440 1809
-1416 -551
-1389 898
-1895 942
1942 -925
-96 1084
-1972 879
-811 734
-108 507
-715 -1933
-512 -1992
-1322 769
993 -1638
-514 -1734
1088 -285
1436 -262
-601 -678
136 1052
-1536 -856
-841 -1852
-1005 1517
409 -40
604 975
268 -1284
823 1017
-1852 1200
1934 -1451
-590 -456
1993 -332
1977 171
-612 -1354
-452 -1274
-629 -822
1902 -923
260 -644
693 -1973
288 -647
904 1813
-387 -611
-1733 -1726
-432 -656
-925 -718
-1034 -1760
-893 94
-900 1818
-1228 -783
-916 -411
166 655
-744 941
337 -269
583 -663
-118 -1976
393 57
-1117 -1332
-845 652
1246 -192
1728 1955
1652 -61
-857 -566
-1397 1717
1832 -374
-1502 -1042
-1723 573
1165 -1332
-1985 376
-1043 -1665
1287 -1589
-705 87
-1121 1221
-1529 1951
1200 -230
531 -1938
1286 -1584
1242 580
50 963
-587 1943
27 -968
265 -836
1807 -822
-1915 -1901
-572 -522
19 913
-748 -416
-280 -1606
1190 835
370 359
1589 620
1768 -1911
-275 -89
1174 -1502
-1448 800
1049 769
1212 -108
104 -1835
1764 -561
-304 962
-286 1507
1221 -1203
1135 703
1974 62
533 569
803 -1305
-963 -621
998 228
-1842 -1211
1937 1957
-1958 -288
-657 1875
987 -236
-1590 198
-1010 -237
574 -580
166 -967
1391 213
-868 -1376
1727 -1109
745 -1936
-554 1716
1133 911
1721 -1920
-1536 1092
-632 -1698
699 1922
1751 -1149
-1599 -1307
377 -242
1578 1836
-1338 -1751
781 -1041
-826 -1106
-278 -1642
1311 -1937
181 211
373 -1011
-643 198
960 1470
1410 98
-156 -955
745 778
-314 -1589
329 991
1449 -1059
385 534
1831 -1680
-1119 562
727 -339
1426 -755
-1461 1884
588 1444
-1994 -1271
1066 739
332 433
1786 -1153
476 1972
-1307 1400
1814 627
-1139 -1969
1755 1792
1528 -1168
-543 1070
749 -1467
415 1035
1563 -1893
518 498
984 -980
42 -1350
-1486 1962
-1890 -1823
526 1679
-1696 -1761
599 349
393 147
1666 23
1551 1661
-106 -287
-1022 1973
-1743 -1001
-1507 -1171
0 1407
-1521 -389
541 1299
-592 1817
-1157 -364
-1710 1056
1844 -1225
472 459
-1670 -1713
-1428 415
-614 807
1665 1538
1636 -918
-533 1012
-1509 570
-197 -1259
-96 -1582
-429 -790
-1539 1043
-808 1489
-902 -722
661 1551
-640 -317
-557 -181
-1202 1628
-1287 895
-1998 -367
934 -588
-313 -325
-1805 -1846
-1614 373
1464 1959
1503 -631
-302 1291
-1149 1690
-1411 -1032
-1777 -1433
-128 -1767
-775 -139
1167 157
-1770 1212
-289 1296
220 -53
-1352 -1393
-1745 1965
-1801 1817
346 1080
1568 -243
835 -1381
1324 -1416
609 641
-156 -1557
-1932 -1249
1486 740
259 207
-1705 1079
1412 -42
-695 -1205
-148 1177
1987 -857
-1668 79
845 -1645
886 -1050
863 1086
1502 -1192
294 263
303 1548
189 -1156
1392 1060
-932 -247
-924 -401
349 -1960
1953 1516
1398 -1749
1184 -478
-1525 -1927
197 -1297
-596 -1486
248 857
1448 1184
-574 21
1648 -1313
42 -402
789 -1313
-1129 115
228 1957
203 422
928 -549
-473 -53
372 -559
-628 1726
1401 -1165
-1079 -1008
1601 919
1037 -1662
-1530 -836
597 1950
439 1102
361 -204
681 1920
1092 -1662
1707 -1967
-771 -886
1896 775
-1867 -1639
-1594 1274
1800 -121
283 1599
863 1483
1201 540
-153 -1388
804 610
-159 -950
-452 -1615
-1899 254
-285 775
-429 1356
1431 -391
-1087 1691
-1429 -374
1350 594
-214 -984
-1520 -813
291 -1380
1187 -1991
-1437 -1835
-108 627
758 1186
553 696
498 -1253
1279 473
-1507 -391
740 -1574
-417 1246
-1671 290
1913 -139
590 -137
-1769 -1489
1415 -1235
-1301 -1429
-1641 594
-1793 -1128
632 92
751 -776
-526 356
-717 -1530
981 -1368
-681 -245
970 -169
665 -587
-1015 -1300
1729 683
351 418
1203 -594
986 1422
-1681 -92
1643 -617
-612 -496
407 -490
1015 1320
421 1739
-835 1622
230 1864
130 1373
-1441 -705
572 446
-43 -1104
-1151 -1260
470 217
-772 -627
-671 446
1952 1205
-375 1536
-346 1141
62 -786
280 943
1065 1960
503 785
-131 1555
1446 -1705
-1259 1396
-1348 1534
-1985 578
-1676 -785
-620 -1426
203 -670
711 -612
-178 511
1693 -850
-582 -1426
-423 1402
1469 -1978
665 -301
-427 -1228
1436 1618
-1693 1867
-305 1975
-1229 686
752 1705
-381 -68
-1641 824
726 1665
-1082 843
-1982 -310
561 -1842
-478 -1228
-309 -821
-1613 -453
833 361
368 -649
-948 -217
1211 1809
-459 1540
-613 -296
719 27
-196 448
-1211 -15
-1597 1463
1618 246
-63 1770
-237 249
-199 359
539 -1424
-588 1166
-715 -1761
-565 -1027
286 1877
-1934 51
350 -315
608 152
-1456 -373
1741 155
408 -588
1163 -1280
-242 646
726 1299
-1844 1774
-1343 -1909
1281 1603
189 1789
593 -330
-329 -513
51 1121
1118 1586
1145 -1505
267 340
-933 -1554
-719 1374
565 462
1585 -432
1929 499
-1276 -320
-573 1655
1615 317
721 -1725
1323 -825
-55 -804
1156 1867
-532 -1597
-1094 -1681
-93 -1044
-1019 1284
466 826
-549 1454
-1529 -841
203 -1495
1754 -1553
-101 1524
-1401 -1703
-1098 -534
-1053 -354
-936 -1464
-112 728
963 937
1748 -434
1189 1908
571 -1631
-1782 1684
394 -952
1648 1870
452 -161
1828 1607
-1739 -892
-707 5
1530 -503
-1 -495
-51 -152
1000 -1867
94 -295
1971 1088
1083 1696
904 1622
1045 755
-631 1898
-904 -145
1830 -1679
-1788 1825
863 -1238
1262 -142
-536 -802
1420 1353
1218 422
-739 -874
-1241 -123
107 -1754
-1314 1002
506 408
1091 -820
-1800 272
-190 914
-457 -2
1706 -175
71 -917
-377 880
1738 -1382
1926 1424
315 182
-1732 -301
579 -129
1680 921
-902 1320
54 -620
-1213 -1872
-1152 599
1878 1618
1968 -1681
563 -1232
-1068 821
-759 874
-359 -1871
-786 -1359
-408 -387
-391 1419
-187 -1226
1394 -345
-473 -1737
618 1907
1285 1654
-1704 1376
-1741 1050
1901 1442
-607 1276
-1028 -471
-1706 -1735
-946 1429
1999 -856
-1869 -1709
-1791 -1364
-453 1532
-1952 -1474
-376 1269
-1837 -1661
-1644 -851
657 -275
1896 -940
348 -1303
69 -1238
-186 496
690 256
-95 1722
-762 -1404
635 -738
1239 1832
-1191 1658
-267 -1064
259 -259
1233 -243
249 -376
-1113 1513
1345 667
-1183 1749
-1984 1543
-835 -1637
1216 -790
889 1069
399 476
-841 1506
660 1734
-32 -781
1144 1491
633 1893
1395 585
873 -1552
-1062 226
1429 -1038
-1772 469
-469 1970
-23 -709
959 -781
901 -863
1107 769
-880 -383
-1923 -765
1676 -40
1801 -1131
132 933
-1924 1437
1629 -919
-495 1994
558 -1506
-1397 97
1709 -1257
-367 -512
-292 176
1217 -105
1556 -533
-618 -1629
1304 1137
402 -1542
-1905 697
-1332 1459
-708 -1877
-1241 1271
925 574
-975 -1589
311 -1403
-1829 -1665
-1464 -1549
723 -414
1383 822
1694 959
-1682 824
1380 -361
-1709 -1958
1947 -1886
446 295
309 -1292
1189 880
752 682
-1389 -1788
1902 -1901
-1038 1139
1807 -947
1606 -1369
285 357
-1178 1088
-848 397
-1161 -1754
528 625
693 1433
1183 1064
1708 1911
665 1155
-1121 -1936
-997 -1547
1933 -1587
-198 1890
527 -1249
841 -239
798 116
-1441 991
-576 -86
-652 -1984
358 -850
-863 203
605 614
-512 -1243
608 1734
1250 -1043
343 -93
-163 1767
-363 -662
-785 -1916
-1027 682
1016 -744
-1224 259
-1573 -947
1112 166
51 857
-235 -1690
-1467 1600
-1215 187
-1595 878
1950 209
-466 -339
1935 -625
464 129
521 -1632
85 472
1896 -1590
240 -218
-192 653
-1713 771
-1718 -1506
-957 1609
662 1828
-1811 -1063
846 -1851
1897 -1979
1927 -1739
-1685 -1003
-1180 -1492
1486 262
1011 571
-555 -616
-771 225
-655 -1806
-411 -142
1938 324
728 167
-884 -1987
1437 111
-150 756
-1544 987
-398 1339
-1564 -1490
106 662
413 -231
392 -1972
1723 181
34 1715
916 -1160
1831 -1887
49 -886
1454 125
1600 -1070
-1915 1273
326 1834
660 -1431
-482 -216
-922 -787
-1603 -495
-1484 1106
-1170 -1606
-1929 -670
1030 -937
-60 -31
-379 -23
-1366 -911
1178 1078
1064 103
-1664 1844
-214 1472
1483 923
-697 375
-631 -694
-934 -1097
-1931 -1064
-1388 -686
-1683 -263
-1693 -1972
1631 -1808
-786 -1716
-1597 -26
1863 -1237
1835 1535
-1970 -5
-1399 -856
-1919 1977
-1959 519
-887 1213
968 106
-258 1217
365 1865
-1680 -409
1697 1618
290 -1151
-1888 -1879
-489 -525
-582 375
-427 22
1566 -1871
526 -1377
-759 -926
1864 -1149
181 1958
217 -1315
91 1625
1968 166
1171 1945
-1212 -649
1818 1673
121 1292
1517 459
714 1065
1606 -463
-501 -833
-576 73
-1477 -1811
-1790 -256
1064 1257
204 -1261
663 1493
-481 -1718
-450 -374
659 -360
-229 1899
1983 1697
1308 545
916 -1659
-1435 324
-611 1215
1825 -938
1778 -1111
-342 1549
-479 1975
1648 881
-1413 -503
-1457 -1018
228 570
487 -1006
-393 1450
11 -1778
1397 998
-1724 1390
1963 -104
-713 302
-1651 173
935 -696
-857 116
-1882 -1491
-817 -853
1624 -1667
-943 -23
-879 -337
1586 1169
1230 -145
709 139
-1386 1760
1608 -1261
868 1114
-1526 727
-778 859
-68 772
159 -619
-20 42
520 1101
144 42
48 -1445
653 7
-1028 -1240
-1460 -1975
1932 1637
-1096 -51
1425 210
1950 1286
-146 1422
980 1381
1456 -1287
-865 571
-464 -1173
1522 -578
790 -124
233 701
-973 -761
-1201 1471
-899 -1264
-192 -1542
-1294 -1724
675 -1174
417 297
-18 -1436
1425 1344
-1691 1821
1447 457
-803 -1072
561 -1610
1592 -1801
38 1179
1098 1264
-1282 231
-638 -719
-924 -1167
-929 257
869 -131
382 -356
-1939 1564
926 1389
-1289 -853
137 898
1656 615
-710 -1412
-51 -1814
-587 -768
-559 1448
-1846 -181
1338 1947
1721 1343
155 1606
-834 1781
1214 -661
1569 -1574
705 -841
121 -166
269 -758
566 824
-827 659
-789 292
373 860
1425 1015
-1884 -1511
-485 -749
170 775
-1158 1543
1420 459
1274 1051
-754 96
-718 1569
962 -386
-1551 -1439
-398 99
-1315 648
-1652 1057
1074 -1630
-1765 -249
109 -596
8 -240
1942 -910
1557 1493
-1671 1712
899 179
-884 -147
1441 695
-616 64
1076 1639
-1215 1176
1648 -842
134 -1276
420 -1700
1 1334
407 45
1797 -1670
1764 -337
-212 358
-84 -1326
502 -1405
1698 -1528
-1862 827
-1489 498
-1122 720
1313 1901
-562 -419
-1700 -1272
-320 183
-1852 -1061
-184 1485
1994 942
-513 1532
1609 1827
-1072 -582
1733 -901
1460 -169
-868 493
-292 1580
-360 -1671
-785 -1615
1330 1811
589 309
893 912
771 1414
-568 -1377
1727 1502
1079 -1189
-1338 1277
1229 -1607
-290 -1184
-1423 1164
1149 920
847 -1606
-1695 1767
-249 140
614 1170
-1438 -692
-260 -115
1725 -492
113 -473
-49 -1868
-1968 -1955
-1513 -650
109 78
649 -1707
892 -863
1093 -701
422 -796
-38 -156
-288 -800
-245 -327
1384 675
-406 1643
140 1164
547 919
1229 -1170
787 413
-1204 -1650
-1471 -1247
-267 1421
-1886 546
588 -153
-1983 1361
-884 825
1181 1572
205 -1061
-194 108
-1770 -796
543 -828
247 -1315
73 -1928
1030 -1699
-943 615
-447 1826
-1238 1861
1368 1488
-1041 536
-1798 1142
167 -933
-893 715
-63 -94
-1253 -606
1551 739
-426 1993
442 128
153 1013
-1514 1313
1379 61
-462 1123
1991 -1339
742 1331
-1392 1876
1501 1299
1374 -1202
1463 -620
385 -444
-1491 -1701
-1824 -578
-605 623
-126 -1565
-389 -1579
1032 -1905
-1065 -1665
1659 -1150
-703 -405
-350 1403
1778 1788
1603 -676
-90 1807
1923 12
915 937
-1880 1755
-839 -131
-600 -1577
738 -754
-1062 292
-966 -1592
1581 1594
43 -928
338 489
1323 1991
603 1575
-314 989
895 430
86 -1744
786 259
1638 -544
718 -1575
-1735 934
586 1435
-754 -1822
-1760 933
750 690
-538 -1744
-582 1617
1536 1366
1154 622
-840 -736
-1463 -13
222 1383
545 -1653
1958 1133
-1151 -1864
903 -657
1428 1550
1354 1242
1091 -263
-1763 -455
1221 895
1737 235
-1859 -862
-1407 900
-1496 1170
546 1716
-578 -1719
-1659 675
-1706 574
-563 1196
874 -920
-226 1935
-369 1038
-33 1458
217 -1349
686 -1643
1717 1457
325 462
-1717 -226
-1371 -982
1893 -1267
-1392 -1057
195 1985
-164 831
-293 -1487
1160 -172
-844 -303
-132 1246
-1656 -1471
-482 635
-1417 -1289
-38 867
-310 407
424 978
1404 -445
120 -1379
-1721 -1146
-1511 309
238 989
-1054 -872
407 -1904
1953 -1932
-751 -1884
-764 910
-336 -1510
-871 1357
-576 -1560
-634 -935
1153 1156
1965 -1711
58 310
-541 1064
-318 -440
332 139
-1796 -887
371 -681
-1850 -93
1465 472
829 -405
-1495 1120
1442 1264
-1861 335
1500 1743
453 1647
-1931 -720
-1947 1706
-1702 579
-1478 -1368
-1183 -1603
-27 311
-1224 1265
1099 355
-1307 -1537
-888 1954
-1299 -70
942 -389
1415 -1389
1292 -489
-1641 1581
1343 -748
-1285 -1693
-1601 706
1173 -480
1233 -4
1718 463
-1383 1851
420 1614
1209 -1888
-1319 -1501
-1985 -365
790 1865
1524 1619
-1672 -1773
938 -1852
-1422 615
36 -1332
-929 -1500
1771 1267
1243 1816
-860 704
1375 -552
1545 1536
144 738
-299 102
1523 250
1948 1684
-837 509
1004 -1132
-1935 1295
213 1933
-974 880
-1271 -1931
-803 -1358
1435 -779
-1924 -402
1964 -1355
354 -341
1802 1489
-756 -211
-700 1212
-1726 1746
1276 1183
-1987 1735
974 1527
782 1015
1237 1076
-884 -1564
1134 -771
607 -1175
-408 -1401
-1251 -662
1186 -1481
-1567 -933
882 -221
-1939 -349
282 413
1505 -1912
-102 -1043
-1319 1597
-65 -799
1035 -1864
-1696 1403
56 -969
-1204 748
656 230
-1182 -1016
-640 1773
-1402 1317
1222 1334
-1574 -1989
-266 1102
-710 -1510
196 1731
-819 -572
1647 -1259
-1637 -1116
905 1491
72 454
1108 -1236
-1597 277
-85 1915
-1489 -146
-473 -1190
-127 -1209
1806 853
-1091 1936
-1040 1976
1139 759
-396 -217
-1089 -535
1542 -191
771 -52
127 1541
759 584
839 1741
-1891 1733
-1455 -1398
329 1929
1891 -568
1133 921
-640 781
-665 -960
-263 -679
-350 798
-1859 273
-769 -1769
-852 1855
-1213 -1894
-773 897
329 -940
-628 -1259
848 -469
1683 -545
-1363 1524
627 615
521 396
-1217 72
1926 1140
-1870 553
-550 1162
1263 -549
-419 25
-1599 -243
-797 -1612
-362 1868
1685 -846
1643 -1135
651 -204
1821 -127
-65 1892
-1062 -761
-1243 -1917
-669 1518
-181 -7
-1986 -370
-1201 -891
340 -1939
-1360 -1858
397 -1382
1057 1114
840 -1015
863 -1753
1660 -1790
1959 -1402
-1821 -1728
-685 1571
-438 986
706 1496
239 777
-256 -122
-166 -1801
1401 1320
539 -1365
-731 -297
-1601 -815
1693 867
-1514 542
-1780 922
-253 1517
-54 1164
1086 1869
1892 -264
280 -1732
1955 277
-642 415
1729 -793
-1640 -235
1226 -372
1700 -227
-1550 -481
1831 253
-174 -1536
-474 -864
-1374 1068
801 842
1826 -1889
1366 1470
1251 -1459
-1579 1120
367 -1337
771 936
-209 1113
1434 844
318 -268
218 -567
-1771 -1070
1294 -1917
-392 1924
-1659 -811
657 968
1554 -793
1182 -1345
706 -744
-1113 -1526
353 1123
653 954
-560 819
-387 1059
1735 -869
-379 -1073
-79 -790
1657 1653
-1437 -1199
-299 456
1870 1493
-1211 -595
-1185 -735
1269 844
-957 1556
641 -1303
7 308
-61 -1998
-1185 1555
1252 -578
1519 -1347
-1214 822
-54 1625
1733 -1363
1588 -183
-663 -586
-256 746
-1419 752
-1269 956
-659 -1216
-1065 654
-1848 -1600
-1638 1066
-1671 -1338
1480 1679
-1175 -900
-1613 -67
993 -933
-378 410
-657 1896
508 234
1385 277
-597 82
872 1081
-962 178
-40 -1154
-1050 1555
-712 -857
-41 1061
-1524 -1718
774 -192
1192 104
25 -851
-1230 -1932
347 -205
-1801 -624
644 254
421 1628
-1764 -1393
-1024 -751
317 431
1317 904
37 1779
-405 208
-1596 1139
-1857 167
1416 -1329
1662 -833
-27 294
801 -1280
469 -1215
786 -1217
512 1593
-208 1116
705 -64
864 1000
-1749 1491
-1449 552
909 143
-1266 -1053
-1130 -1763
-224 -1944
1144 -1847
674 -1678
-1635 340
-249 1119
-840 454
1304 444
-1181 887
1678 -1566
478 1727
365 68
867 1062
52 326
-1578 -1449
1922 123
1602 -708
1063 -411
1335 1320
1489 -1481
-310 -609
1075 297
1298 -1768
-396 -846
-1528 105
-1828 -710
-447 -1780
1351 265
-1194 1439
797 1926
945 769
-1619 -1732
-1578 155
-1491 -1213
-1360 1465
-1111 -1788
-452 -154
841 -1067
-650 -825
128 -987
-419 1957
-673 382
385 -237
-1069 -1415
561 1169
649 -558
-1243 225
766 1019
-1772 1502
-9 1517
1605 -1866
857 958
396 -1436
543 1077
240 268
-138 1286
1461 -1691
-1761 -629
-973 1357
1639 1299
745 -289
-315 1570
-593 781
1619 1479
1502 1737
-1664 -26
313 -1838
-720 20
312 17
-1083 -1116
1241 1702
1262 1246
1640 -417
1106 1845
-758 187
-1365 1057
1335 -909
-1496 -1152
103 -1475
-1195 -448
-181 -1090
1879 140
999 1714
1631 -43
-1260 -1542
756 321
-1154 1157
-1789 -1981
-139 1179
-1702 1308
-354 -1842
-119 -1020
1932 -1429
-449 -139
1092 551
1951 295
337 1619
-1961 -1725
1688 1319
-331 -775
-754 1068
-1266 1904
-1355 1090
-1055 1432
-922 -1120
414 136
1828 1423
1348 -241
-989 -1697
1427 476
33 752
-107 1273
-685 931
1869 -1629
820 1898
-880 1775
1276 134
211 -1591
-1789 1024
-1994 -131
-525 1257
-636 -440
-511 934
-801 -244
-1826 -8
-1788 -1934
-619 598
1112 895
607 -716
1643 -1364
-1120 1806
-1622 1654
908 -1805
-937 1600
-1026 -1175
1176 1103
1457 -908
-1581 -1366
554 1960
978 97
-590 551
-226 -1282
-1240 -1074
-817 -231
-826 393
1406 -1034
1024 -1132
192 595
603 -1793
481 -45
-898 990
-570 -1836
1662 -229
-710 -1791
-1678 -1363
1812 775
-657 -1229
1089 1473
349 -1281
-795 -952
1579 177
547 1411
716 1405
358 -1376
-38 -1296
-1194 -621
-622 1940
-142 165
1961 -1288
-1811 1907
-426 1486
1589 -255
-1512 -1030
562 -459
-742 -1102
1252 -225
-497 -1348
-1633 -342
347 283
1409 1643
-521 1956
331 937
-1920 292
1623 168
-537 -240
-1105 -1906
1719 1970
-838 1014
1507 -339
-666 -1481
-1096 -897
812 -764
231 846
-360 1491
872 1937
-688 -1950
1292 -864
-871 -426
-1139 156
899 19
1515 607
-1179 -1153
-1085 -1991
-472 -242
-1541 -790
1603 -377
-607 1481
-1773 302
-1822 -1281
1184 276
432 -1589
-852 311
-1053 465
1854 -172
-373 1412
807 202
1714 -799
82 -67
1194 524
-1967 395
-944 -1507
-53 -95
-1100 1468
1132 1783
-627 -1945
-570 -573
1988 -1610
-182 -419
135 -1608
1577 567
-1586 -1002
