731 2661
-2348 -528
770 -1084
1851 -1831
133 2406
-2162 -1977
-116 -1068
64 1821
-1484 -430
1811 -738
958 -797
-1102 -1058
1528 877
-2469 -1552
-970 1774
-2492 2317
-191 -1673
-1319 1180
2468 1812
-1823 -2778
1544 2285
-2649 1335
1652 2022
2169 1560
-802 -1037
2118 -2253
74 -1721
1068 376
1313 -935
1620 1185
-1265 -2452
354 -1863
-1458 -1386
-2516 1376
-377 1810
1399 2466
-2414 -857
-116 -397
311 -527
-1738 758
607 651
-1989 1040
-2099 1566
2229 -1872
-598 -272
-2505 2382
-491 -957
2116 1730
-933 -1372
-106 481
-1246 -1159
-753 324
-2300 -1085
2287 -1229
2234 1036
-76 489
1224 -553
1263 809
1041 -822
755 -2425
2682 -2480
-1837 -1507
2109 -2318
-2006 1613
2309 -1045
-1740 -2527
447 2408
-2534 -954
516 -469
-2052 554
-1348 -2094
-2520 1307
-1901 2356
198 -12
2335 -994
2464 2323
191 2782
-827 -2578
-100 2700
-2287 -1244
-500 2646
-553 -1141
-1953 -2039
1809 -1346
-282 -547
2335 560
1090 2215
1121 1549
1469 -1726
-420 51
2651 -613
-2306 1652
-2324 382
-736 559
-1817 -2634
161 -15
-1309 2409
-1754 1053
141 -1360
1421 1496
2508 2011
1570 -984
-179 -1636
-561 2632
383 1860
323 894
475 2363
1379 -1430
-2436 -453
19 -2601
1353 -2619
-2580 1583
2276 2785
2576 2149
-1535 -2347
-1595 1798
-917 -1259
-2431 1683
2095 2115
-2246 -1043
2513 -1959
-2594 2102
-290 343
-656 51
2732 1101
1328 757
1435 -1298
2582 2289
2713 -1053
-1505 -1707
-1216 425
-385 -993
690 -1082
-1396 -203
-1005 -2079
1847 2796
2575 -121
1561 24
2060 -2232
2365 -2499
-725 -291
-1762 -587
1625 -452
599 895
2031 1675
594 -1745
2794 2173
-1370 1339
711 -1103
57 1776
867 819
-2505 -2190
2545 1472
797 -2550
836 561
871 -1009
2268 -1299
1605 1710
2038 1413
1300 845
-841 2155
-2580 211
2613 456
-1661 2737
-1285 -2351
179 -843
1379 2162
-1411 330
-319 -561
1692 -2118
-1462 1408
-593 1316
2144 -1681
-1439 2204
-1953 278
-1371 -562
1033 -243
-938 -2087
-927 -2059
1317 414
-2066 2494
442 1110
-1052 713
1476 -1131
-1665 -1005
-693 1210
-2152 3
2121 2646
2053 2148
-1644 70
2425 1622
-1533 820
1529 -2378
2171 -542
-990 965
1610 2601
-1471 2644
1692 -2425
2791 1567
2287 1412
775 -945
-1118 791
-368 2316
-349 -235
635 2560
1223 2132
1697 -2368
-2529 2394
966 -348
1161 2672
2761 2699
311 -1499
-2140 135
1711 2169
1169 -339
-1137 123
-594 1108
-249 -1288
2322 -1143
2192 -2074
-1413 1140
2230 -708
-2128 1818
2501 -589
-968 -2303
812 -121
-1341 1304
144 2432
-2248 -2635
-232 1328
-1772 -1720
-311 -959
-1621 2709
-2556 72
2722 329
1190 -297
1026 2530
2136 343
1188 1025
1053 2166
298 -661
2277 873
-1882 2700
1441 -1415
1962 -2772
2573 19
1838 976
622 -1626
-2583 -2035
-1610 -2540
-1814 1906
-388 838
-1131 -1533
-2754 8
1862 -1559
281 -1388
-1256 1079
1691 1298
-666 2320
-473 -837
-1749 -943
-1959 1667
1645 -719
2230 2607
-571 1819
2427 1614
1419 -723
-1168 -1312
1985 -1989
-1335 -1248
-772 2010
240 2342
-2736 2129
1369 -2782
2773 1877
294 -2461
-2153 1556
-2367 685
-1094 1007
509 2000
2729 -2656
-2096 715
675 515
-1890 2075
978 -2409
2556 1608
-1323 -2551
2106 1199
594 2790
18 1090
69 -475
-2007 1200
-2085 1538
1727 -1210
-1467 -1629
1423 280
256 2018
-2613 -551
-261 145
1073 -2259
-2454 -2760
998 1610
-1196 1048
1012 2474
-1569 -1355
1142 -2455
-2089 -1782
-803 -1101
1427 -338
-35 329
2540 -901
-2368 -1053
2588 1023
1964 -2122
-2274 -605
1197 2183
2647 1426
-165 -1792
2352 1897
2677 1100
339 -1458
442 1352
-1463 -1324
-2202 2000
-771 1966
1006 -2187
-714 -2662
2620 -232
762 -474
554 -274
-1727 -137
2281 -2676
2480 -1102
-1266 292
553 685
2235 -343
-717 -815
2629 -794
-1568 -658
1778 -2364
-1695 413
2090 -1976
-1090 1973
2230 -2516
-2305 -2038
-1389 -355
-2265 -1420
1137 1939
-1362 -90
640 2625
-1929 -484
-1930 1766
-1867 316
421 -714
-383 -2252
-202 -1555
1049 -383
-812 -847
-2616 -864
2793 1900
1791 2326
-2178 -108
2771 1267
-338 -1078
-718 2069
238 -2742
142 -1277
1439 1295
-1610 -1091
-240 -1759
-60 -1126
1962 -1469
2735 184
-1445 -2679
-2050 111
2255 -206
-422 2262
-374 400
-1055 -2196
1522 -1677
510 2371
1798 -2441
1124 676
2711 952
1502 1543
1601 -37
1574 2509
-1981 -1991
1581 254
1689 99
363 1057
1911 2205
2505 943
-1093 1460
-888 683
-963 1005
2728 -570
-761 2034
2436 -1800
592 -1312
383 -992
1937 2153
-1490 -2381
925 952
-984 -1570
-2707 2237
2740 115
2734 -2057
-22 1561
1509 2185
-1985 878
649 -2705
409 2719
2375 -1241
-1702 -2024
-843 -2108
328 -1728
-1210 1108
-960 -2702
2236 -2053
1349 -1885
-584 1987
-804 -885
-2490 -1920
-2238 814
-1664 391
1077 -2099
-1779 620
1267 -1588
-2616 -808
2077 561
676 2193
2133 -119
618 -2115
-735 2339
1682 431
445 2054
-2582 2023
1285 1092
-2043 -2147
1811 592
2455 -530
-1404 -2337
-2705 -1427
2027 608
-1751 605
1235 -1396
-143 465
-2185 -857
2529 274
2776 -206
-1051 -1941
578 2669
2524 574
-744 -1995
1669 1565
-2115 -1336
-1988 -138
-2669 541
-1607 547
-814 -2416
-1174 312
-2338 -1159
1860 -1985
1322 -90
-2521 -1813
2553 2127
-1941 1432
1911 1795
582 739
-2519 -969
-359 -1518
-243 -2436
2525 -2468
-2495 2038
2085 -2799
1186 215
-910 82
-976 724
2542 -1213
2264 1769
77 2011
-2142 -1806
1949 2268
2160 -1786
1412 -1183
905 -1307
1993 1727
-1957 -1920
1798 643
-810 442
-1323 -309
2785 2226
-804 773
308 -1174
-1921 164
-580 -168
-1003 -1598
1321 782
-2738 2134
-339 -1005
-33 2027
-2706 2363
-2087 -1008
16 -261
-1776 -2768
-1096 290
-1518 1932
14 -2183
532 -1648
362 -2152
1594 367
2057 2710
374 2643
2645 390
2107 -2197
-2162 -1371
481 -2759
2462 2782
974 -176
-1975 2691
-1114 2676
-1199 429
1909 243
958 703
2576 -1883
-2560 1038
-398 1648
-942 1517
-177 433
887 -1218
-2338 1599
-127 -1230
-2759 -506
536 2760
679 332
905 -196
-528 2183
467 277
-1056 -2402
-1286 -2641
1150 2326
-2659 3
-581 -1903
2223 1842
626 -2551
-1039 -854
1136 1555
-827 1365
1519 1121
-2421 95
-620 -315
-389 -1861
-2428 1047
114 1886
-1978 -1932
1763 2441
-722 -777
555 -486
-386 -1566
1405 1145
-242 -2475
-480 -2339
164 1352
-762 -2402
2749 675
-1758 1887
208 1208
1417 2646
1785 -2063
1967 2204
313 2682
-1458 -1961
2633 -1747
2009 -1079
1021 -184
-585 1139
-2326 -973
2260 -1140
576 74
1326 -2584
-1730 -345
609 1041
2015 -1914
-1648 1251
-2568 -1240
-536 -2064
-2193 1067
1800 -2499
-390 -508
-2195 -2633
2386 2228
-2055 -822
-1673 -1771
2608 -1214
2783 1355
-871 -1120
2083 622
-1961 -1009
1294 -341
-1398 1734
-2352 -1655
2640 -2595
784 -1896
-817 -1323
-1239 -1925
-1038 397
-2614 1892
1686 -2158
-632 -318
-2586 -2443
1960 1530
-2769 -1911
-987 1135
-800 1796
1112 -2477
-2260 -2776
698 2710
-267 213
-495 2766
383 152
464 1212
1764 -27
1058 -2743
1445 -870
552 -9
-2357 2126
819 1580
-2619 524
1053 267
-876 868
-956 230
1739 281
-916 2342
-1436 709
81 1582
1723 2088
-2024 1820
-1296 679
-756 1998
-2134 38
2346 989
-2326 2449
1397 -1910
-2637 183
-1266 930
2045 -125
-1105 2187
989 -12
1237 -2732
2137 -1558
167 676
2516 -2745
2281 -1659
2014 2540
201 -2172
-1459 753
333 1914
1986 -562
-1767 -2013
2459 -681
-2134 2402
842 -1752
1440 -1245
1717 -1170
-1361 1124
2434 -1175
-369 2020
432 2665
1160 -832
1428 2032
-1946 680
-266 -2565
-2186 -1421
-2743 723
943 1096
-876 1569
1704 -148
2680 -1493
2152 2742
-2794 587
1514 1842
-2000 -1597
1439 -2118
-528 -2576
-1968 471
1708 88
-795 -480
-2502 -1194
-2582 744
-1351 1024
2216 892
-2757 903
99 2056
57 -1842
1528 717
2005 -377
-2452 2113
1739 -493
2739 273
2528 1946
1814 -976
-4 320
-222 -2663
191 -665
-295 500
2311 -2496
-2422 -2158
1010 -46
-746 134
-756 -186
24 295
-2037 -440
1579 -334
-284 -1681
-1465 -995
-239 1812
1383 818
-1847 -2580
-1957 -2453
-2401 -1373
-2425 -1964
865 928
977 -2644
-2008 1749
2477 -734
-272 303
-16 443
-772 -220
316 2539
934 2334
-2032 -471
-2442 1792
-2574 -2500
-297 577
2648 -2607
-1356 -192
68 810
301 -2164
173 -2060
-7 -2738
-2055 1413
-2542 -2017
-2233 2376
1078 100
-763 961
-1057 -1177
-2797 589
-1491 -2713
2088 183
2579 2292
-2545 -460
-2286 -1886
1576 1733
-930 -1907
-2493 -2457
1326 -868
-1753 653
682 1445
-314 -540
-2660 1269
-1907 2215
2017 -2511
-1497 1276
-430 -2437
845 1884
-1137 -1014
-2645 2677
-1630 -1127
-2758 -2064
2174 -142
1681 1304
85 -1587
-2651 2292
2401 438
130 2107
-807 1246
1420 -276
-2436 1734
2713 -1731
-2766 -7
-254 -2662
-1675 1804
-883 -882
-726 -2303
-233 -255
-2533 743
-1447 2707
-1596 1103
1746 -1400
-1002 -229
300 2480
-596 -1508
2442 -489
1901 -1876
-2461 1288
-305 -711
1268 -1377
-2626 -1554
806 1795
-1702 1265
1620 1855
538 -823
1696 -276
-1472 -1110
1420 1924
-911 -1376
336 2185
-465 2249
1971 -2311
-533 -2363
-2372 -453
1218 -1859
-1616 1789
-202 358
220 -135
-1952 -886
240 712
211 2761
-1998 1165
285 -2726
-1809 823
166 -732
-1550 2176
-636 -559
722 -1475
994 -58
2047 2392
2712 2451
-1998 -316
-296 1758
316 -297
1580 -1582
2239 2075
637 -1158
1038 833
-46 318
1873 1583
240 369
2650 -349
-1096 1345
-1389 314
2320 -1751
-2028 -2634
87 1175
1032 1765
-538 1641
-756 103
-1681 -1417
1014 1996
-2417 -741
-550 -2131
1721 2379
-163 -1651
-320 -2694
-916 -2448
1818 2091
1060 -536
569 2373
-645 -756
2033 -2045
640 -657
1053 -806
-1426 2483
1771 829
545 2798
927 2520
1922 1695
2568 -1957
754 641
-1140 672
155 -1336
-2157 139
-1287 1552
548 1600
-2586 -310
-1219 -645
-1299 -616
-1193 1800
1728 72
-946 2380
1406 2441
2556 2154
-423 -821
920 -938
1364 687
2797 202
-1135 1117
2598 -1230
-1074 216
142 1745
2113 2303
-529 -1100
1249 -1847
1542 866
2616 2121
2600 -2351
-630 2104
1649 2075
2538 1566
1125 2295
-580 -1858
-793 -2729
-2668 882
-1985 2371
2684 2220
-497 2012
1038 -2528
-1874 1715
-1453 1026
120 -582
-1944 -2102
2485 -2381
2207 -1644
-2218 -254
-475 -2355
2522 -1757
2448 -1789
-473 -392
-2467 1270
-2657 -2674
-295 -2070
445 1260
-1917 214
2613 160
2528 -1078
-2022 1917
1609 481
-1455 239
-2494 -874
2206 -1263
-2777 -2120
1101 -2221
-1292 -24
-2623 614
-972 1434
-424 1495
-1461 385
1640 63
-2478 -164
-2182 1262
1659 2117
-1728 -119
-2783 2370
283 1411
258 1884
156 288
-531 1576
-1819 -1304
2336 -2677
1191 -729
-1911 -2535
1266 -2489
2078 1778
805 -1428
699 572
-194 -440
1194 2682
-1971 -1919
618 -323
206 1765
1084 1216
-1465 1875
-967 -982
-732 -1564
-884 -1942
1070 -953
-564 1691
-1451 1855
1265 -1472
-1701 1372
-1495 2045
-605 1731
-2372 -103
478 -2636
-1005 922
-1072 -1941
-175 -2211
2204 2767
-1204 -2578
-2469 2626
19 -361
-1385 2619
1361 1785
1746 954
-1805 947
2112 1354
-1145 -2095
2320 2241
-646 -923
806 1260
-1614 -1952
-1909 -1644
1349 -2467
-2715 -214
727 -2115
-2134 1424
974 -103
-1027 2376
-932 -349
1001 658
2614 -473
668 -1432
-428 -1716
-1993 -430
-1681 596
1286 1599
-267 398
287 -583
1568 1013
-2556 1273
1875 1736
-2433 -2355
12 -2040
-1314 335
590 1328
486 -1265
1843 -199
-1396 -1915
1868 -2357
2531 2650
-922 1518
-166 -887
-1298 -2662
-824 -914
-2771 -193
1989 -2349
-2664 1484
1988 2699
-974 2176
-2673 1449
-667 2697
-1977 -2050
-736 2626
-2029 -1934
-2777 23
2196 -489
-1148 -1388
2341 -2546
-1885 633
-1005 -1125
2728 2269
167 578
1440 1166
2419 336
1324 244
-656 2726
-1605 -1028
-300 -1842
-1765 2659
-2371 1614
463 897
-707 103
2577 -1620
-2775 -1392
-615 -1333
1887 2351
1113 -880
-753 -477
-2466 -1104
146 1375
-609 -2072
505 530
2705 1195
2292 987
-1404 -580
-368 2045
248 -1589
-2328 2147
172 482
-1433 -298
937 1625
2217 -1872
-2708 -2396
-1981 -1888
1156 -1184
-1672 -955
-2364 -2413
-1857 -696
1351 -1848
-521 -869
170 -1423
230 -2456
543 436
909 -2437
1179 -639
1055 2418
-1947 -1493
-918 243
-168 1077
886 1499
1421 2044
850 -1484
-2647 500
2792 -728
1708 -1950
658 621
2074 -2185
-942 1623
1906 -573
678 2708
-1970 -1539
-2064 1403
884 -486
-963 355
-1430 1176
-238 -470
-1000 -973
1413 -2559
-126 -608
837 2356
-2230 -1163
771 -1465
-2180 2112
-1478 -1003
964 -943
115 417
-2102 -2138
342 2085
-2100 1456
-2189 -277
-379 -610
2152 1694
696 2480
1981 1493
-74 346
2553 2690
1480 -913
1914 -1938
-180 1215
-993 -1972
2495 -2524
-616 1034
-49 92
2050 677
-896 -648
2621 -2206
173 2036
-939 698
-1367 -2248
-939 2100
2785 1346
1949 926
2664 -894
2759 204
-1904 -1091
1054 598
-689 -41
-551 -1547
2012 564
1614 -802
2271 -582
-99 -1006
-1693 -161
1472 -983
1227 954
-634 379
-1966 186
-387 -2452
-2443 -2172
572 -1941
-1218 -1105
-2231 1371
-1668 -648
1639 349
-2587 1788
-2086 -525
-219 -120
-2796 -1490
-1412 -705
-148 -2337
-1623 929
-2314 -1121
1914 -1799
-1053 -1217
1933 2317
229 2500
2428 -2337
2199 -351
-2327 2724
-2576 -1774
1245 1003
-1708 -1435
-1961 1165
-668 -2519
2278 -544
-2165 -2457
833 -2211
953 308
285 -211
-1776 1514
-1557 -533
2236 2074
513 1167
-2260 1432
-1279 -2181
-1232 438
-378 1599
103 2356
-885 705
2650 2779
-1055 -1900
2520 2222
2588 -1937
-2286 2083
-623 2137
817 1995
-2667 1892
-2251 2682
1341 -1896
1917 493
-2782 -707
2709 -556
1130 -2058
1656 1391
571 330
2005 204
-1341 -698
-634 -310
652 53
1791 -2143
-454 -2455
-1147 355
-2214 41
-1418 1463
1353 1772
2791 25
-1863 1179
2126 2024
86 794
-2248 -1531
2293 -1725
-956 1861
-1595 12
1275 1511
-565 -2615
2156 -2745
-1568 -451
-2555 916
1047 -316
1440 1288
2627 -1833
-2460 2108
-1633 -2071
-2098 -664
2791 2545
-969 -1542
-2082 -629
725 -244
283 432
-1699 -601
-276 745
-1802 2218
1113 -2356
1144 2700
2555 -787
-1674 -1358
-1809 1837
-1145 -1424
-1207 1257
1293 -63
-809 -168
2314 -486
1266 -1351
2451 -828
-2476 -1015
-1675 1566
268 -554
2784 1534
-1937 -2587
1780 2546
2272 1947
-439 907
-2080 1171
-2063 2466
971 2403
-1499 2628
-2479 759
1550 2485
1375 -58
569 -2533
1076 -114
1961 -2301
756 2759
1937 378
498 444
1303 -381
-385 1832
2204 261
-152 262
1686 2495
-380 -2631
634 -1307
-1227 -64
150 -669
-2676 2276
704 -2144
432 -273
1246 -1894
600 -1320
-100 845
-1253 2465
2426 1317
982 -1468
-928 -647
2069 590
-1503 -2687
-1113 2371
-116 -2076
544 -317
2340 2121
867 -1120
-534 2194
-1380 -2157
2130 1489
-890 -1936
-1602 690
391 -1543
668 2593
694 2729
348 -807
-750 891
-1751 -2438
2039 -2105
-117 70
2297 -928
295 665
1266 -27
1171 -429
-1787 2489
-2028 -2296
2678 1781
-283 -937
2633 381
199 259
2511 -1966
613 -360
-2676 -1568
901 1345
2544 -2662
2680 1268
808 1140
1889 -92
-1281 972
2365 1087
-64 -784
428 -85
-237 -2727
-37 -1953
-357 309
-2517 -2499
-2227 -527
-2344 1290
1605 -2715
85 -914
-1057 -538
2709 1882
-1768 -877
-1764 2749
-13 2490
133 -2346
2668 -963
-1047 -235
-1140 1284
533 -7
2516 2140
-84 -1415
923 1390
1487 -2438
694 1204
-701 2185
-67 -1760
-1048 -1064
346 -2335
-173 -143
-1371 -1866
1822 -2435
-744 -1587
82 2334
693 -2371
-1413 657
-964 -1270
1074 -621
2445 -446
-30 1777
2178 2299
1493 291
-2744 -290
-2694 2352
-580 1859
1283 72
1434 -2700
2557 -1701
1704 2218
937 900
-212 -470
1306 543
-1186 808
2157 1654
1589 -2155
-1377 -2740
2538 -894
77 -1645
1568 1019
-2442 2192
-2343 2062
-2107 628
248 -1021
-2236 -1108
598 -2279
-2290 -2096
-1347 1370
2372 827
1461 115
1228 807
1303 -438
250 810
-2340 -738
-700 -908
1327 -1123
-1452 -1111
-1540 -678
-2045 -2042
1204 554
2676 2532
-1302 2749
1153 -696
963 -952
-972 704
-263 1113
656 -2638
-1035 121
2754 -1197
329 1183
2445 -1952
1469 -600
-862 1282
-921 -1402
-2680 -95
-644 2400
466 -1850
1146 -2325
-2514 -854
539 512
-654 1723
898 -1883
-836 -1316
907 -2046
-1646 2263
-2451 -460
1433 2457
1893 1363
580 -1938
1473 -2210
138 137
-498 2679
-1843 -607
1476 -1220
270 -880
-274 -1471
-2701 2320
-932 -1384
2062 -302
-842 1204
2201 2562
-1166 -2277
1403 1108
-263 -2344
-913 -2204
2163 558
1801 -1238
-775 -856
-65 1020
2615 -1363
-2678 1525
1173 815
-374 -642
-620 -2400
-695 -1408
-39 2233
-1597 1297
1924 -676
1908 -2798
-1340 516
2190 -2424
288 2556
1280 1928
1316 -2065
-1321 -1707
90 -2524
-213 -1971
1021 0
-1897 2261
-1262 -1915
920 2734
-2287 -1687
-564 2383
-913 1009
1915 -2190
2721 996
1723 -2154
1456 1441
-1926 449
-389 1380
2469 2151
235 2366
-2557 -972
274 965
-794 -1842
1572 -568
1061 2382
688 2525
565 -63
1621 -2005
589 -855
468 2598
-1422 1845
608 2710
1747 206
-191 2796
911 -191
592 -211
-606 -2786
784 -800
-815 2406
-2205 -1724
-553 1795
2178 69
-2736 1163
-1434 2115
-507 1217
806 333
874 -356
-135 -1081
-1917 -2035
2516 -516
49 736
-277 2403
-2243 -269
2632 -253
-273 -1457
-1846 2049
1800 1345
-2189 1150
-1573 244
803 -294
571 1498
-2516 363
1133 -1626
-211 703
612 -2219
-1129 1529
2685 47
-2794 2033
-39 140
-2692 -1647
2624 -2790
-1813 -894
-698 -2167
-1313 84
1794 -1574
2566 467
-41 1177
2175 1858
-360 -2127
-2364 2014
2767 821
1171 -2795
1300 -711
652 2432
834 2180
1486 -2382
248 1297
-417 -2559
-180 -2611
1112 -2601
-1232 -2500
342 -1848
-44 1632
557 2635
1213 1319
-1786 2729
-1380 2169
2111 -1836
368 622
504 -2536
902 128
2617 2143
1009 481
-669 -2378
-1034 1798
2526 924
-2577 295
1977 -175
32 2282
-606 618
2175 -733
-1867 -915
-573 235
2606 2044
875 2417
2241 1067
-1919 -235
1097 -1715
229 752
2679 710
-2672 1806
2028 305
2134 1366
-2012 547
419 -143
2209 2279
1116 -118
-533 -2103
1170 1973
1826 1266
-2559 1831
-1613 244
-2439 1530
-2145 2495
-2788 -638
-1710 785
2316 -173
2317 -1111
194 1472
1455 -1349
1498 250
-2421 -1108
-134 -1019
2406 -1413
-1697 1490
-173 -1167
-772 -1199
-2086 -978
711 1892
125 -920
2501 350
1994 1266
-2188 460
1811 2229
221 1073
-254 1203
-1001 -1808
-800 177
255 1867
-687 -994
-1111 -743
1575 -2476
1869 1426
1050 2230
969 1704
640 2541
1763 -2106
1148 -960
-799 2401
-612 2385
-809 809
2799 -2706
-2615 -2501
-2221 2159
2295 1767
-1825 2657
1948 318
-11 1700
-16 -839
-2117 681
-2068 -835
-2599 -1868
-559 228
1189 -2016
-2178 -2647
506 -2777
1239 -2209
-2347 -103
2256 -855
-1694 1206
-1866 -1131
2664 -676
-1398 2711
-443 -1894
1086 -1005
1965 2537
1643 986
-1940 1400
2230 -999
787 1488
2009 -1665
2346 -93
-1304 83
-472 -444
-2664 1918
2742 -1714
1029 -1646
-805 -2512
2607 -1528
2175 -343
1719 1441
1322 -1112
-897 1350
-2297 1544
-1654 1590
2007 787
1136 2198
2730 -591
-709 -2201
-2049 -2149
1261 -1113
-304 -991
-2679 -1360
1367 2157
-1688 -1556
-20 1050
-1441 329
453 -2079
540 1472
-2770 1354
-212 -2341
-541 -1728
-1744 -1660
-739 799
-1222 2774
-551 -2526
2585 -2347
301 -1715
586 -2186
637 -306
1986 2498
-2430 -2639
938 781
2143 -1098
-2476 2561
732 2569
2012 -120
-1147 -1376
-655 1206
1043 -244
-249 67
-1138 -695
2562 -2776
2703 -31
824 1468
2363 29
1374 -859
2043 -1565
-33 -592
1859 1145
843 185
-2520 -1779
996 2075
-2241 1335
-1652 211
2627 -2351
-1740 1636
2441 886
-2259 -133
2737 -1293
-989 -1656
1664 1897
-2567 120
-2370 -101
642 -512
367 -2410
1406 2429
1291 -16
507 358
1359 236
-2783 646
-1473 1253
-165 631
1963 1895
-2438 1974
406 2390
-1727 -1043
-123 -1345
2671 -1951
111 349
-622 -439
927 -2231
-266 -941
1723 -273
-1626 -1138
406 1215
-639 -1206
-845 1443
-2303 -123
627 -181
-1454 -2473
2165 2
2051 -2759
3 2301
1704 -1795
665 -2440
2108 211
2304 1790
-2353 -721
649 -339
2146 80
974 2142
-1118 -2366
-2246 -1911
2779 2562
1165 -1772
-908 -253
2196 -1931
2478 785
-2020 1712
2785 1349
683 -2726
-978 1055
-1225 -1892
2565 -1899
-164 -912
1374 2205
-382 2201
-779 1559
327 -1641
2347 -1272
945 -349
-1136 2571
-1301 2505
-1864 871
-2281 657
1152 -860
-2388 1009
2263 -872
-1674 1894
-399 100
1126 -650
-2734 -2135
-875 1404
-399 1292
968 -383
-1586 -2052
-320 -150
-411 -493
357 1867
2026 -96
-426 1225
-225 -1067
173 854
1066 -134
-2531 -381
-2156 -219
2423 -1021
159 2253
-2323 1522
-331 -614
-2209 1724
2755 1821
-2672 292
1648 -1707
634 2401
543 1053
1391 -151
-2110 -391
205 -1933
2259 1502
2237 1416
-338 2531
665 1447
396 -1325
1797 -2792
-58 -2058
-940 -1661
-264 259
-999 -371
2070 -2239
-1760 -2708
-2163 -708
964 1529
-2249 2371
1883 673
-607 -2353
200 -331
-607 2195
1807 1913
2178 -2523
1515 2116
-1955 -1076
2721 -2392
117 2768
-1127 -2238
-476 -297
2219 -1090
-18 1825
-107 1860
1568 569
1957 73
-751 -1927
1060 1772
233 -774
-1395 -2224
-2755 1188
-2686 -1965
-2442 264
-264 -523
1086 -1661
-922 1326
708 -273
-766 -335
546 -461
-2368 -1547
-1348 -1100
-621 -569
-633 509
261 2715
-1061 -2149
190 615
1535 -945
487 -2596
1456 -1019
1203 2380
-1936 730
2023 2559
152 1917
634 1451
1161 1424
-1843 -1842
-1246 424
731 -1321
556 -2578
-1 -1747
-93 -969
1458 -846
-1938 2175
1300 840
1357 1282
-301 148
-2072 -38
-1508 -1225
603 1306
1348 1701
-114 -2376
1209 -2310
-385 582
-937 -2285
-1581 1000
-1983 -522
2678 428
-1361 1993
-1227 1642
140 866
1758 489
-799 2699
29 -806
1942 2040
1217 1324
1758 -2369
-2226 2260
560 -744
702 -602
-1085 1003
-1338 2350
220 -1601
2029 -2238
684 -2225
1421 873
872 -1772
884 1135
1621 2143
1012 2618
225 -151
-1639 -931
-2617 -2513
1246 2482
458 -425
1556 -1704
-2048 1175
216 -726
1079 2112
659 -1228
-2750 719
-1761 -1047
-3 -2778
925 -313
336 1879
1030 -854
-1718 1192
-1008 -38
-2046 -397
-2141 -1507
-107 2702
1532 -1690
-2004 -2376
2163 -2543
-969 1178
890 -621
867 2382
2793 -2237
-399 2419
-2712 250
-2481 2295
163 -2112
646 40
1864 215
-2498 843
663 189
641 659
944 -301
650 -293
840 1861
2087 990
-2247 449
933 -2399
-131 -675
-680 -6
-2772 -1912
464 -931
1839 -2149
962 1809
2515 -1308
1833 856
-1213 -2797
-66 247
-1996 -2646
-1260 -2257
-434 -1693
1243 -1443
1485 -2042
-2513 641
-2479 -1064
887 2038
700 -1878
2527 -340
848 -1786
875 840
-342 -1036
1413 2117
-1012 -2472
1298 884
-1630 10
2728 2613
-2643 -1942
1278 -131
-174 2541
2785 1155
2155 2103
-2703 2694
-597 1256
-953 2021
761 -1176
2349 -1531
-2627 1577
1641 184
1431 368
-1172 1818
-1912 465
1361 2762
1444 -187
2563 -522
99 -1130
-505 -81
591 -1917
2548 -2722
-386 -2317
-921 2686
-848 2076
1364 104
-2493 -2285
-1460 -2256
-741 -1634
2022 -440
1529 -2417
2090 992
1995 -2113
1064 667
-80 1603
1059 1188
-471 2013
-1188 2794
1637 789
-673 677
2206 -592
-173 2501
-938 -2145
624 -2340
1945 -1957
458 -2102
1544 -2692
102 2265
-1373 -2595
952 -2167
-1525 754
1491 851
-783 -2343
2578 1477
-2549 -1518
-1329 2797
1551 -1627
2069 -765
-1012 233
1795 -2574
-1518 2433
2633 2531
193 -1722
-843 -2697
323 -2719
605 -553
-1975 -1949
-654 -1632
2123 -868
-2181 -2300
-2262 1083
-2697 2334
-2735 742
1566 -1228
-24 -90
409 1809
331 725
-2172 293
-2699 1235
205 -2017
-1237 2610
2413 2040
1192 -106
701 -1073
603 2053
-666 -2097
-1258 1058
-2750 -1641
-103 -1215
2628 -849
-2747 -778
-2636 -2292
1804 -1505
-2245 1367
2786 -2560
2635 1343
-978 -746
1586 -823
-1544 525
1143 193
-436 -2333
-83 -2476
902 1313
-1290 -378
285 949
-1285 -2349
373 -2746
1174 -2408
-2176 -1059
1221 -1079
20 -2324
1287 -224
1304 2625
-1242 -2580
1843 187
2743 -2742
1332 -414
-2697 -2687
901 116
-2221 1857
2377 -2639
2533 1867
411 -2506
863 354
-2510 2325
-616 -2678
156 1071
1696 -1771
855 1478
2790 115
1623 2280
-1161 181
-2471 -871
127 -1334
1903 -194
2384 78
1446 -503
-844 -2610
156 96
1829 -1632
-144 1209
-804 2569
2681 -1095
-2483 -794
478 -1708
1384 -1836
-2796 730
-587 2552
1528 457
1682 340
-2798 100
-784 2277
-2694 -2715
1308 869
902 1148
1536 2721
-911 -513
-2127 -2684
2154 2214
-248 362
2055 657
277 1387
1414 2346
1876 1829
-1665 1109
-130 2185
57 -1583
449 -273
-2267 1580
-306 2498
1844 -1075
187 2681
2242 -774
-2058 1287
1952 -1983
186 -890
-538 -2730
2254 -1484
1411 184
2448 -1304
2240 1939
1754 -934
2147 2770
2287 272
882 -1541
-1317 -516
867 1551
1610 -667
-1978 100
1300 -1287
1409 2112
-2179 -1389
887 2504
-1246 2550
-638 -1290
-2263 -2198
-1695 1654
1529 -1421
600 1302
882 1444
1510 98
-2573 -2683
2346 2470
-1262 1431
-249 231
-929 1546
1163 1303
-1307 -1620
2154 1614
2066 2345
-1460 1155
-1085 -1279
-2787 -1653
-941 989
-1550 376
-1530 -1457
-1417 1870
362 1255
-1670 2100
-316 253
145 -1578
2050 2091
-1301 -2201
315 -2518
633 -1888
549 -421
2021 -1711
2508 -506
1949 -1963
-2558 -2653
864 2500
-305 -253
-1298 2422
1118 -2008
1540 -2704
-772 1844
275 -2207
-221 -174
2085 -970
-94 -867
-640 953
-772 2323
1573 -2233
1772 1582
-1737 2206
1966 2612
1603 2432
-1849 -2192
-1479 2770
1415 327
1365 208
2092 -933
735 -380
-620 1621
327 -2338
-1589 -103
1357 1931
197 -2369
1550 -1094
-530 -585
2536 2335
-1937 579
-1149 1497
-2097 -847
2161 1178
-2222 -1948
-352 2556
-2770 1052
-186 -1427
-1371 978
2302 -2195
345 2687
-248 -743
1235 -1705
-616 2435
-344 -662
-946 -1759
-2140 2204
1262 894
-2780 -1617
832 650
-2365 -189
-2519 -2725
692 2449
-1342 1746
-400 -2161
-1295 -2174
-1782 -2434
-2709 146
1402 1431
1077 -733
854 760
1867 1009
-1457 -1074
1806 2010
1704 -1032
-1352 1014
-2371 -2017
203 1586
-877 -1129
2242 -1293
1324 -2583
-1811 2559
-2439 -59
-742 2413
2447 -1146
-1099 -152
1844 1113
470 -1861
-1895 1386
-2188 2532
-370 1753
645 -1986
2520 2156
1388 -2540
1027 -1855
-659 116
-552 -780
-2287 -2277
-1437 564
2198 -151
416 42
879 -2269
-2366 2187
2056 -1530
1304 1166
1200 -442
258 454
2203 584
691 1200
1838 2269
-137 -635
-110 -620
-1517 -1324
-918 -1477
1498 939
828 210
1056 521
91 1730
-756 1089
2395 128
-977 1097
-256 -293
782 954
2257 -847
2653 -460
1978 861
110 1337
958 -2723
-2534 1356
-1113 -1129
2358 -292
1960 -189
-2580 2035
1356 2288
-1111 -611
-2702 -942
-583 2195
-1905 2634
-549 -2792
1123 2514
2551 -1171
1248 2212
-38 1233
-1085 -1
-588 -601
2255 392
1081 -2741
615 -1297
-730 519
-1066 832
-1845 2466
1082 -1042
-1127 -2423
-1364 2743
-1102 -1063
-290 -2275
2670 -2173
-1103 2291
-2205 233
-2604 1787
-229 -267
-1211 -1956
-17 1724
2344 464
2287 -2124
409 1338
-1616 -2133
-752 219
-831 1389
521 -2108
-323 -868
138 983
139 -728
1771 -1277
58 -619
-125 2569
-1318 -2296
1503 716
-2015 2776
2145 2189
-2121 -1655
1592 -2305
-1948 2244
-2266 1464
-1979 734
120 -492
788 -1051
2161 -2076
-2561 1354
-82 1245
2549 2427
-1970 -1006
-2167 2497
-2419 -2746
-2550 -2768
-1620 2671
1173 684
2008 1658
2746 -2286
795 2479
-2154 -1413
-1539 -696
1613 411
981 -2703
-2498 1792
-435 -1220
1095 -2312
710 -730
-1292 2364
1303 2259
1208 -754
2492 791
2038 -2657
-608 -576
-2644 -1602
1470 -2646
-885 2126
-1133 -1018
-359 509
-2333 2058
227 -2296
1522 683
-1964 -2716
2705 201
2249 -1557
2003 2515
-210 1514
-269 904
1476 -2573
2376 -820
-1962 779
1441 2616
705 1258
409 2150
796 -2104
-230 -1340
379 -1917
-2225 1016
-1103 -606
-287 -774
-1286 782
-2600 -13
-747 -527
858 -2775
-960 685
-207 1672
-788 2649
-1287 2772
1662 -1064
-1654 2035
-2420 984
945 -1872
-1907 -1526
-2530 202
-720 2306
-895 2249
-1879 -2226
347 235
16 93
77 -1185
-1576 876
-1443 167
328 1053
-931 -1960
-1250 -1914
2761 -1409
-1010 -1741
1173 155
-420 1843
-1684 88
1136 -2533
-1500 -713
516 -236
2174 2232
-507 -1511
1544 -28
-2316 1746
1365 -1388
460 -2754
950 -2515
2205 1135
2616 206
255 2758
366 -2210
2438 1657
-1427 409
2451 -2477
-673 -2508
1223 87
-969 772
1712 705
2487 2412
-2364 798
2591 -2407
-124 -2565
-1480 2361
2501 -265
-1617 -1168
-1232 2788
-1003 315
-845 -45
-753 2249
-478 -1421
-604 -399
-2501 -910
-2775 1478
357 -2471
126 -337
461 2472
2369 -1495
-2581 -1867
-2675 2045
94 -521
2493 2471
209 -1986
111 1544
-1193 -1181
2077 1701
1836 -154
-1937 563
2187 1547
-2428 -1978
2394 1277
-10 2041
-1486 -883
-303 -2094
494 906
-2228 -627
-2617 1232
1980 1911
-1915 -2244
1549 -99
-227 -1145
-2260 1730
-2040 2283
2799 2386
2780 -1301
-2065 1127
2699 4
-2370 1447
-1877 -1837
-1878 83
-2754 528
2392 -1823
-2337 658
923 421
-547 -1700
759 -2493
-2562 -936
230 -2564
1209 -2540
-2034 2362
268 2059
2765 1788
-705 2698
948 -849
3 297
1637 -2587
-2663 2518
2111 -2179
-117 338
2686 71
1653 785
1021 671
-1104 -1886
-1337 1909
1537 2590
-1033 -487
-1001 255
454 -2521
-1227 1879
-2094 1371
-2143 1439
776 2522
1328 -2698
-2487 341
400 895
-836 639
-1558 2514
2258 -623
-142 2617
60 705
-2786 1792
1432 2421
-2073 1241
-1938 -2638
731 -800
-1555 -526
776 1715
-698 -2148
-535 -2647
-889 2179
1737 -877
623 -72
-1283 840
-1140 -1436
2154 -2393
748 -2708
-101 735
-1021 -728
77 -2470
1472 903
404 -1157
-595 1947
1059 -971
-2500 -1383
-151 -2655
1013 -1478
334 -1295
-249 1071
1852 -1523
1297 419
-954 2402
-1650 -1680
1933 -1313
2375 2083
997 7
2532 285
-1711 2323
1243 598
-595 836
-724 -433
2025 -2698
797 230
-1893 -58
-1312 -1148
2426 -1011
-2457 -734
1121 -907
-426 279
1012 1162
-1481 2751
1008 367
1192 1017
-23 -913
-1848 -265
-2079 -1873
-1757 1551
-39 -853
-1630 1788
-1400 2074
-1719 1005
1953 -1900
-113 240
2010 2404
1411 -29
-1731 378
395 -2321
2068 2132
1052 -855
586 -2294
-2426 1949
131 2387
-1182 279
-2375 -951
1837 1030
-1056 1409
-80 540
-385 -1217
-2045 190
1486 2183
1729 751
-2247 1895
-2348 2615
421 2671
704 -939
-1406 2480
1923 911
1184 -15
-485 -1117
-2032 -2027
1178 -2118
11 2040
-2417 -156
1186 -232
2727 -2044
1969 2459
61 -2186
1712 2272
-1839 1694
-2542 -965
-2325 -874
-140 2642
-2697 -2045
1851 -2466
36 -527
-1095 2432
-695 93
1172 -24
-720 2595
1372 2232
2359 453
834 327
-198 -1565
1673 1712
-1808 -1327
762 769
-635 1068
663 2145
-380 -2346
1537 1476
-1433 1708
1894 -1363
-266 2382
2047 2259
-507 1479
1134 1109
-2206 2171
916 -181
596 -1156
-1078 1314
-1221 2357
-1419 -650
1800 -1595
130 472
1307 -774
-1716 -946
1663 2755
-481 834
1256 562
65 2699
-2176 895
-1579 181
580 -353
16 -823
-2258 1681
-1618 1721
1084 2256
-2734 595
-2231 -154
-2732 -2770
-2158 503
1374 2278
1954 -1353
-1936 273
-397 1487
617 -1812
2230 1870
2700 578
-1500 1757
-1395 1928
-231 1264
-1703 -2431
-2426 1602
-1465 2501
-2438 -1887
585 -1852
