1691 -603
352 132
4059 968
-2816 -2634
3423 -3001
864 2481
-1125 951
802 -4268
-927 2104
-2858 871
-3493 1660
783 -3583
-2531 -2703
265 -4457
4286 -656
3627 98
228 3822
-3307 -3732
4341 -4153
-2087 -3794
-559 -1508
2278 -1422
-624 -1918
-4403 1307
1718 -3998
-179 -3009
3977 1542
26 -1619
-1476 2008
41 2063
1472 -2701
-2294 -3066
2854 3440
230 3390
-3436 -907
1155 4204
-4282 2873
3953 2875
-725 -513
1412 -3087
-3024 -2018
-2445 1886
2930 196
-2997 3281
474 -1647
-2637 -855
3212 3023
-1560 2304
1570 3211
-4189 4421
-501 3063
-424 -2516
-3568 832
-3091 3432
3034 1075
-637 3502
-3249 -1334
754 479
-2337 195
-2148 1567
-2255 -3522
-2972 -2275
-882 -612
481 2381
1565 -2965
2658 -2823
1154 -1700
3984 -2021
2514 -1886
1114 -3263
3996 3442
2475 -112
-4330 1874
2990 -1087
-1129 827
534 3351
819 -1113
-149 -962
620 -2492
4351 -1428
-3167 3328
-493 3092
-2327 2645
250 -800
-3168 2167
183 1492
-3171 1052
4164 -2441
1804 -1661
-2748 -1588
668 1332
-2132 1295
-4455 -2790
1475 519
550 54
2035 2465
2022 3874
-4028 -2792
-1540 2611
-1544 2242
3595 2058
4306 2663
1228 673
945 754
-2334 -4340
3438 -1616
-4140 -2600
798 -1258
3674 -1773
2437 3983
-2034 2810
824 -2967
-3441 1900
-1821 2387
-2411 -4002
3302 44
-2952 -4394
-1559 -3237
-2114 -2949
-589 -4212
2428 -3475
-881 1771
2443 -2095
947 4098
1666 -1854
2476 -972
-1768 -1527
4413 -931
-3003 1416
3636 -3196
1433 758
-4229 -108
1378 783
748 3389
1674 -4154
-1556 -3390
1429 -2835
-3473 -4343
2392 -1088
-1617 473
3734 4123
-2899 2701
-2649 705
-3756 -2109
-3366 -2196
-1632 3658
-4435 3125
-1975 3183
3896 -2624
-2712 -1974
2118 2808
692 2639
3893 -2930
-4186 -2891
-339 -4091
-4346 -1442
3140 4043
3400 2425
-4458 -1543
-2899 4282
-2632 -2349
1280 3165
3888 -2031
-3428 -3563
-3542 -3129
-4050 68
-3911 -2785
-711 3828
3920 1949
3552 2292
-545 -1696
3077 1758
-3250 1535
-1887 148
4064 2499
-1046 2695
-1189 -4158
2795 -222
-2959 4419
2669 -1454
1130 -2389
1643 1124
-4243 -2456
2815 -3014
-2276 1944
-517 815
-1251 1170
1266 584
2819 -743
1932 -4229
306 4249
55 -4310
-1351 -110
-4276 1659
1025 2739
-2019 2291
-871 -3806
2740 3550
2804 3409
-469 4346
3112 -2909
-4484 1335
-2947 4236
-4088 -3721
56 2408
4078 -198
2106 -184
-2716 -3368
4249 2527
-610 2423
1111 -565
-516 -900
-3026 1122
-4239 -1759
2873 2740
-4168 4396
229 -1973
-2015 -3591
426 -2870
2815 -298
3906 -2483
-2895 3280
334 -1696
-1261 -2357
1525 1544
-3989 1097
968 -4372
626 -2949
-4076 3702
3306 -1331
-1729 -788
2979 -58
534 1960
-854 1596
747 869
-825 -3533
1109 -3545
-4036 3937
1721 -3622
2584 2792
-1957 3869
4319 -2638
3061 2672
-4264 -3863
-353 -3808
4261 -3823
-2079 -3076
-932 -1572
1039 -2121
-2072 -2187
2229 3612
3110 4324
3490 1715
-3677 -1387
1940 59
-3853 548
-3619 -4089
2442 -1982
291 -2973
-2325 1771
-2859 1200
1216 -1484
574 -3663
1240 3514
3795 1007
-4063 1932
-3815 -2354
2454 -2208
-3987 938
-1875 -4083
-3068 3788
2255 1467
-3253 -2857
-2976 -1277
-3112 3362
3747 -4449
1906 4339
168 -1362
-1741 1445
-3838 -104
1629 -470
-4299 -4361
1043 623
2774 -2958
4071 -316
4401 4148
-3516 -1272
1841 -2853
1829 -1056
-4395 3964
-4450 -54
-138 -1743
3372 -2875
1453 -269
-18 2216
-1261 3370
2122 2540
1177 529
-3377 -1929
-3334 -2965
1047 2454
4340 3460
4063 1313
2779 2417
-3083 -4319
-755 4287
-4162 -2757
2928 120
1569 4117
1935 -2487
3687 4264
-3911 -3835
-145 261
2500 2466
-4362 -3883
-1726 -2100
-1900 -4025
3595 1272
-1105 3070
2983 793
4249 46
-2597 773
3815 1795
-2473 1331
-954 4331
-551 772
-2538 -2217
1758 -498
-4117 -1495
-1017 4181
471 4495
-917 1572
1212 -2289
2848 -62
1284 3659
750 162
-4364 -2350
1058 -4233
-1059 339
802 792
4048 -1119
-520 155
-1020 725
4195 4422
1480 1382
-2635 -873
-1808 3784
-2053 1677
-2501 -1354
-3371 2656
-3792 1186
-1640 739
-3689 2845
-2909 3851
2205 168
3637 -3868
-57 -123
-2888 2209
-1780 -3759
-1533 3863
-878 -3730
3321 1575
2816 -4101
-2630 2661
-2257 -1693
1369 3641
3130 2757
-1091 1258
2044 -168
3903 2081
2532 -245
4043 3959
-2118 3576
-2789 2667
1409 -1656
2229 -32
-4284 4015
-2794 -2020
829 2834
2040 -3824
201 -2964
-4273 -1464
4093 1283
-3583 -1582
-2492 2975
3301 -545
2412 -2383
-2170 1378
1737 1790
861 -2005
-3767 2857
1950 -4336
-2906 -3594
2054 -431
-2047 -4337
1613 2713
1650 -482
-1859 -2927
39 -458
4165 -2421
3874 2408
617 643
2796 3438
-1496 -4257
2263 -4478
3061 -825
283 3584
374 -2516
2741 -4126
838 -1799
-3847 -3227
739 -1510
1682 2552
2647 1995
-2609 469
4293 -1286
2691 1858
-2916 -1028
-761 -2563
-3568 -2336
527 1870
1655 2749
3772 1743
3244 2635
2789 -2534
-38 -3529
-83 4361
-2648 -2419
254 3077
-2051 -780
-3119 -266
-1356 2597
-3019 -4261
463 -1359
-1713 -22
1245 -3726
-2423 183
-475 112
4476 -355
-725 -2674
4243 1047
-3987 4057
-2236 183
-805 1298
-2514 -553
-2285 4248
2631 -1473
-1148 1258
2602 2485
1923 3208
123 -551
-3501 -271
4364 -2547
26 -1954
-54 -3373
-3636 2326
-3527 769
-1230 328
16 -4462
-2393 3835
-4293 3953
1159 2839
-2514 623
700 -2329
-3132 1141
163 -2685
1461 -627
-4426 -3026
-77 -3037
-4320 -3491
-43 -3767
-2928 3801
-56 3778
2445 -1807
-2190 -1485
-2444 140
3755 3600
845 1918
1581 2694
-3294 702
4396 -3801
786 2662
678 -4220
841 2745
-216 -3804
4106 -4316
-3783 -2357
3334 3374
206 -2819
4192 2202
-3635 1485
-4083 -3944
-1472 4133
1751 1743
-1816 -4150
-35 4314
-3772 3678
-70 1242
-3783 1821
1065 -3162
654 -4026
-1778 -3740
-2679 -1647
-3565 -1550
1129 -1750
-2148 -4094
-3499 -2149
-1993 2697
-3227 4304
-2415 -2678
-3236 -3545
-1747 -3999
-1819 3473
-2860 -4188
-3782 2642
-1938 601
-662 2863
665 1976
2947 -892
224 788
-614 -1108
-3045 3449
-3593 1029
365 -2903
3139 -594
3342 72
-673 -1821
364 3489
3465 1932
1495 619
3415 2498
-397 2714
-4094 -2175
498 -2585
-1676 2082
2590 3323
-2812 2356
-3026 433
-4349 2703
2789 2074
-3519 -3962
132 -1255
-4006 -1693
3709 -311
-4457 -2303
3988 -1611
2284 2120
-3420 4177
-875 -2892
-1863 31
-4079 2308
-3822 3234
-728 -798
2823 -1992
1453 -3689
-4385 -2617
-607 2137
-772 3580
-1173 -710
158 -1119
233 3789
-2854 -1461
2420 -3662
-3596 2585
-1876 -1595
-1460 -2543
-1588 -642
3355 269
3133 -501
-4385 3230
1202 2787
3243 4083
-2980 1252
382 2729
-3088 3554
2136 2169
-3917 -50
-3093 -1333
3190 942
-4332 -3371
-676 1245
-2349 4028
-123 2274
4440 -2686
517 4301
646 -329
216 -436
3934 183
2097 1062
-2599 1916
3682 1555
-1030 -820
-2036 4221
3748 2273
-3379 811
51 1852
2601 2654
-1915 2584
-1747 751
3165 3212
-854 -2646
-4331 2253
-1235 -4198
-4170 519
-3743 3154
3944 3353
-1492 -1917
-3524 -1005
-1055 2789
2065 2739
-460 -728
1479 -3332
-2278 4041
66 -3496
1041 1565
4398 1843
1706 2051
1374 -2625
-1667 1896
2237 3892
-439 2052
597 -4092
-3487 -4180
-4185 363
4394 -932
-2210 -3443
-2030 -2282
2528 -3390
-995 2357
3619 992
-2736 4254
3110 4434
-3909 -3340
3154 2240
1136 1212
-1834 -3550
-1684 4483
1182 1510
3661 -858
1577 139
-3653 2031
4269 -1198
1765 4482
-1916 -4154
1249 1491
4002 628
3659 -2948
2600 -3861
1876 2765
1098 478
2896 -3921
1104 2315
1109 -3091
4318 -2166
1086 2181
-3864 3979
-894 -1187
3396 -2134
2511 952
4246 932
907 -1081
-1597 -848
-3851 60
-1038 1854
2061 -4001
-757 -3011
-3155 2033
2057 1484
-1886 -3705
1240 -3808
3666 -2872
-2767 3291
3112 1527
-1018 2431
-3341 -59
-507 3830
1507 1600
3867 -503
-3473 2692
3799 1295
3054 -1010
-2923 3043
-2002 -683
-2178 2945
3628 4136
3860 -4284
3856 2780
830 -574
-950 -2628
377 700
1915 -1701
3076 2156
3322 -861
-3500 4091
-574 2342
-2794 -686
-2095 -3421
1289 -3357
-2329 3609
-1473 3070
1884 -1262
3080 2765
-1234 -3638
-1795 3125
-3795 -50
-640 2870
3895 3788
2694 3694
4300 2167
-3108 -605
515 321
-25 -531
3790 -2715
3771 2114
1244 4035
1407 246
3088 1728
1354 -1405
1487 567
4286 226
-1919 3868
3247 -4135
4004 1201
1383 -2843
3231 2007
-4185 -3316
-41 36
4074 -2148
2751 -1990
-2133 970
-3815 2394
2846 2761
2718 2844
2505 -736
679 1874
-1739 592
-1745 -4429
-1714 -693
-2420 1722
3685 -2810
-3829 -4436
-841 3096
-886 -1577
4366 -2844
1681 -3992
-3125 -1995
3301 662
3646 2935
-2923 3947
3787 810
3390 -2904
1408 -677
-3512 2420
-3736 -2250
-713 -4445
4052 1632
2114 3474
3119 3919
-510 -2376
-3423 -4004
-4447 3090
795 -352
4274 -267
-1429 -1494
1084 2302
-802 -1341
-859 -2814
4202 3191
-910 43
2396 1153
-1240 -3221
-4497 -3971
922 513
-1363 1132
3950 918
-4489 -1521
-4090 -905
1341 3570
-2585 407
4118 -1739
-3669 3103
3041 286
-1749 -2702
3652 -3653
3524 1913
3449 -387
-510 478
-1474 -3616
-512 1235
-3914 192
2168 1908
1529 -970
-1397 -4412
-1824 -464
1680 -2357
-1435 2924
-1630 -1757
3746 4143
421 3086
-2101 -1742
3272 -1813
3114 1332
-3028 -3892
2247 4172
1160 3879
-1790 -921
3329 2942
-3735 -3539
-1229 2836
-577 -500
-52 4042
-766 -2712
267 1339
922 -1189
1561 -3733
1056 -2092
3941 -4208
-3364 859
4088 1103
-2170 -401
4425 -485
2315 -2420
-913 -196
3589 1288
-920 -984
-2585 -2034
1522 3597
-1962 -1406
-595 4014
-319 418
2867 1417
-2687 -1758
-3374 -2237
1683 3555
-2237 -2237
-3871 104
3817 1440
-4292 -165
762 -4369
-159 312
2205 667
693 -2413
-1088 -2314
-1742 -825
-482 -2589
-1810 2311
4154 2039
-3730 -133
-3482 2830
1484 -1672
2838 -1650
2606 4128
2100 -4160
-1623 1123
-2194 -890
-2716 4430
-3428 418
-3736 1018
-1166 -694
-427 1328
-3000 -4027
4497 -1034
-569 2855
539 -4009
2766 -1742
-1806 -4396
-1771 4474
3483 116
-2314 2673
-60 3906
-505 -2106
3838 -286
-1669 -3060
4088 -3979
1493 2579
3347 459
-3548 465
1588 3148
1731 4374
2587 -3374
-3408 -75
-3477 -4437
-3694 -4293
-852 -4224
1307 3831
-2172 112
-2110 -2705
3041 -277
-3393 155
-1153 -3191
90 -508
2159 -2542
1471 -744
-4301 2336
-1805 -2310
1830 1028
-4363 -4332
-1384 3609
-1460 1440
3813 -4412
947 -466
1722 684
-3960 -1796
-725 1086
-29 2709
-4071 -2342
592 -1122
-1415 4336
-1286 -1171
3880 -1617
-2606 -2462
-3020 -597
2589 -1135
1173 3104
-1602 4018
2424 -1433
1002 3978
4251 4363
2435 4277
2225 4318
4187 -1324
-4310 758
-1254 2676
-775 -1887
-1822 2567
-1184 4428
-2087 -3396
-1367 3839
1033 -3726
3832 2339
4475 -2903
-184 -1734
710 -1759
-1084 -4269
713 4370
-4385 888
-1810 -4483
1953 1311
4347 2417
1997 2941
3757 777
-122 -931
4176 3078
-878 517
-1436 -2880
1787 2766
2896 1262
116 3039
1824 2421
289 -500
2608 2210
-1838 -1455
-679 1301
-2244 1887
-4242 -4036
3662 3501
4043 -1041
4446 -231
-467 -539
-1390 3147
141 3428
-1329 -3526
2952 905
-2587 -4449
533 -2948
3449 2053
4159 3331
804 3884
819 -3835
4354 2027
2668 -2491
604 -4371
1368 3330
2470 3526
2577 2615
-2570 668
1714 619
3673 1914
3990 332
-4351 2525
-364 -265
-330 1235
-1834 4255
-3827 -1823
2550 -3985
-1526 -908
2121 -4185
867 3196
-1898 -392
2282 1793
-265 80
-317 -2802
4064 4335
3929 2886
560 1136
3785 -4228
-4038 49
3356 4391
-2114 1922
1301 -3568
-1004 1502
2806 366
-3229 -4288
2435 -1744
3201 -2977
-4339 -2369
-2911 -3382
1084 219
1929 1535
2130 -2245
-1197 -184
-2785 2426
-2953 -4296
239 1657
-5 -3628
1607 722
-3514 3228
-1231 1418
-3597 -1166
765 3412
-3986 2601
-2857 -1868
2458 21
-2944 2038
2355 1828
2414 -3069
-910 -3357
-1596 1472
4055 3923
-3194 4499
3790 -4332
-3896 759
-3313 -1791
3495 2689
1702 -4381
-1432 -1536
312 -2310
-4409 84
729 178
2071 -526
311 1060
-1520 -4395
-1078 -2220
-2185 2496
-3049 3111
-6 -3496
-3358 -3910
-126 3706
333 -420
-3904 1356
-732 -4452
-157 284
-1393 -2279
-1996 -4114
3433 4365
-749 -2196
1548 1154
-32 2716
-1936 1648
3054 691
2922 2744
-871 3418
-4302 553
3785 3254
4221 3567
-847 3431
3877 -3363
-2843 957
1683 -2752
3579 -293
1575 2808
205 -1037
2709 -3807
-1909 185
-3062 -3450
285 -2874
-3945 -1481
4111 3444
1841 3299
-532 -4055
432 3697
470 2113
4011 2186
-2820 -1841
3406 -1786
-1968 3909
1713 -508
-866 988
689 -3243
-3499 3391
-2731 -3473
-1121 3241
-2749 1753
-4142 1770
888 3816
-2475 -263
-4172 -1744
3084 3390
-390 3766
3464 788
762 4475
4147 710
1290 207
1164 -280
4249 2512
-579 -2103
-4030 -1509
-2672 2621
-3593 -960
-4016 -632
3050 -3971
3007 2831
-2220 -2
-3499 -105
-2906 2466
1481 860
-1838 583
-389 -2905
2207 2866
-1048 1738
2869 4051
2020 4426
-712 -4419
-3600 -4007
2835 4138
3748 28
3629 -4279
2135 -4257
2157 3117
2205 1003
-2364 -3615
-103 1633
-4014 -4203
-946 -4016
-341 -949
-3478 3570
867 -4029
1040 2096
3196 1789
-3456 3487
-1064 4130
-1757 1655
-21 -1777
-3737 -3382
1564 -2546
4413 2189
-3331 -2628
2109 2990
-617 -1632
3379 -2352
206 -4181
-638 126
-247 1215
-1331 -2108
3032 -2174
-2449 -2848
4116 -2182
-3178 -1195
1703 1338
2100 -2191
-4178 2953
68 1628
3657 -3974
-1971 -1920
2317 1057
-3678 3371
-2886 3765
-2227 4404
840 -1337
-333 -611
-3609 -3764
460 -2295
-3028 367
-1201 -3531
-1881 3527
185 -4307
-4298 -1616
-2906 1046
1113 932
3111 -807
868 -4081
-2742 3372
1920 322
-2540 -2567
1109 -3040
1745 -1259
-2731 770
2715 2546
1702 -3780
3382 -873
-53 4334
2601 -4251
1918 -3706
-3106 -172
-4136 -837
638 2901
-225 312
-725 2959
-2726 3318
-1626 -2536
315 2611
-2807 3898
-1550 4002
-4429 -2983
-3212 2227
2865 2025
2278 -1928
-3056 1867
4357 3228
-2892 361
563 9
3253 2442
3237 4186
-520 -3046
7 2779
2814 -3572
1348 -682
3745 92
-847 -3802
-250 3903
-3091 -1935
-3937 2724
3772 -3254
547 -1062
1566 186
-3395 -2350
-533 -12
-261 2347
-1037 601
-4434 350
469 2991
-1233 -2380
3844 1554
-1278 3556
-1078 3429
4353 204
2122 2870
3997 -3115
1112 1244
-51 653
4486 -2664
2740 -1846
-2559 4071
3051 -671
-1538 499
2624 235
3102 3799
-500 1654
45 2420
-611 509
2764 1947
-1982 -1867
3283 1148
-2155 3306
3708 1761
611 594
-2562 972
-4144 -4095
-767 4193
1606 1414
-1398 -4265
209 -51
-2725 2167
4411 3657
-89 -4283
1594 -3620
1545 -3200
2316 2375
-1282 -3081
114 1225
-3346 -1518
-2108 -2456
357 737
4025 -4151
-13 -4017
2803 4330
-602 -3657
-1351 2501
2354 -4019
-1877 1710
4476 284
1646 4282
-369 3694
-576 -3393
4142 -1882
-903 -4155
-4076 -2492
4258 -3941
-1716 4073
63 3453
-3988 -2242
-2184 -2865
-2936 -1929
-389 -3759
-1958 -893
-3179 -1446
-533 -3403
2427 -249
-225 -2874
-2983 4238
1844 3242
539 -3869
-2160 42
-2231 294
-909 937
-1227 -1440
-2206 -224
616 -2898
-2687 -2855
3915 -3238
948 -4306
-2143 -3475
-3849 587
3780 3708
-736 -4266
-3561 -1560
98 -742
600 3851
2762 2822
-1222 1074
3472 2765
3441 1482
267 -3280
-733 -3145
3899 -1699
3598 1075
-572 -4268
3586 3759
2457 -4253
4133 -3298
-2689 -3070
-900 3386
-4160 -2262
-2976 -4133
-3946 792
-4083 1209
4181 2683
-396 -2632
332 4442
-556 3751
423 -1946
3226 -1973
-1351 2857
2471 -2359
-3664 2450
4369 -2625
-4309 3758
-2861 -224
2591 1270
2586 -1334
3275 1044
310 -1927
-3485 968
-3972 -2210
-1384 -2037
-1778 516
-2627 -2773
-1541 -1050
-4069 2408
-2583 -1514
359 -3446
-4037 -803
1637 21
2326 3579
-367 -894
-2217 3163
3646 2987
3045 4417
41 -3241
-4020 -3393
3490 -4294
-3889 -1874
423 -2278
1857 -1405
3318 -3271
367 1501
-3405 1222
-3657 -561
-3016 -357
-3771 3061
423 1054
2763 -1268
-1252 -1210
-2110 -549
1598 20
-2284 62
1345 1997
2331 938
-1012 1545
-1041 1282
414 -2275
2159 975
-3294 1022
-3471 3406
-451 -715
-393 -2974
-2721 1639
-1475 498
2472 3048
-2736 -846
-480 754
-2762 -3861
1096 -3193
-2648 1085
2011 3085
-3419 4327
-2542 3674
-1396 -1273
-2683 2257
1005 3909
788 -3778
79 -665
-1712 490
3347 -2120
-2765 3732
-3539 2852
-3878 3461
2289 -1840
-41 -258
-3333 2098
4023 1629
1386 1700
1649 -3724
840 -3205
621 -3445
-2157 -1002
-4319 -545
-971 660
3489 -1999
-1515 4375
419 -3649
3113 -3957
1439 855
3615 640
-3544 1285
-166 -205
-1569 -1854
703 -1060
3734 2959
2929 1393
1244 -1300
3078 2929
-3135 -1922
-2244 4499
1297 2218
97 1607
-1909 2390
-3080 454
3215 3818
2452 394
-3304 4300
-4247 1413
2066 3304
-421 3320
2833 -560
-3306 2103
2352 -3271
-658 -3592
-2958 3899
3891 2428
3166 2002
-1549 2608
-2059 -2
-395 380
2130 1620
4287 1882
-4121 -4239
-2802 1995
991 2752
-2901 -1730
-2485 3524
-2183 -1678
-1989 3259
2725 -3947
-3393 -2688
4048 -3386
-478 -3580
-1657 363
3499 902
3144 -2759
4288 -3621
-3143 -2185
-1930 1751
-3401 -979
-2463 -3363
948 1027
-2870 165
2186 949
2797 1084
-3079 131
-2453 1404
1735 -2432
-1072 -607
-1199 -400
-414 3606
-762 3411
-2044 3766
2394 -2992
2213 709
-3921 289
-3393 -3619
-769 -3432
-610 3768
-1509 350
2662 -997
-4416 -467
-420 -3664
3507 -2836
-2486 1600
2015 -3173
3009 2809
2020 2289
-4456 1978
-2862 482
-601 919
3728 -1940
3223 -3291
-2476 -242
-2805 -3252
1058 -462
-1960 -94
-1033 -2
-1453 -2050
-1623 -2113
-4355 -2370
-2468 -1376
-1469 1089
1042 615
-3154 -57
4074 -2181
-621 3254
-3853 -575
4324 3916
4195 2776
-3285 -3669
3961 -4376
4201 -1879
-2205 1595
-3947 3644
2468 -650
-1156 -2629
2683 -2814
3059 -4162
-2519 2049
-478 -220
-1055 1757
-3666 2166
212 -4046
-2186 3403
-29 -3220
1713 -2386
350 -482
-122 -3006
-2613 -1546
2359 3492
-2069 -3952
2967 3668
-2711 2106
-2888 4434
-2390 984
2830 -2482
-1506 4054
-108 -2063
-2869 -1430
-3144 1436
-258 -4189
135 -130
4056 3868
4107 1724
-963 -1271
-3473 2603
88 4368
-372 1225
-4420 2424
2513 1680
-474 -3374
-4376 4052
-2029 -3421
-3609 2162
-300 2689
425 -2814
-368 -26
-2072 -900
1432 -1735
2356 -3542
1637 1843
-3198 750
852 1849
1862 1742
3398 2908
353 3482
113 305
568 -3638
879 3671
2400 504
-3145 600
2107 1988
-1690 -3160
1121 844
4448 -4322
872 -4384
-3442 -4043
-1735 1228
4376 3688
62 1328
-4367 -399
4190 -222
4266 58
3646 -3040
-3015 -257
3484 -1322
-555 -3899
1140 -2117
2552 1117
163 -764
-1961 -1840
2299 -1511
764 2693
2718 3980
1962 -2496
1139 3140
3902 2604
504 -2283
354 -558
2879 2620
-3448 127
3219 -1307
-1732 3378
-2284 -2626
-939 -2433
1493 3301
-2309 788
1533 71
2204 -1876
-3170 963
3222 -2661
-2047 -2709
-498 -1873
-600 4095
948 -4394
-3683 -3668
3861 1187
2458 4352
-3652 3147
-471 -2536
516 3162
-1627 2525
1295 -2131
1838 4146
-2575 -2011
-4480 762
-2520 922
3980 -3009
3583 2765
-2437 1035
-4217 -4385
-726 -2493
1950 3662
-1148 1997
-1527 31
3571 -1074
3904 -3487
-2038 -2352
-2757 369
-2798 2627
4452 1178
-2392 1464
-1569 3181
245 -4046
1602 3052
-2536 -4087
-3017 -978
813 -2549
2616 2274
-2387 -2509
2974 1198
-1813 824
-3928 2518
-3347 -2273
1758 1629
1946 2138
-3079 -1541
-2297 1774
1050 2995
1480 41
3999 -3758
1810 1539
-3470 683
3485 -3929
-330 -4422
-2469 1468
-4238 -2760
3359 -2703
-2462 -705
2648 1437
-492 -703
1593 -1143
2440 1449
343 -3616
3749 3203
-1440 -1832
1142 -2653
1256 597
-2017 -4160
2307 -4163
-3567 -1935
-2759 -1169
599 -689
-3732 3567
565 -1668
-2212 -1366
3435 1527
-4031 597
-3766 1853
391 584
-3216 3870
2166 -1556
1514 3437
348 2312
-3555 -3571
2004 -2008
-509 517
3740 1481
-3355 -2490
1080 3233
-531 910
627 1149
-138 -566
-436 -2848
4000 -4069
1672 -3855
-2094 -2211
-1281 3577
151 -3824
734 2390
-3211 -4342
489 1019
-3305 -4392
-1843 4330
225 2513
1007 -3220
-3823 1770
-3228 3858
3826 -4221
-850 -4129
52 2230
1865 -3579
279 4239
-1461 -2472
3332 602
-4381 -803
-1879 -2170
1604 1350
410 -3247
2759 -2475
-4121 -538
-3407 -1638
-950 4018
-2550 1974
-317 -79
3633 -3493
-3313 562
-2351 -3272
3630 -2997
-3720 -2600
1513 2186
2463 3185
-1496 -3590
3101 -3671
3019 -3784
-2770 -1048
-4375 3088
3263 -1180
-3058 301
1344 1612
945 -1987
-2827 4294
807 -768
1087 -1041
2660 -3385
-3404 -407
-1478 1104
-1056 3581
1926 -649
-4121 -1583
-2328 -2540
-821 -1023
1505 -1892
-2867 2964
-1488 1216
3676 -3410
4383 -2553
2527 294
-189 -3489
4279 2451
-4303 2875
-2933 204
-2007 -3211
-3847 310
523 2657
1466 -2332
1284 -4250
2911 -2563
-2636 -1152
-1959 -2905
1791 2975
-1476 1484
362 1550
2683 3976
3699 -1632
240 -2895
-4396 1611
368 -321
1055 1713
-2946 2180
4042 2218
3764 -1573
-1202 -2996
1443 -2112
-3123 3133
1855 -230
1993 2325
1411 -3057
3442 -4463
-301 3055
-530 2447
-2946 3750
-2057 680
1701 701
-2726 3435
2186 311
-432 -1134
23 4300
-2333 2897
1770 4091
3836 2421
-3978 -2158
1579 -4293
2131 3228
4223 -2308
3825 2580
-2271 2295
-1746 -230
-3627 -3768
-3546 -645
2833 884
-379 -2184
3485 -3294
83 -3633
3621 -1782
-2620 763
1686 3181
4358 1722
-4428 -1328
830 3034
4437 -4170
-2137 4270
578 2837
3475 -40
313 4216
-866 -3486
1983 -2096
2155 -3270
-1290 3683
856 3631
-1336 3458
-2977 -434
-701 -3467
-894 3912
4114 -4449
1330 1537
293 2986
2770 -2896
-1266 2104
2337 -4343
847 4142
1537 2496
-1278 -963
-3215 -3806
144 -1590
-935 -4248
2317 3682
1724 -2652
-1993 2127
4220 2772
-706 -634
-2285 -1300
4072 -1637
1528 4149
-2096 2213
-2406 4096
1881 2088
-3826 -1036
-1267 -1426
4386 1883
-3589 -1772
-2777 2984
132 -3380
2059 -361
-3108 -2716
2930 1550
-3808 -3006
-848 -171
-4024 -3474
248 -3339
2413 -4407
3513 3040
-446 -3041
1934 2068
2577 -1164
-2309 1690
1809 3536
2878 4409
433 -1984
-4339 1395
310 1368
525 654
2208 -4415
2977 1383
4211 1850
1531 -593
1087 -1539
1534 2637
-113 2991
2022 1853
1134 3716
1472 -2346
2548 -1636
3091 -1614
3319 4242
-2012 -3007
681 432
-590 1175
-4379 -774
-2973 -2973
-1648 1218
-1919 262
367 -3448
-2854 2547
2699 2521
1116 2905
284 -3526
-2983 4136
4204 -1817
4172 3262
-1080 2142
1344 1463
-487 96
3397 1667
-3602 -3146
203 3931
911 3965
-4439 -2954
-3310 1095
-1967 -3695
-3238 -13
3803 4247
2848 767
-190 3260
449 985
1667 -2655
3888 -860
-852 2000
3686 -319
-2738 -2836
4262 -2575
-2679 1338
3208 3072
1708 1600
-3882 -954
3469 -4061
2201 -2814
4242 -505
1781 -47
-4494 1587
-1983 3609
-2405 -3896
1162 1584
3440 1687
-3006 -4411
531 -1542
2007 4325
2170 -2638
448 1620
-307 1138
208 -4447
-4039 -4157
-1835 -2211
-3905 -2750
2603 2614
4121 -952
-1078 2299
1926 -3363
-1044 4360
1657 2504
3909 -4054
-2459 -373
-2944 1041
-3139 -957
2073 -3522
-4272 2823
3147 -4305
-1871 1889
-3280 -3904
2689 -1246
3095 2363
2497 -3882
2930 -4465
330 -3617
2013 736
-3351 -437
2633 1477
-4274 1800
2278 2066
-611 2654
-644 251
-3074 -390
117 -2543
-3138 -196
2013 4042
1456 -4212
2231 2873
1995 3258
3282 -1899
-3852 -3918
3116 3468
3936 -4400
2365 -2350
-3829 3194
1051 -1925
-1529 4262
-1759 2483
417 1324
-2070 -4045
-4299 -2227
-1315 -534
3587 -2182
2371 169
2458 -1408
2656 3406
632 -4013
3823 -3848
-2760 -274
-3156 3043
2409 378
-4422 2329
-1374 3525
446 -3904
2703 -3987
896 -1087
-2518 -675
-3486 2604
968 -1604
-4301 3172
2411 -4173
4393 2059
-1561 3327
1482 3824
237 1410
1120 2998
4472 800
3442 355
4499 753
-4195 -2914
2272 3517
-1040 -603
-1770 -3562
-3665 1866
-3652 -2187
-2094 2485
2514 -2550
-3036 2685
-3649 -2979
-3528 3819
584 735
598 2488
1180 1565
2431 844
-1555 -3786
1855 3475
4454 -3682
3061 -4216
1298 912
3189 -1171
-242 992
3137 4434
2272 4147
3688 1000
2274 2630
1708 866
1180 -4122
1314 261
-2302 -2543
3594 -1170
1351 682
-2307 1503
1535 2619
1780 -4006
-2238 -3007
-3260 1502
191 -355
4174 4359
-1018 -510
-291 -3869
-2534 -1413
396 -3552
1684 -142
1464 1219
-3672 208
554 4093
726 3258
4059 1076
116 -4312
1196 -3032
3055 4224
2918 1841
2525 1662
-3123 -1845
-2060 -136
2206 183
1023 -4362
-3974 -3605
281 -3466
1196 4054
-1439 -2964
2076 -162
-1978 4408
3693 1462
-3276 1434
4023 2395
-3130 -1414
-3160 495
3689 -225
-4132 -3944
-2104 -1352
872 -3927
1617 1569
1627 2746
-2296 -2158
-3366 130
370 1404
3879 2594
4210 -2717
-1082 4234
671 1258
-15 -2311
290 -2153
-3042 -2172
-1911 -3559
-1526 2684
-3241 2647
-1375 -3414
-519 -2835
4272 -1152
3486 4289
3159 1619
-1233 -1942
-1302 -1606
1623 -3736
-509 1474
-3832 -869
3433 -785
2189 -3811
-529 -3836
3282 4004
-4083 -666
-453 -1223
583 -2295
-3361 4414
3819 -296
-500 3702
-47 -117
585 -1712
-2405 -1820
-1980 -4225
3697 2210
-3321 928
3238 -2231
-4132 76
-4019 4308
-2097 2091
-4255 511
1595 3982
-3713 -2819
-1600 3981
-76 -3415
-4300 -787
2763 -1893
-2454 -1535
-470 -3528
1922 3334
-306 -1879
2535 -3974
-4099 3305
-53 3372
2398 -698
-3176 -3743
1529 -4269
1007 431
-1842 -2646
-915 -1090
-721 2873
-1842 3504
3954 1185
-2460 3806
-832 4281
193 2865
-3894 3473
-3200 4129
2934 1913
509 706
103 -1573
2593 -2112
3797 1543
4362 -1061
1232 1223
-2979 -410
-1875 3172
-2683 -691
-4225 -1143
4184 406
-3054 3280
865 1245
868 -1669
-2632 -1635
492 -3955
3493 3094
-3650 -1532
4100 -2647
221 -1158
-1333 -3352
-877 1771
2766 1967
2995 3651
3515 1142
-4105 -3918
-1381 1505
2382 1211
-2781 -3883
2324 -14
3334 1614
4240 1992
-670 1803
-3079 -1777
4495 2396
59 -1614
-2443 -37
2237 529
-4393 4007
-277 3657
3752 2304
3189 680
-4447 -2980
3645 -447
-2887 -62
-2432 1666
-2393 -3896
3484 -4383
1835 -2524
-957 -3741
-2630 -2202
3842 602
-242 -4275
4252 1406
-720 -2595
-3319 -3440
1701 -3881
772 4219
2562 4308
2365 -561
562 3294
-3963 3479
-3245 -2762
-3451 4321
-641 4489
-4467 -78
-827 -2741
3313 2622
3783 -3349
-4167 -2245
-2030 -2452
-1704 -144
-3019 -574
-2726 1140
-358 4208
-3305 819
-2430 3450
-1636 603
4131 3688
1394 3287
-1835 3584
-782 594
2889 -1438
1614 -1429
-2107 -994
-1402 -2306
-1463 3726
-1211 -2475
2663 -2672
-1627 1146
1994 -3701
2623 3876
4200 -843
4462 739
1227 3733
-3494 2942
-3918 -4276
-2421 -3791
-3040 3966
-274 103
-2707 -3463
2344 -2320
-3994 -2399
-3815 1628
2053 -1818
-1414 -1165
-911 2429
-3454 3692
1916 -3296
-3120 -1194
4284 1839
-991 3694
3389 4216
-329 -2000
4451 -2140
3155 -3795
2592 -3343
3517 3328
4298 -2095
-444 -837
-2304 839
2290 -420
3950 497
4067 -3839
-3847 230
-1614 -1115
-2847 2501
1048 -2094
2965 -1917
4268 3515
-1514 -1347
3877 -3781
-3491 2869
924 -1513
-776 414
2525 163
-356 145
2014 2670
-3286 4467
2076 4151
-3856 4277
-3180 2416
1404 -3670
-1583 1121
2669 -2324
-2717 -1119
-92 -4067
518 3147
-3182 -546
2710 -2447
-1293 1159
4024 -1943
-2022 3676
3963 -4307
-3585 2649
3050 -2071
-2991 -2404
-1812 -1350
-4306 2384
3427 -4450
-9 2544
-3588 -701
-2790 -2138
2798 -1816
3561 1393
-424 1047
1278 3880
4281 4261
569 -3265
1806 -3842
45 -2778
-2378 -2184
75 -3803
1001 2333
-639 -4233
-2958 1782
2939 2556
-948 1813
3705 -172
2217 -493
2500 -1441
3245 -1564
-1189 2744
3083 4041
1099 -405
-2294 -3605
-4152 1004
-1607 -894
-536 -2335
-120 3665
-3696 -549
244 -217
-814 264
4451 3319
-49 340
-1005 -2681
-2182 1133
-2809 197
500 3305
270 -4389
3325 992
-1401 678
-3141 484
-4001 -1767
-2090 706
387 1490
-3921 -1625
3670 -3897
-548 -475
2122 2818
4417 1184
4258 -863
2074 -2697
-2405 151
-3894 720
-1509 4482
2595 1869
-3265 1614
-4283 2091
-1580 3181
-2151 -36
132 2741
-1734 -224
-1518 3366
2152 -3635
-1506 -3070
2418 814
-517 -3668
1412 3173
-422 3022
2429 -3796
-801 1073
-3382 -1630
-2550 3773
2699 -277
543 1156
3743 1059
-887 -2858
4075 -3224
489 3998
-3706 -900
820 -4353
3274 -990
-2824 -4080
4008 -2033
-2338 265
4057 -2255
908 557
-1524 3074
4206 -4423
-3969 -1489
984 494
-338 1915
3306 -2854
3214 -2777
-4466 -2804
2603 -3294
3340 4349
745 3768
-4181 598
778 -3562
-506 2135
4340 -3932
-306 2964
-2106 -3495
-3129 4426
419 -4141
3140 2831
1106 3294
3520 -860
-1009 771
4107 3160
-67 1432
2681 -941
-1305 4462
56 43
334 -2435
-3185 10
-2364 -3153
935 -1462
-3244 -2140
2246 1089
-3132 704
509 -4486
1095 3618
1484 885
-325 -3774
4235 -2422
-2110 3674
-2481 2948
3017 1231
-1868 442
3183 -1526
1676 2961
-2217 1159
-2668 2332
1870 3008
-4143 4336
-3291 1053
253 267
-508 -3983
2194 3218
3113 -2878
595 1335
3737 1090
-517 3104
-2187 635
-4422 2289
-3816 1621
3917 -4426
-3152 -2789
3136 1070
1989 -3262
3977 -1179
910 -3253
4010 -1885
-1423 3632
-494 -4009
1588 -1432
-3101 1514
531 2966
1313 -4469
-4194 -4445
-2846 -1579
3251 -2770
2876 -2982
-1896 -715
672 1242
1071 3239
918 -789
-2376 -1513
-42 530
886 179
-18 272
-2077 -671
-2486 604
-486 838
1273 -3591
1018 1334
34 1307
3311 1957
-3636 -3628
-2732 -1039
-2927 -1540
-199 3861
-2445 -420
-2026 2116
2127 -3133
286 3751
3988 -4205
-3153 -835
2339 -4012
-4248 4358
2798 1609
696 4192
-1750 598
3503 841
-1117 -1807
1985 -424
2288 3056
-2647 1091
-2888 -2966
2117 1136
1969 3013
2304 1868
-1964 3643
-1393 -1583
3940 -2334
-1966 -1583
-1590 2447
4480 1859
-1629 3902
-2365 -531
-899 -1662
-433 -1064
335 -4054
4410 3807
-1805 -399
3535 1486
3161 4312
1703 -4206
3373 212
3823 -154
-4088 3234
-1993 1501
866 3694
-4173 1487
1451 -1163
-1116 -2589
562 -1968
-1028 1274
3796 3714
4434 -3230
71 359
-4421 2563
-4321 -274
-1683 2078
836 4394
2605 3714
1510 2115
-4430 325
-4420 -1166
2681 1789
-3786 -1688
2756 -95
1667 2195
3045 4472
2574 -4013
-1825 2358
1206 -1175
-1729 -1498
4101 3247
-2875 2376
1942 -3972
1904 -3867
-3465 31
-484 3690
3262 1570
-593 4447
-512 -1929
-2708 -4217
-4115 2013
1003 -1487
-4109 1015
-3561 574
41 -2415
-2647 -309
3181 2570
1582 3496
-3768 -1405
1132 2635
-3559 732
3422 -394
841 -1405
-52 757
-99 -515
2507 654
1223 -4248
-833 2193
-466 -1456
-2891 4278
-1973 1177
2581 2556
-2343 1002
203 704
-138 2167
-2982 25
1728 -1023
-204 -4344
-2386 3580
260 -3469
2814 -1411
4113 3335
1955 2834
-53 3092
1368 3899
410 1683
-4095 -767
279 -2417
-3691 -1372
381 -2714
-1541 -3398
-285 1458
-438 2754
-3543 -1381
-3350 -3545
3982 3239
-3485 4371
-2536 -4471
581 -836
1083 -1223
77 1356
-575 100
1243 -3148
-1870 -2416
-2714 2724
1476 -656
202 -2012
-2833 -220
3644 3768
-812 -3663
3458 -98
-3646 4422
1648 -3681
-2244 3754
50 -1310
-2874 4267
1168 -3270
-142 -70
2216 2238
223 -3768
2657 4430
-2858 3860
1181 -3658
2715 3110
-2649 4160
-3375 -4171
888 -3880
1394 -3670
-3087 1198
-1509 -2466
-2765 2231
1172 -1252
-2776 229
-2942 -2094
-2364 -1410
2363 828
-766 2658
-2099 -1996
-2020 -4444
-3038 688
-3905 488
1392 665
-1714 -1165
-2677 3821
-4 1104
4171 -2183
-3357 2552
-3146 526
4398 2568
278 1587
2234 -776
-1396 4333
-4375 3256
1977 -3324
2523 1589
-2127 2948
3962 -3045
3505 -416
1901 1552
-3769 -478
-2241 -3252
2264 -1339
-607 675
567 252
2176 -1690
-3799 1103
199 -3034
-945 -4365
-1442 2429
4376 1324
-3821 3924
-1852 2865
-416 2882
-1999 2352
-3446 76
6 -3784
-4316 991
396 -830
3433 -2541
-36 4372
1367 2468
-4307 -2852
-49 -3218
-4074 -926
436 -601
-787 -3000
3091 4251
3825 2538
-3739 -3554
-3167 -3103
1525 -742
3506 -2504
-2446 -1355
2811 1662
-2989 -3585
2682 -155
-2642 -2630
1832 4215
1178 -3338
3826 -777
-3839 2320
2286 -3345
3789 2422
3142 -2974
-3659 -1357
-1980 -1339
2732 4009
-18 -4332
-3605 -1497
-1924 3115
-612 -217
-2661 2102
-2385 -1256
-1827 2103
121 -2243
3313 2904
2180 451
3917 -2297
4016 2644
647 -3564
1847 -3472
2026 3227
4120 3562
-2258 -1106
3665 -2365
3031 -2164
-4181 -2148
-2245 -2735
-2566 -1913
2253 -2348
-2898 -1244
3685 4472
-3179 1558
-3978 3827
-2163 3929
-439 -3737
351 3686
3412 4189
330 2977
3088 -2404
-306 1924
1000 392
762 -3474
-553 3594
2942 -2743
4375 -1267
-2698 1527
37 -1670
-2165 -408
1439 4032
-4026 1782
4379 3971
-1902 -3037
2722 4262
-3400 2898
-3516 -3897
3365 3864
-762 -1198
-2643 2153
1363 218
2350 328
-1387 -502
-4196 997
-4447 2706
-1775 -1408
-2483 -1049
2410 1158
-1253 -4162
1385 -561
2624 1658
3923 -432
967 1551
63 -1412
-1365 -47
-3862 -408
2867 2081
2450 -1302
-1923 3872
869 4287
-947 -4317
3302 2860
3930 2399
2225 -4349
-2444 2029
188 3660
-2693 -3300
461 -3920
-157 -2963
-2145 2165
1678 -3710
-2994 -4468
2973 2163
4367 3430
-1560 -2706
-3530 -1906
-2205 -2534
-1999 372
1775 183
-3301 2940
2310 -4048
-966 -3883
114 686
3191 -2106
586 -1993
-4070 144
-4351 -2255
-1550 1068
1828 -3062
-437 -1133
-2305 1707
-2932 -674
-4478 1910
-2560 2441
-1116 1155
-4355 3491
3740 1826
-3871 1961
1443 2022
-2177 1588
2027 2917
294 -2664
1076 2915
13 -1476
4454 -3914
4081 -2524
177 -2188
-3346 -14
-1244 296
742 -4362
-1590 517
3017 -1500
-4345 -2464
733 -2997
885 -2427
-3054 3875
-228 128
-3299 -2145
-3551 -501
-1980 513
-270 -1542
-3942 -2045
-4171 2547
1024 4306
-3649 -1648
1091 3947
-3340 -622
-4252 -1914
56 -300
-1207 1916
-3389 -710
1445 3853
2868 4054
-2157 -3584
-1843 2965
1533 3274
-4376 -2715
-537 -418
-4285 -4155
-682 -3866
4287 -472
-1951 192
1165 -442
3842 2740
-4495 -1976
1804 -1264
4018 -1922
158 -1478
-1258 3565
2791 -1135
-1291 -1499
-3412 -3768
2682 -3361
-894 822
-2212 2611
792 -1444
-4278 -477
3116 -305
-2979 645
3726 -3971
717 -120
-1047 2569
-4374 1910
-1224 -1467
1355 2630
3682 -24
-2823 2174
2649 819
1766 3149
1886 177
-88 -3018
1861 794
4282 1055
2550 3188
-3546 -694
2840 2525
-1557 -3858
1477 584
-3795 4204
-2998 1208
2638 225
3656 -513
-4095 -1619
-3658 3556
4033 1961
1295 -712
-2879 -2196
375 4335
-4379 3893
3424 -4010
661 -171
481 4019
-3441 1276
-694 1234
180 -569
3964 1792
-1837 -524
1049 2393
-540 -3490
-589 -638
-3823 -2051
-1836 -714
-861 4389
3152 -690
2204 -2877
942 3405
-115 -59
-4098 1956
1440 -3318
924 -4266
-729 984
1869 -2035
-2942 1059
2826 3485
-2159 -111
-2051 1131
-4096 -3827
-3334 -600
-3853 -2499
-237 -2870
-630 -1326
2003 4407
2740 -3141
-1351 1136
2567 2264
3508 2785
3373 -1692
1908 -3407
-1812 -1144
4272 1138
-3074 3951
-1137 -2443
1680 2600
2568 -2195
-1199 -3402
1557 2376
-383 -1903
-2986 536
-4202 -4402
-3833 -4340
4385 -2712
1295 -1437
714 -2749
3415 -4250
-4423 -4158
-2069 4354
-2817 -3321
-1409 3194
-1289 61
-3263 3724
-507 2328
1956 -4073
-3841 588
-3048 -2924
4409 1521
-4365 2121
-2584 -3547
-3791 1929
1236 -303
275 -4036
4077 4247
2792 -2949
1620 -2727
-923 2790
3173 -1537
876 -2213
-1126 4275
1974 1339
-1281 1259
680 4462
2791 -2847
-3935 -3939
3615 2236
1741 -73
1238 3424
-1419 -4265
-2706 2951
-3265 3599
-1008 -1910
-1012 -3147
708 -2752
1543 2623
-1383 -53
2007 493
-422 -2334
511 -3047
-2650 2228
-1355 3656
-2009 4477
4073 1490
4270 4230
538 -1711
758 -3872
4206 3620
3250 -1177
-3816 4467
4149 4110
2389 2725
-3567 -1982
-4137 4465
-4126 -4421
-982 -461
4257 1003
1337 -2328
3451 216
-2546 3438
-725 295
-372 2587
-1649 2152
-2830 2019
-3748 -2072
1437 -3627
-3487 1957
-2334 1540
1342 -3172
3042 666
-3854 -987
1097 -2889
2293 -2194
-4282 2651
-1073 -2221
3821 3691
3974 -1197
-3993 -3412
2972 -254
-3711 2274
-1289 4307
402 1281
2229 -882
1971 -169
-2814 1120
4275 1225
2138 2496
-711 -1125
-4090 2846
2075 4368
723 -3888
-4311 -1246
2520 -2196
-3831 -2250
3470 2375
3363 -14
-597 -2757
-1161 -1549
-1365 807
1257 3273
-1607 -3961
-3701 3623
1843 3600
-2671 -2983
-432 2269
-1245 -3478
2135 2377
1258 1436
2378 -2657
-3147 -3204
3806 -92
-973 -3346
3619 -3429
-1925 1505
698 839
-3924 -3687
0 4366
3891 -1422
800 -291
-24 -384
-2685 2462
-2250 2675
-3693 -2218
-4195 -2156
3470 3818
-1802 2719
1484 1501
-3327 -2272
2871 116
-269 505
4012 2586
2079 -736
1916 2022
4153 -1827
1645 -3956
-3938 2811
3614 -4389
-3450 1467
1338 -4335
2300 -3411
-3429 605
1150 44
4220 -237
-347 3892
844 4373
3689 -3729
2029 -2808
-1221 1663
-559 -2194
-2957 3247
3904 -2058
-2186 1220
426 -500
4236 -1957
-2348 2840
-3711 -717
-56 1921
-1875 -1665
3865 140
-3288 -4389
-3397 437
-683 950
-3458 -1967
-2467 -3125
3024 -1618
-2846 28
-2951 -3621
1416 596
2530 574
-2176 -1240
2596 1178
2012 254
-764 945
1903 2946
-2418 -1422
-4326 907
-2959 -819
3924 -4154
1421 -3567
3810 937
-2705 2534
751 4010
783 741
3821 -3250
-886 -1754
-2143 -2869
3314 3444
1788 -2469
-2382 1187
-4197 -2950
2260 -2589
-3614 3417
-4409 -4312
-4499 -521
3605 620
-313 1673
1316 -2346
51 -1904
-394 1852
3816 1709
-3407 -2557
2252 -1980
-155 3385
636 -2937
-3822 -3895
3073 -2127
-802 -3480
1901 -3330
-1825 -1065
669 2917
-1671 -4053
589 33
-3891 3480
-244 -1028
-3407 247
-3668 140
694 3419
3401 -911
-3512 66
3148 1207
3559 -4032
-3438 -1778
-1983 -4275
-4076 -4369
-2590 718
-4083 -2654
-391 -2661
-2690 -291
-1585 1098
-169 -249
-2543 697
-3989 -1993
790 814
-1497 1495
4415 -2539
1621 -550
2857 2984
-385 234
3842 -559
3487 -3507
3061 841
57 3879
-1012 -3980
-754 -1025
1713 -820
-1456 -4153
-3161 -19
18 1489
1465 -2051
2166 -4160
1532 -2719
2432 -2618
1756 -2334
237 -2610
-4279 -3430
905 1713
2747 -1462
-2041 -2354
-1492 -1531
-1094 2798
493 3475
-2257 4118
2857 3912
-1889 -1852
2359 1387
-1743 4353
2581 3071
659 2933
3923 -561
2504 3765
-2707 -3344
-1049 2308
-3106 4154
1503 -3898
954 -4370
1659 1189
-1237 -2439
1385 3244
910 1616
2938 3336
-1766 1746
1982 -643
-3488 -457
1963 -3153
648 3523
-792 -4447
-3280 -3716
2296 -1609
-66 -914
-4184 -3399
2338 -2626
3739 3804
2815 -2173
-1668 2361
716 -3949
1620 871
-689 -2258
-1751 3947
3078 -2841
1709 4402
739 1045
774 -1194
3854 1724
-1791 3955
-1229 -3051
-4273 -2779
-4367 -2783
-509 -4203
-1744 2724
1363 3947
-4384 776
-448 2943
-152 4499
-755 -3050
-3284 -2027
2348 -1596
-342 1403
3417 -543
1664 -157
1477 -70
3472 -981
-3503 1831
3754 2273
-129 3919
1255 -1740
-1526 -4044
-3881 2991
3466 4283
2963 1112
-3705 110
3637 -284
-2963 2394
-4082 2891
-4456 -424
-1098 3235
2612 -2547
1233 -3093
-1214 417
-2194 2473
-794 2880
4076 1728
-3600 194
2702 798
-2242 1577
2726 -2555
3947 -3457
3201 2133
515 -1855
719 1564
2412 3872
4029 -1359
-723 4422
2573 4490
-130 -3351
-2446 -3974
-1814 3943
3836 -277
3401 -3030
-1139 -2268
4031 -2868
4474 4184
-1676 4427
2518 -2428
1236 -2626
-4149 2355
-1956 -535
1395 -3418
2975 3284
-204 2098
-3887 1700
3167 -876
2116 1778
-2478 -3637
-3703 -4040
399 -471
-1072 -4212
2397 -3846
1711 -44
-3684 -185
-3261 -1270
1817 -3553
-627 877
1651 2268
2998 3068
-315 -65
-3313 3328
1207 3912
3425 -4431
-2740 794
-2261 1353
-1014 4157
-3818 4089
4369 3861
-1591 -4475
1042 3171
4271 1017
4243 3885
657 -1690
4428 -2253
-4396 3681
4469 -4236
3539 185
-146 1698
2405 3357
2829 -1066
2756 -2766
-2056 3091
-4065 -4306
-3978 311
-3181 3187
1232 -2186
1673 672
-491 1453
139 -1862
-741 -1702
-2541 -1550
4019 -2158
2617 2394
3397 -585
3221 -2342
3435 -542
-2470 -1788
-3694 2831
-698 -3961
-2924 -2945
3796 344
-2883 -3641
-3501 494
-2358 -3216
1946 2675
-4251 3084
-1672 -3096
-2696 -3907
2332 -1626
-2027 2326
3159 -3702
-284 1048
-1576 3308
2109 3681
-1817 -1741
2923 -1502
1241 -3305
479 -287
-1611 2618
459 -3269
2252 1185
2000 2057
-2988 -4180
-1907 -1455
2281 -4098
2543 -1000
2125 2527
1015 -2114
3271 -2908
2942 -1226
3325 -1651
453 3458
-3056 4427
-3226 1152
2703 3748
-35 -4014
-4316 -864
-3710 3098
3535 -2484
-2087 -1993
220 2440
-3861 2507
-3600 1371
-2099 -3609
-1092 -1944
1744 2339
2641 -3421
4131 -29
-3325 1674
-525 1666
3393 1628
-3022 3948
1974 -4292
-19 -1576
-1413 3380
3249 3999
1277 -1288
335 3897
1636 3229
-76 -1779
-2053 1258
851 -760
2765 1159
4326 -1661
-3459 -2800
-1303 536
-870 3775
4036 1841
-4120 -443
-293 -3771
3202 674
3004 -4061
2429 -4489
1999 -102
-2885 -270
3643 3506
-3181 4205
-2702 -4267
874 -1842
-1103 3444
-4433 -1652
2051 -2819
1673 2456
-3463 1082
1326 1819
-2212 592
-2288 -3436
1196 -4436
-2784 2782
4265 -4115
-1761 2830
-1112 -1645
-949 -1018
-1643 503
3745 -4340
11 -1694
1550 -756
-3244 4232
1510 -3089
1119 -4101
-1176 -3624
1904 2624
-4078 410
-2083 -2383
712 941
-1226 2089
-3710 -3824
4271 -1417
-4201 2634
3349 -1062
4073 -1809
-1765 1875
3150 -1765
3994 -110
-1281 -165
-2682 -803
-2881 2352
-974 864
-4445 -686
-466 1779
-4251 4442
3155 -3934
-572 -3305
-3033 -3284
2627 -188
-3318 1641
4030 1373
852 3103
-1765 -410
532 -513
100 1103
1441 -318
-894 -1114
3572 -3066
2937 -1098
4145 1845
-1620 1603
1772 4393
3940 1453
-2286 1228
-451 -4359
-2851 -3778
-3914 -2152
451 -3761
-2525 -557
-4429 3343
554 -3247
-271 2222
-3019 -2871
-152 2428
-3057 3367
-1714 4156
-397 -4325
-3305 -2348
3744 -237
-3909 -2959
-702 -1134
1478 307
60 3434
-249 385
3187 991
1858 846
2706 2202
728 -1526
-3348 -2488
3707 3078
3174 -2236
875 3282
-668 3163
-2058 3619
2140 -3476
4028 -1742
867 -1770
2136 -174
3449 -4448
2675 310
-564 -4057
56 3786
2777 -4260
-53 2739
-606 3247
483 -2861
-594 -4463
1431 -4048
-2390 399
-2034 -2254
-1193 1836
3581 4164
-709 4106
-1636 -2478
2979 -2125
-1305 -2502
-1634 2207
4342 946
-3281 -761
736 97
3754 95
2156 41
3269 -1676
-485 -2772
-2911 -1636
2385 2856
-2943 -4152
-4061 2469
-2326 2389
482 739
3423 -3741
3389 452
-1192 -4148
4273 -4062
-2419 -855
1441 -4239
719 1365
-1224 -2703
196 2987
1438 -4053
-1262 2751
-24 2119
4336 3857
-1306 1797
3476 621
442 2444
666 897
2293 -740
1117 -1714
-1100 2286
1142 -4300
2783 3698
-1893 -3820
2137 -1359
-395 1908
1221 2395
-176 3303
-2100 -1743
-1022 2668
359 3431
45 4380
-1383 492
3015 2744
-4037 -3612
-2725 3715
-2881 -4226
-1212 418
-489 1507
2235 -1023
1704 4434
3332 3524
-208 -761
3121 1365
-3806 3000
-1804 190
-1862 2306
1396 -4090
-3151 1162
767 4168
2307 3745
-778 -1160
2289 4015
1628 -181
1280 -4475
1827 2279
3778 1316
3334 1119
-560 2703
1392 3721
503 1813
2345 292
1931 -744
1246 -3992
2754 -2074
1019 -2119
-1822 -3013
-2537 2790
-906 308
3884 2395
1809 -1801
-835 3693
924 -3903
-383 -2131
525 9
96 655
1072 1845
4416 -3096
-4383 -2502
-3705 2157
267 -2530
1730 2088
-1820 -1933
2908 1334
-3358 -2290
2506 -2148
4259 -1293
-1502 -825
-2356 -2089
2423 -1880
427 -2950
-2633 277
-1027 1145
1788 -2632
-447 1385
2758 909
3435 2976
4039 -1081
767 -1953
969 319
1837 1376
1051 -427
3882 -1176
-3296 -3469
2293 2617
677 940
3754 -3681
2225 2093
-1409 -3872
1230 3046
355 -604
3149 521
4472 -355
-172 1077
-435 -848
-2099 366
3987 -844
-2188 -642
-89 -2959
3190 4184
3266 -2552
-4330 -4092
-1210 4095
1060 -170
2365 277
-849 1168
-91 3374
3313 2834
-3949 -3537
-2471 3768
-3054 -3927
-2603 820
-2341 -586
3190 -3605
695 1930
-942 4181
1405 3904
994 -2857
-794 3874
-1664 4497
-1227 2117
100 3936
3633 28
1704 4411
-4146 -1763
-3803 1857
1862 -4473
-2564 -3056
-1206 -869
-3676 1484
4106 2769
-2499 -550
-317 -3086
-258 -1393
-1991 4045
-3432 -2279
-2441 -2581
1523 -123
2002 3668
-3076 -77
1372 -2139
-2185 284
2931 2059
-1622 -2637
64 -766
959 -1471
-1835 -3596
-1529 305
4119 -2779
2932 3637
-4251 -2177
-3456 4304
4228 -3338
-1244 -2560
-688 3204
-2502 -3228
952 -2155
3863 -267
-2249 -2899
4304 -1234
491 4185
1587 -1754
-60 -1635
-420 4216
-41 4043
2208 2741
3973 -2570
-210 -3942
-3221 -1252
1277 -1141
-310 1385
-2086 -4011
-3908 -1912
-3867 2541
-2510 1270
-383 -1151
1294 -3182
-3194 4155
-2310 2243
256 -4194
2090 1966
-3229 -1368
-3071 -1475
4291 -4140
3681 2963
-2783 3246
4369 2295
1897 2358
-1011 3898
781 2870
-2288 3938
-121 2509
4010 -3576
954 -1197
3251 4303
-839 3114
-277 -2904
-4431 -2479
515 885
2465 3989
4127 -3809
1094 2951
2204 1096
2951 804
-3659 279
1658 -2881
-3544 3024
-3088 3296
1849 2090
2990 4239
-1316 3352
2830 3108
2304 1455
3737 2656
3494 4338
-623 -1308
1500 -3631
-4168 159
-1567 3019
3130 -1975
-3606 440
-143 -3417
-3433 2054
-3858 3106
306 1285
-390 747
2160 2856
597 438
-2300 1638
2285 1116
-3062 -2062
-2792 1995
122 -793
2995 -1255
695 -390
-1920 3375
-2767 -2420
3535 -2619
1271 469
2189 -1876
4022 -1300
3626 819
1107 -2687
-4259 448
2607 1703
2036 -2153
-2066 -3600
-18 3794
2230 -856
2303 -1628
-1695 1219
312 3001
2340 -95
1979 -2392
3008 4179
-2278 3025
-3105 2326
599 -616
-4400 -3136
2890 2433
-1761 -3672
814 -2050
3543 -2221
2529 -3840
-1780 3563
-2625 -146
-2244 -250
1746 -774
2387 -4088
-4087 -1242
1510 2370
-3461 -3578
-3565 2803
-2293 -1716
-1003 168
2695 4149
3235 202
-3116 226
1000 -2596
-291 914
4122 4254
2727 3746
-2502 -3353
1482 -1823
4279 2903
3060 388
-2870 555
-76 3554
2381 0
2870 -2994
-4158 -3481
-2281 -428
-4154 -1311
-4364 1965
-1828 4053
-2124 454
2348 -3876
-2968 2210
950 -2861
-161 -321
-536 768
2966 -2969
4416 1886
236 1242
1560 -4153
-2864 3654
995 -2792
-1397 -3097
346 -291
532 -3014
2250 4389
1605 -3177
1667 -1845
-4386 102
-4232 -2261
3630 -1621
-2535 3002
1055 4359
-4046 -293
-4242 -3920
1994 -1565
-706 3182
4033 -2851
3471 2833
-4285 -2099
-2713 2920
724 1636
2658 1024
445 -4377
-799 2339
-1644 2977
-2292 -3863
-1308 3986
-4056 -2394
1429 -645
-1217 -3120
-2737 1342
-2239 -133
-3113 1741
-2407 49
-2447 4016
3309 764
-1431 2514
-1797 -2395
-2872 1557
-1074 3491
1639 -594
-269 -1344
-3516 506
3003 -3777
1969 -2774
970 -1629
-3886 1225
1699 -963
3728 1994
280 -1007
-1740 -4427
2392 2659
3702 -2583
2283 1464
2979 3452
1579 -2359
-2918 3828
207 -3634
-595 -2468
-820 -2198
-2282 -1930
3932 3145
321 -344
4402 51
-3876 -3111
-2943 1864
-547 -4252
-1353 -4065
-3300 -3158
-3458 -64
3065 2227
3108 -518
-1056 -3192
3772 1558
1795 -1762
-3949 4232
-3340 -1446
-1918 855
2803 -1795
2909 528
-585 -3
51 -4106
1643 1530
694 -2601
1733 -1925
183 -3899
488 -558
367 -4329
-1192 2395
722 -2227
1568 -3720
-1858 -3873
-3290 64
-2275 3656
-3030 -4216
1889 2818
3363 3352
2670 2834
-3841 4125
-894 1878
-2214 -882
-1795 363
-125 -4247
-3879 -2564
3342 -864
3794 -578
2257 -2681
-511 -525
-2966 -3236
-2592 2908
-2656 -2772
1763 -4265
1046 -2430
-506 -4264
4312 2593
87 -3992
3101 -3131
-2148 -2726
2108 633
-2708 -3577
2316 4303
-2800 -3313
-685 -2205
452 1564
2628 1894
2512 115
-582 -2864
-1916 1531
2994 3207
-565 -2059
1832 1759
-1581 1270
-110 -3444
-2651 -4407
1315 -669
-2535 3799
1867 -1602
-4092 1643
-4343 1952
-219 4147
4156 4337
-902 4128
-4237 1953
1156 -870
-419 -3610
-3850 4351
-1473 3356
-2355 2288
-3717 -3587
1865 -379
2103 3075
-2362 1608
-2981 -4116
-822 -2353
1466 -3884
-2076 -2149
-3983 -584
-2001 3587
3389 315
3918 2595
-2332 -1325
3695 3938
3213 -571
-3489 3361
532 1615
-3262 761
3041 2549
2219 4372
444 1191
336 -1032
240 -2793
2595 1844
-3317 3950
164 -4380
3362 -1372
-2935 -2131
-3502 -1829
4432 4492
-112 3974
-4347 -2741
-2525 4457
3930 -1647
400 -4407
-716 -3058
1488 2952
-1180 -4326
-1918 -4469
587 -2244
-727 1567
262 -1215
-346 -4095
4422 -1263
1832 -1092
-1814 -3358
-1849 -3143
-2463 -743
-778 2785
-3232 -4273
3133 -833
-2931 600
-571 -2504
-3555 -234
3250 -1210
3835 835
-3613 -1748
1514 -3728
-741 -3141
3580 -2932
-2654 450
-349 1104
-4124 -4060
-356 2431
-874 2674
-3103 -1460
-3884 569
-269 -2584
2994 -3408
-4052 3558
-1031 -2635
-1271 -1631
-1821 -847
-3205 -1652
3552 237
1759 -3718
-736 -2228
2050 1201
-1864 -3500
-1088 -1802
-20 -3635
2507 -2660
-4372 893
3338 845
-3865 1443
1765 3317
-546 3836
-3326 -1653
-1307 -3356
-3022 -953
1904 -1593
-3057 2084
-3739 1366
-2957 3613
2374 2864
-1578 -901
-529 -3565
-197 -2610
-908 -2262
3132 2586
-3969 -3068
-3932 -1859
229 -4241
-3088 -625
-1564 -3378
-1473 -1874
3534 -2809
4249 -2560
-405 -3376
-3121 2389
3830 -677
-1661 844
-4116 240
3720 -3264
52 -2826
3019 2678
-3632 2107
-1963 91
2668 -4312
-3421 -1156
2208 2067
-1656 -1747
-374 1957
3565 800
-3496 4442
-4191 -795
3208 4263
-1901 608
-3943 1589
1898 2530
-3578 950
329 -3145
2846 -3067
-596 1587
-4212 448
3018 3338
1189 -1149
1861 4457
-315 -3042
-2589 584
-4153 98
-3262 -1126
-1397 583
845 -441
-1413 -4324
-98 -4393
954 -4035
-191 2149
-1044 4279
1228 -971
3301 2669
3350 -3690
2255 -2218
-2611 -1170
-1849 -1090
-926 -96
3991 -3633
4137 -1895
-2329 3333
2123 -1348
-2721 4255
-3318 -3706
-11 -33
2877 3745
3980 3165
-1067 682
-2082 -3450
-724 -2016
-3431 -2078
-4294 -1543
-2742 -4165
-4018 536
2962 2883
1199 3508
-3945 3615
-1188 -3323
-4144 4083
-1692 -2510
4431 1523
-871 3078
-1721 -2747
-3421 820
-2120 3881
-851 1530
2398 -2860
-93 -1369
-3858 -3851
-3668 -1835
2825 -3227
1243 -2138
3054 -4265
314 -460
-2091 1589
-2074 -1011
3990 1231
-3920 -3809
3788 -4410
-3591 1097
3775 3333
3284 1477
2207 -4089
4499 -713
206 -1003
-3041 -2159
-2663 3504
2376 -1390
-2447 -2398
-2999 -4196
-898 1812
2986 -956
-4336 1179
-2829 -669
-4198 -4396
-380 -1809
575 -3031
526 -2625
-1022 3378
-3255 -2298
-3271 2837
-1527 -4277
2825 22
-1603 1628
3184 1374
2888 -2516
-372 -2421
1710 -2807
-3528 -3340
19 -4191
-3023 4341
400 679
-2064 -1982
3056 -291
2787 660
-3747 1443
-4281 -1715
-4376 -950
345 104
951 -764
3762 -1635
1591 2081
908 -3070
3810 -669
4445 -2874
-3081 2097
2606 -1030
211 3180
742 2908
2459 2070
1643 -3602
-2171 -1436
1034 -810
-3065 3367
-2941 -2012
948 442
-4050 -2816
2496 1880
-4444 -1189
2459 -1973
-2140 4411
-4411 1187
-1865 -2490
-2680 -1268
-85 1536
38 569
-2442 3566
-2432 2043
1739 3982
1575 -991
-118 4227
4206 -528
-820 -856
211 4481
-4433 -2004
1509 98
-281 2189
-2819 4184
-3078 -3163
-3425 2425
1446 -1209
3377 -2503
-119 533
3198 -2507
1712 4255
-3510 -2183
373 2827
-2630 507
-4168 2903
-751 1594
-215 1266
-36 2435
490 1682
3521 -2834
-738 2918
3449 -3707
3709 2328
-1847 -1760
2874 2358
1678 1094
-2490 -4398
765 -871
-2118 597
-2942 -290
-344 2373
-4035 3077
-398 850
-3305 -2934
96 -375
-376 -1717
-1348 312
2317 2436
3995 3599
3197 1450
1547 -648
1039 2801
3474 -299
4270 2997
-2070 -2223
2278 -3527
439 -4137
-1249 1230
-4089 4093
-2584 -3523
-1858 1475
1425 112
-696 -4092
-15 -3582
-1677 -2881
1818 461
728 -3121
2478 1784
-1903 -1343
-1478 -1324
3859 -3100
3083 -2069
937 -2526
-3534 330
310 2395
-3101 -1807
4403 1881
-2198 4258
-86 1915
-527 2885
1472 1992
1352 -4056
-599 3419
1709 -875
-1377 -2413
811 333
1726 -4082
473 -1282
