2184 285
3557 1556
-646 1064
1663 2087
3441 -589
2950 256
947 3036
792 -3555
3976 -2229
3826 546
-3593 1034
-2267 2812
2108 -2330
-473 -989
3743 2867
-3980 768
2102 3534
-1271 624
-401 3753
-3355 2656
3416 -2680
732 -1828
2872 1173
1558 -2012
3404 -3851
-3487 1945
-2267 -1540
-1746 2476
1982 1604
-3142 3448
-2921 -3863
1548 -1969
-1189 -3522
749 -3386
283 -3347
1174 3060
186 -733
-389 1764
2808 1031
1987 -2055
-2496 158
269 -1461
-4020 2576
1315 -1710
-4020 -2122
2356 4079
3845 1263
-4039 -3265
2191 -1985
-885 1841
1105 -1152
-1352 -3741
4038 -449
-1198 2396
910 2415
-3433 -800
3364 -1719
389 3090
-3364 532
-107 -1328
-445 -3074
-1362 851
1335 1185
2212 -3506
-3349 -2626
-2674 1274
-3930 1385
-3338 -12
1980 1723
3249 2002
2104 -1861
-3201 1294
2767 1666
248 -3977
2099 -3270
-3090 2236
-592 3387
2970 1597
3164 -1053
-2918 2290
3965 -2189
-3048 -3648
3797 -3115
-969 398
-3499 1292
0 -4067
-2292 40
3723 -2125
-2135 -1336
-1817 3061
2011 2460
2883 -156
1470 -167
3679 -2297
919 3749
-482 -1644
592 -3242
129 1661
1493 2983
-3752 -3864
-2810 3286
2217 -1163
-1699 1455
-1101 783
3306 1586
-779 2741
-1562 2988
2811 3304
-1045 -1847
-3015 -780
-1945 2640
-2961 -2116
1019 819
-2274 2672
347 -2350
-1004 3471
-2001 866
-3149 -1191
3050 -869
3017 608
-582 -2857
-3933 -44
308 472
-1096 2348
-164 2793
1293 -1769
-3356 -144
-2815 -3596
3769 1824
539 -2495
-2 -4068
-89 -2109
-2437 -3011
954 3772
3881 790
-2808 3078
2230 -2692
1331 3160
3497 1553
-2022 -2577
-1003 643
-247 -138
2568 813
-981 1001
-3149 -4076
-1238 -240
2440 -2434
2998 -2879
-3038 3507
-2939 -275
-100 1955
2071 1903
-3840 2042
-188 3622
-2437 -1221
889 1756
1618 2171
-367 -2052
-26 -1845
-527 -4008
-1935 -3464
-2721 2397
3388 2230
-2307 -1384
-462 1347
1792 1216
-2537 -2389
3222 2878
-70 -3125
1222 -2273
-875 3282
2227 -3736
-578 2607
3578 1947
1560 838
1751 831
-1043 149
3830 1062
2080 2253
567 1090
-3637 1107
-2861 -2695
4099 -4076
1550 821
3357 1716
-3418 3119
-2895 -2478
246 1305
-1843 2583
-701 307
2532 -319
1182 -1101
1020 3371
2818 3060
-3258 1961
703 3504
2950 -875
3167 -2072
-110 1207
177 -426
-3624 -1256
-1364 3121
-1590 -3353
654 2895
-2057 -1981
514 -326
2197 547
-2287 -490
-3450 -2575
-3241 -2616
-1506 -1910
-2702 -2109
-375 1182
-3002 356
1077 -1055
1567 1240
115 1712
2346 -231
1863 -2859
-2147 3957
263 -3345
-251 558
3007 2201
2264 3587
741 -2505
589 589
-1889 3233
-1671 -2959
-3064 -923
-2181 -1324
2750 247
-1502 -2505
1630 -3860
-3379 3321
-1202 1289
-775 3837
601 3841
-3026 -343
3461 788
-4069 -4015
3854 331
-2969 -1872
435 -2441
-3334 -1358
-3475 -1577
-1842 3527
-2643 -1819
-110 3914
-2719 -3679
2689 -787
277 2722
2268 -3745
-465 2175
-2497 2404
1252 -3616
-2172 -2745
-796 1298
582 2516
3431 -2653
-2564 652
3238 -682
3800 -1702
3478 -72
1278 -2020
-2844 -2192
-257 -949
793 -1418
-1609 2117
-526 -1217
3733 -3401
-1540 1580
3792 2669
-3177 -2932
594 -1233
3898 2611
-1767 2340
-1699 3650
1958 3957
-1742 3606
-1655 -1476
-1247 -2468
208 3469
1393 3759
3337 -2224
3453 856
746 1855
599 2937
938 -2906
-1841 -1429
-3442 -1536
-2970 -4056
-4019 -834
-3480 -132
-2912 -1647
-539 1737
2481 -378
3710 -424
4085 -163
2067 1575
-508 1130
-424 1445
1342 -1866
1324 -1731
649 -3500
-2567 -3203
2672 -2511
2618 821
4048 -3888
-1040 -1021
-440 1540
2007 3161
1027 -3262
3783 -1602
-3675 2994
-3818 3106
3198 3992
-3303 87
2941 3889
1963 3184
-165 1345
1439 -3756
-2950 1400
3124 2566
-2389 -1532
-3143 -1181
-21 -819
-1459 -391
1535 -1474
1669 -3093
3659 -329
-237 1965
2963 -3310
-3428 894
3925 494
325 2285
1625 1187
2201 1210
-4034 3659
-1422 2543
461 -3535
2181 -438
2950 -825
2046 -88
-3895 -333
1089 1983
-2310 1527
834 -3266
-1913 2925
841 -3708
-2569 -1897
-2054 805
-2871 -2241
870 -4046
-1026 -1298
-2061 618
1676 1156
-1741 -3320
-2695 155
-3271 676
1547 -3228
-1083 -2543
-3191 1861
998 -960
-1653 1887
3679 2001
-8 -3040
1176 -3698
-1578 -2717
884 679
1656 -2926
-3887 -3937
-2674 351
-972 556
2157 3024
-2470 -1
3222 -1880
3954 1124
-2009 -41
1675 2687
1143 2
2874 3881
239 -28
-257 1600
-189 -3354
3168 -1602
2234 1599
2203 -1289
1434 -1400
3764 744
235 -55
-3095 -3168
-694 2661
362 829
815 2890
581 4039
3484 -1850
-3421 -2991
-159 2715
-3466 -4013
-1476 -3778
3388 3214
2020 2016
-3975 1159
1600 1820
3044 -2121
-3755 -1826
3839 602
-2086 -2540
3337 -818
757 -3424
-1532 -155
-378 1912
-1507 2216
-908 1905
-1547 1445
1062 -1664
-546 -513
-271 -3756
1461 2227
-1347 3991
3155 -3362
3485 -3238
2926 1881
-113 -1815
2041 2933
908 870
-295 3516
-2861 1091
-2288 2681
965 -2291
1110 -3040
-1194 -410
1071 -2181
-3971 -2684
-2120 -340
-835 474
3370 754
-273 -1918
-2513 2495
2 1461
2978 -1998
1167 3727
-1483 -2133
2290 459
2611 -2642
805 -1894
179 -1153
3055 1632
351 2906
152 1354
-2420 1277
1818 3407
-142 1878
-80 -3175
-2662 -1499
-1537 -3334
1624 340
-2334 3997
63 -3517
-809 3373
-3405 -933
2665 706
-3418 3752
139 -623
1855 -155
-2446 -1399
2315 -2808
2217 1727
-153 3283
-229 3839
421 -2004
-1990 -3833
-2894 2267
652 -1122
2578 558
-3354 -2573
2475 1826
-3293 1217
3742 -703
-1237 4072
-2695 -132
1610 2883
2847 -349
-253 -2938
-3153 -3567
3358 -1784
1069 -9
3106 2025
722 2836
-2975 -1985
-2048 -1225
3247 -439
1324 -552
-3956 3949
-514 1360
-2599 2828
-272 -2047
781 1155
-3046 2947
-1712 657
-2886 -3013
3603 -3771
333 -73
-3438 -659
-2662 -740
-3093 -1341
-1034 2025
-3691 -3376
957 -2041
1833 1590
2979 3233
2959 2179
-2328 -1932
-1983 3464
1289 2775
780 -436
-1038 869
-2413 -671
1950 -2761
199 838
-1007 -3216
285 3861
2976 -1796
-549 2774
-121 -2698
3222 -1990
-2064 601
2270 -89
1647 -533
3010 -3419
-301 1232
-2362 -1333
-1270 -228
3918 1575
2166 -3225
-1806 3327
2196 -3990
-1510 1730
-1347 -773
-1758 -4052
2469 -339
3939 332
-2745 2193
1239 -78
2439 1443
1907 -1926
170 -2524
-1797 -827
-1199 -1280
158 -866
-1990 4066
1834 3585
-3555 -1327
2320 -4068
-642 -82
-2718 3953
3429 3454
1741 -3354
3122 1470
448 -3644
-2944 1927
2860 -2359
3649 -3174
-1329 3737
1265 2881
1683 1806
-2385 -1958
1559 -91
-592 -942
-1564 -2762
-3415 -3666
-2655 4040
-1131 -632
2705 1367
1961 -430
-2591 764
329 -1867
1639 -1116
-502 -2676
1240 -945
3637 -1768
3205 -2571
-211 -4005
3026 3909
3947 2080
-2022 731
-2560 -2049
-835 -3295
-554 1238
-3428 -3941
2423 -2503
-945 -2470
1176 -2546
-1517 -2469
4002 2933
2537 -2115
-3381 -143
-3857 305
237 -2398
-363 -3042
1009 2407
-2943 -2138
-1421 885
1070 -457
-3639 -3003
-260 3489
1637 -1432
3499 -267
2897 -2379
605 2720
2533 -2200
470 1139
-3281 3923
-3762 3298
-160 -3408
-3686 3477
-3663 -1571
-3314 -1263
3192 -4016
-1321 2164
3197 46
1912 -247
2707 -3498
234 478
-70 1691
2158 2924
357 -3651
3143 3016
-1083 -915
-573 -2429
-1438 2659
2527 2294
-3540 83
153 -917
-962 3544
3025 -3051
1410 -3893
-3211 623
1459 -1638
-3023 62
-2351 2305
-968 -477
1694 -2952
-1174 -1822
-3022 -3655
-2843 2569
-361 -163
2769 4029
-3283 -2266
-3935 -1557
-4077 3501
3359 3652
2668 -1308
-1593 2382
-161 349
-628 2391
1427 778
-2487 1434
-971 3805
1753 -811
-2378 3564
1955 -330
-612 -2894
2875 -654
-4061 -1313
815 4029
-353 -1145
-2423 -2333
-1555 52
2140 -1526
-3242 -1551
940 -2942
-463 3652
390 -2809
-2734 230
1602 -1406
3935 2030
1254 -935
3688 -929
-3595 -558
-3227 168
-3470 3828
-3822 -854
107 -3873
1856 -2040
-3057 -1779
-2610 1112
-314 854
-2706 -3305
3314 2866
-1055 -266
-3004 -1341
841 -1142
3450 2097
-2702 3272
-1338 -3400
-139 -2849
2233 -856
3489 -2205
2657 -1529
1358 -58
-3964 -1611
-81 3009
334 2949
4072 2945
1402 -2749
-301 -713
-1733 2145
9 -544
4029 -1538
-2773 -444
773 577
71 419
-504 -1793
2449 672
2593 2843
-1519 -3232
4060 -2197
738 1817
2244 2304
-2244 3419
-2110 -1522
2159 819
-527 -3052
-3370 -1558
2933 -1769
1559 -3910
-384 3258
1175 -699
-498 3625
947 -662
579 -39
-1577 3589
2666 -2389
1693 662
-2448 -2052
-2166 -750
-1555 3304
-877 1884
1657 177
2019 -2804
-618 351
-2271 -1768
-3015 2745
-227 236
-2612 1885
1685 3710
266 1810
2691 -3480
3757 3593
2983 -3789
-4030 -2309
1162 2090
-680 2232
-245 -3443
-2834 -2308
-3703 -1125
-3063 -4016
-2565 -2356
823 -3297
4075 1805
2423 -4098
-3390 3006
1829 -1382
3792 -1123
-1812 -2263
-1897 1615
2442 -3898
1764 1963
2158 -3309
451 2985
-3000 479
-2107 -2723
2426 -1511
-182 -3733
3900 2355
-2669 -3603
-3556 -1379
-3807 2513
-2443 -155
-1628 -2736
-3300 2036
3643 -2293
-3159 3725
-3715 2757
-1946 1856
-1249 2805
2838 -3503
3915 545
2310 1667
-2317 -469
-2669 -3463
1703 -1465
923 4071
3374 -3173
2283 3456
2407 -892
-877 -3228
940 1031
-2283 -3646
-311 2376
2851 2338
1087 -2610
-2499 2944
-1829 -461
-1499 -2548
2168 3422
2549 -2822
-3396 1453
-1480 1470
-2257 2520
3883 24
2846 2044
-1581 -3387
2768 2749
-3099 -2454
-2578 -461
-3888 96
-191 551
3049 -2397
2223 3831
-2973 3842
3871 11
-1253 -744
3060 1317
-3955 -430
3764 2686
-2192 3487
1502 -1840
3169 -2413
-913 -224
2753 -803
-1990 2624
1507 -1176
1426 501
1565 -182
-2682 -2215
-1238 -3501
1615 1404
-70 2992
-2042 -1100
-698 3858
-2920 107
-934 1954
3589 -3333
-3472 -105
3240 3368
3465 -1037
-2489 -423
-2908 -1428
-463 -2345
-2649 -2268
-4064 -2947
385 -1821
478 173
2857 3094
2505 3298
-1836 4019
1423 -1307
-1131 769
115 -552
3804 -27
1806 577
-1991 -1271
3420 3647
-208 626
-1030 3481
-801 562
622 544
-2595 -1976
3657 -2582
2613 -3546
574 -3281
2906 -3775
-975 3350
-2882 2014
1524 3241
-1879 1006
-3313 -269
-3669 -3073
3227 2798
-3824 -1963
1002 413
-3500 2745
-2355 1834
-2577 -4093
-1800 81
2027 88
-1529 -310
590 -708
-1171 -2674
-4061 2467
-412 3875
-3307 899
60 -4016
-2985 -689
611 1345
-1745 986
-1178 2201
3010 -691
1909 2624
2658 -387
164 3925
-1443 -2659
-3439 -1057
3690 -918
186 3574
3468 1815
-3060 2554
3383 -1320
-1420 -3697
-228 -1026
-3700 -1934
2938 -1370
-371 1515
-3938 3308
-2669 3654
2715 -519
3455 3138
-2194 924
3957 331
2378 1555
-408 596
-1302 -3492
-2325 -2206
2491 2970
1612 -2683
3594 -577
3770 -866
2743 -3240
-396 1604
-2775 -286
2242 -2334
2199 2496
-3715 2007
-3695 3216
-2155 1809
854 -2327
-539 -3886
-3243 262
-15 4010
3797 1503
1345 -1998
-1242 -1308
1406 334
-1450 138
1910 797
-779 -264
-2533 -2791
1188 2828
-3902 4036
-866 2403
-346 1248
-1671 -4058
2571 -3799
1447 1032
-948 -1645
-543 -1718
529 -1970
1863 119
1496 4099
-1996 -3126
3959 3659
1484 -1185
4028 -1096
2352 3616
-3652 3110
-1403 -2119
-2505 -1882
-3348 -372
342 1066
842 2004
185 797
-3255 3590
1273 -1844
2750 567
-1710 -2387
-419 2245
3113 1397
-1419 2251
-1076 -1042
3720 -188
-2686 1316
-4050 4091
1831 -2797
1797 2394
-4024 2879
-2287 -938
1219 468
3649 1470
4095 2663
3635 -2911
98 -1442
3286 -2015
-3745 3515
3458 3689
-3069 2519
1700 4068
-2024 -3990
572 830
-3385 -2017
2792 2418
-3169 2053
1016 1291
1545 -1160
117 1224
817 -743
2918 3849
-2144 -3685
-1184 -3405
-2215 -2283
-1026 -1551
3278 2293
-3850 879
-1865 1726
-1603 379
-943 2452
1901 2129
668 971
3043 -3856
-3190 -2437
1543 782
2312 -1598
-2568 -2697
1309 1809
-3243 1133
2291 2060
-1955 -1091
1165 199
-2510 1167
2586 360
-3820 1913
-1541 394
-2347 1817
330 -228
-402 -1364
250 -3445
1321 1320
2702 919
3137 2801
3486 1014
-3749 -161
-1544 -3831
-731 2742
-1280 -1714
3080 526
2740 -27
2229 -2862
3694 -2292
2724 3485
-1323 2370
4033 -3986
492 2335
-2569 -681
3007 429
4082 2878
-3613 695
3896 3803
1410 2077
1981 -4004
-3982 -111
235 -3096
1298 -2739
980 2587
2532 -2427
-1724 350
966 -49
-2253 1059
3381 -2589
-3514 -2918
4036 -3962
1796 3359
-3058 2409
-2693 -3497
-3047 3143
-1226 -774
3352 -3554
4091 2148
-2031 -522
3417 3771
-3182 85
-3075 1190
1096 -2516
-2487 850
2081 1910
3425 -1103
1340 -1114
1140 3135
1218 3154
-2685 173
2597 -3800
2849 879
-4056 -2648
-871 -1806
1841 -800
1154 -229
-1299 3923
1182 -645
2682 1311
1869 -2238
-1586 -2122
-3136 1053
-1391 -262
-1790 -1214
-1932 -1931
2830 -3363
-503 -3441
3644 -671
1906 -3723
-2462 1899
-3385 340
-3644 679
-3889 1870
-3263 1207
1197 581
-3037 3331
1643 3198
-3325 305
-1487 -3976
3080 -554
1234 1577
1548 -2223
-2411 4066
-1717 -2248
3672 -3077
1241 739
-1941 -2979
911 2503
2291 2993
-3021 -764
952 -79
-2775 1364
-3472 -6
2443 -3816
3803 -3665
-985 2729
1503 -3206
-895 3269
-3783 4013
491 1069
-2756 -164
-1238 -2854
-1254 3685
-3334 -3092
774 -536
-614 -3603
1333 -3235
-2080 3290
3599 -3751
-441 3561
4063 2363
2107 -2703
2908 1764
1076 1355
-4019 2881
2366 -1474
-3880 -532
-3063 -2512
-3185 -2926
-3911 -595
-991 1029
1355 -277
1483 1744
3526 -1025
2113 -691
153 1672
-2700 1094
-13 278
3583 -1625
-2949 -3729
-3747 552
3782 -2481
-3741 -314
-2705 3123
2200 -372
-1595 -2392
2037 -2255
1684 -429
-1157 3709
780 -228
2633 -394
-4096 -33
-2810 50
-835 -1657
3265 2685
-4081 -3280
2932 -2634
2853 2088
490 -1464
-931 3480
3901 971
-3034 -78
-3569 -1465
-4097 124
-2075 2411
-642 1638
-1323 -2549
3067 -567
1382 -1016
638 -2581
-3551 -2056
-2361 -1795
-2740 3217
-3348 1646
3990 -347
-3932 3997
-3298 -3780
-3125 -3908
1857 -1973
-1751 2748
-3441 2231
811 -511
2399 -932
2984 -3040
2841 -3586
2138 663
387 826
-157 200
-3126 -481
364 2760
-1814 1119
194 -1285
1745 1749
1864 1795
1720 2819
108 -413
-1230 -238
2366 3600
344 -1721
-587 -51
3245 -1773
2430 -3312
3150 -1463
-1709 782
-4081 1600
2908 -2614
1327 2782
1415 2311
-1043 -785
3221 -1310
-1170 2410
-3906 2015
-3084 -1964
2749 678
1427 1241
-4070 1979
3833 3714
-535 -978
3921 2755
-2423 1506
-2589 169
-1606 -1250
906 -790
3577 2198
911 -3583
3559 -491
-666 -434
3970 -2652
-3131 -1792
1882 -1044
-3223 4036
-27 1525
-1698 1866
-1223 -2564
-2043 -958
-711 -2073
-1560 3207
3235 -2715
-3485 -701
-3319 2851
-2436 19
1647 404
-1306 1745
-3551 -2221
-3946 1480
2614 1558
3627 -3100
-3868 -1884
550 2512
-664 1514
-3616 -3323
408 -3217
2033 -2064
1518 608
3763 -1252
-3206 -1593
1412 -1482
3882 947
2518 -1823
-998 1193
-3671 -3311
-1884 -1692
-3537 3311
3497 -1248
683 3915
-2153 -3925
-1141 -1436
1978 2418
-1733 -3191
-994 1763
2853 3754
-2175 -3504
-3674 -3547
-3184 1568
237 -3620
1159 3218
2524 -874
2310 582
-3999 -1865
3849 1767
-3148 3413
3302 -2964
1066 -2220
3396 -2936
-3379 3579
-2795 -1308
3983 -611
-861 3136
3212 1483
3728 3055
-1770 3335
1032 3117
-1575 1226
367 -3774
-3763 -7
3106 -849
-3646 1914
-3820 2740
-3923 771
-1220 -3040
2989 -2203
2277 -626
19 1993
2429 1473
145 -2901
3854 -100
-2394 519
2695 3550
-1398 -904
-365 -3301
137 1716
-3583 -2700
2379 2233
-3710 -3473
2344 3405
-29 3933
-1254 3363
3209 -3791
3210 -1146
2435 -1834
334 -609
1261 290
-1370 2962
-779 -4027
3901 -3514
631 -3902
-21 1222
899 -1157
2811 1289
1481 546
3567 1864
-4010 28
3844 3343
1211 -150
1956 -3496
-3891 -1976
942 1065
-2632 -1040
-995 -2613
-1244 -2718
-20 2630
2883 -2196
734 1651
245 2897
2065 746
2191 437
-2816 -2601
-3454 1578
2585 -3790
192 1284
1619 -2713
2036 -2894
-433 -482
-1676 1279
2395 -2829
3457 -1671
-1116 -677
-3591 2193
-3677 -2844
-2043 -807
-2404 3305
-1959 3241
3929 3120
3789 534
2622 -3245
-731 1568
1792 2571
-92 2447
-3648 2341
-165 207
-3789 974
-1326 -3538
687 244
-3742 -3600
-2908 1732
-1161 -2974
-565 2846
86 -1020
-2559 3659
2522 -1956
-2377 -1952
3721 2611
215 1609
3233 -3538
-1831 2101
-1363 -3720
-2973 2618
1573 -2668
-1821 -2451
-2897 3513
1962 -1884
748 -1123
2594 1224
2325 -1935
-92 -1144
1650 -925
-2423 1029
-2981 4
-1259 3445
2914 1766
232 2349
-2177 3257
-327 3000
-2972 2343
-9 684
3669 2648
-2777 3502
-3412 679
2512 2504
-3761 -3018
-623 308
3894 892
3755 -3019
-3127 2508
3145 -2918
3062 485
2577 -3508
-2185 -1575
2151 -526
-1458 -1843
-1612 3482
-2366 -1353
-1641 -2050
2943 2329
-3850 1062
3795 3400
304 -2820
2141 -11
2125 1213
-1448 -3814
405 3884
1466 3178
3975 -2095
-2409 -2066
-177 1866
-3560 -2562
-3501 2480
-3250 3634
3758 2402
585 3849
1533 -3679
-2295 -2249
2359 -2164
2456 1057
-197 -1363
2244 778
3601 851
-3288 -3165
-2087 -1692
-2038 2993
-1970 1362
-1709 -336
-3395 906
1243 -3968
-356 2985
9 3605
-2638 1343
-4091 3438
-2320 -247
-65 3419
-2036 -2044
1474 -3049
491 1716
-2648 1512
3407 1971
-1305 -2672
2177 -1185
-2407 3170
-1329 -1692
-350 -3587
-139 336
2429 -1431
4043 -3918
2340 3321
2971 2459
-2390 -2297
-392 -2274
-1840 3160
2525 716
323 -2173
-514 -3604
-2312 4057
1662 2328
1903 2856
930 -1372
1299 -2192
-2473 3590
3824 3032
2799 -2541
-1077 -2373
3463 -2058
2809 -2634
2963 3663
3326 -1196
-2490 398
-3979 4087
1098 -1182
395 -2943
-3150 2279
-2575 -1863
2522 3939
-2945 -3531
717 1820
1030 3774
-3791 318
-2988 -1680
-2687 4084
965 -1524
-3049 -1205
-1126 -3011
2722 480
6 -306
-2298 -1814
-1493 2940
3499 -2409
-2371 2939
-25 2025
-4097 71
-3594 3121
-117 -728
-2995 2417
705 927
1055 1776
-2936 -1062
-314 -2336
-219 -3627
-2919 -3034
-3411 -1832
469 -2427
-135 114
1850 -548
3744 361
2133 -2995
-2015 -3023
-1542 1944
814 -36
2522 -1336
-3209 -589
-288 -2944
1755 3365
646 -4014
3577 646
2956 -297
-764 -755
1371 1245
3046 271
2541 -3903
84 -2230
-2040 1015
2492 1336
-733 -2314
2895 -2232
3996 2010
-4059 3078
-2662 3306
3114 -2785
3279 -3846
-750 -935
-2157 2795
-1755 416
-105 3781
-1411 733
-202 1625
631 1950
151 3343
1200 1852
-2747 -1076
1732 3245
-2092 802
2170 -1835
4028 912
-2162 -3243
4058 1991
2807 -1772
266 -1936
663 2315
-987 -2363
-3141 -3751
449 279
-733 -3685
634 -997
-1344 2785
1794 -3101
-2394 2812
-619 161
732 1643
375 -2646
-91 2704
-1804 -839
-3505 -1480
1959 -1242
-1543 -242
3210 -836
580 1036
-2380 -637
4048 2148
1896 2963
1613 1411
-773 -1542
-2532 5
228 -164
-2730 2303
2363 -848
2098 -3109
3800 3211
1251 -2813
467 -285
-3875 -571
2156 2875
4014 -915
3846 2216
-248 2512
1172 836
2329 330
2876 3633
2585 1394
2853 -1314
1613 2268
-2871 2272
-3073 -1606
-2110 3094
3629 1671
1023 -3026
-624 -1373
-2577 3368
2378 3094
-3935 -356
2640 -601
1275 -1
-3309 -2775
-1441 1686
-1762 -3648
-1208 1230
-2763 3165
3760 975
-336 -1284
2045 -3091
-448 3998
4057 1235
-2358 -1152
-1542 2883
3322 673
2031 -3818
2505 -875
-1116 771
-3790 1266
-1288 1986
2851 -3739
-1490 1641
2949 2544
-3246 -1291
-409 -2593
-2072 -3090
-872 -1797
2964 -4026
-2153 -3171
-3989 -3670
-541 985
206 -2573
-3054 -207
-522 2458
1058 2375
191 1347
-3796 1980
-2344 2580
-2744 553
3713 -3543
3501 -1253
628 3763
714 -186
322 -4006
2830 2233
3198 -653
328 1440
2078 -593
3092 -2810
1518 3217
-242 -72
1512 2622
-2738 -2033
2748 3295
546 456
110 -454
-733 2264
2890 -745
-170 1794
1554 1448
10 -4
233 -3576
837 -2554
-2852 -3596
-2399 934
-911 1994
3711 712
-2463 2529
-3523 -2373
1535 -2040
3555 3000
2877 1886
3430 3521
3357 -1564
114 -1884
2446 3095
1308 -3296
-4007 -2330
922 2397
-1652 -969
-1925 3485
2973 2501
1801 2544
816 -2057
-3270 540
978 668
-3743 2842
2071 -3127
-3924 -3064
4087 -2765
1746 1193
3314 -2189
3113 3443
1439 -773
2681 -4070
-670 -3047
-1051 388
-1805 2847
-981 -3687
-617 2429
-1077 920
1710 -1321
-1185 3416
1168 -1465
-2874 -2943
1914 -4087
102 3973
615 -2052
-2498 -3915
-3103 3136
1345 -2793
-612 -2537
-378 -3819
1998 3618
-248 2899
-1412 -767
-2174 -1868
-874 -2099
-3813 1052
2024 -867
-2900 -3703
-1745 -36
2870 1460
-2979 1748
1908 623
-232 -1734
2908 867
-2363 500
1839 -4057
887 1607
1328 -2669
-602 2909
-3631 1047
2929 -3358
-2232 3950
73 2607
-3476 -1496
2766 -1527
10 -2095
-2876 -1392
645 169
3110 662
2797 -2973
-2556 334
920 -1104
-3695 1993
-2202 -1014
3327 18
-2614 1672
1336 2400
698 3998
-2017 2681
-1817 -2812
-1937 1920
1374 -369
-2989 981
3269 -215
-1742 -2418
-600 1514
-3496 -2524
3643 2259
3170 -228
2174 -142
3038 -1545
-2590 0
1116 1504
-3791 -154
-3245 4001
1430 -3197
-3331 37
2558 1724
477 -3652
-1600 3175
-511 150
1439 -2023
3565 -3741
-1024 -1047
1266 -3966
-3079 1458
-424 -3167
-1084 -1869
4090 -3593
2622 -2582
-2914 -3855
-1456 3266
1628 3708
2025 1364
-3709 -380
-211 -373
-3046 -317
-3599 -3183
-181 -3737
-3545 1938
3468 -102
1284 -3620
-2942 -3074
15 -3564
2078 4026
2003 -3906
2759 3459
-2272 143
1971 -1270
3859 -3194
3107 1003
-3956 2197
1843 -150
3004 -2209
711 2183
1019 -3164
3032 -313
1294 1096
-579 1754
2600 -31
-1502 -1258
1859 1523
1510 -2428
-1023 667
3014 9
-2014 -3388
1638 -2084
790 -2244
3412 1696
2731 3857
-3164 2960
-1906 3163
-3271 1759
-3414 630
1006 -681
-2063 2334
-790 -3168
490 -504
-2879 526
-3423 3419
1327 1227
-171 -1864
68 -3864
-1705 -2531
1851 -1089
-3599 -3929
3453 2148
-1885 -1752
1827 -2406
97 1853
3805 -2416
3507 -3800
-2786 3568
3588 -2536
2576 1394
62 -743
2739 338
1823 859
3115 -3376
-2268 -858
2209 -264
-2809 723
-2724 1140
1118 -1030
1331 -1492
-1192 -1350
3944 -4081
3509 2255
399 3361
1888 2511
2468 -2089
-174 -3316
1398 2524
784 -2828
-448 780
-695 810
2162 1741
1118 2747
2887 843
-3833 -2033
-2138 -1349
-1483 -3480
-3369 -417
-2006 1838
3939 1146
69 1377
-550 -817
371 86
1882 603
2713 -2002
966 1356
3412 -24
-1757 1443
562 553
832 -2800
3830 288
3993 -2577
-3108 -1760
-458 3457
-3337 2788
-2460 231
-1495 -77
-2865 -2367
-1780 -1797
2357 -1518
-3137 3092
584 13
-2728 3095
2302 -2234
-162 -2667
1735 3361
-2276 -3504
1837 -639
-449 -228
-3734 2439
-1688 766
-668 -1412
1657 -948
1452 400
2870 3854
-3810 3859
-2551 -2034
-269 2337
979 -3876
2641 -2441
21 2596
-516 117
278 3413
3076 -331
-2800 -3581
-3409 3869
-3074 16
1625 3589
3937 -2716
-544 -2812
2400 -2681
200 -1613
-2785 2065
3543 -1500
842 -901
979 -1427
2231 2977
254 3159
184 330
-3749 -3607
2221 -765
448 1023
-1982 3381
704 -387
2199 3573
-2434 3960
-3270 2959
2980 65
-3156 -3985
2344 3364
-465 -215
2274 -933
-3456 671
-3806 1213
3064 -1547
2691 -3544
-2886 -3918
-3293 -2152
-3969 -3832
4070 -329
2088 2980
-3716 2096
117 3901
-2752 -3491
3618 -1509
-3946 252
2722 -4042
-1604 1282
2175 -3469
-1458 2809
2207 -2395
3304 -864
-224 -3264
-3199 2941
2975 -2343
-1257 710
1847 -1807
-261 2582
-3471 -1843
-2143 3239
-660 -2438
-3948 1555
-464 -1253
3048 557
3106 -183
-982 3103
552 2381
-1393 -2007
-353 -1949
-3362 999
-2874 -127
3604 -1646
2761 3889
2692 -2533
3632 -596
-3744 1054
483 -1133
-3699 -3409
2480 -2976
-1455 1095
552 -1010
-1159 1956
1915 -648
-2991 1254
2494 360
-2074 91
-3237 -1405
800 3688
-2938 2171
-4006 3550
-536 -1188
-997 -1582
-2583 2048
3906 -84
-787 -2358
-576 982
1896 154
-1186 -547
-3925 1906
-3048 -3158
3449 1339
-1229 -995
-3428 1821
383 -3485
-1127 -1573
-1321 1545
-1275 2720
2717 -2474
2257 3839
-2064 3290
-3445 2123
3326 3852
3458 1960
-351 1677
3300 -1237
3889 1449
3097 109
2717 -2376
-3719 -714
411 3633
3416 -2751
1930 266
-50 -1436
3896 3405
390 3192
-3119 3485
964 1803
1314 -191
-78 -2858
-3855 3936
-2064 2914
125 -3122
1013 3399
-2963 1170
-1441 -380
-1703 -1210
-2540 -3189
-2925 -3720
300 -3354
2571 2274
2430 264
-3022 -653
1056 -387
-1553 -2411
4009 714
-1980 634
-1970 -3963
-1303 -389
-448 953
-1331 1890
755 3965
-4003 1466
-3588 1684
-2561 1205
-3967 172
-183 -659
-171 -2551
2769 -897
1368 1123
3596 1379
2608 -1775
3585 -2805
1218 -2066
903 1244
1480 385
3814 3787
-3097 -1956
-930 -2675
1479 -3285
-3350 -2734
1394 1924
-2690 1260
-3655 2459
2324 -3072
782 -567
-3271 -2110
-3053 2640
76 -567
-3544 -1357
-3095 1171
1472 -1508
-3024 210
-1852 3666
1366 98
-131 -3269
2794 1477
3990 -615
-1057 642
549 662
1900 752
-2409 3106
-3384 2863
3815 -1498
-1170 -3215
2394 -813
1140 307
-3955 3805
3043 2687
-2141 1098
-3623 734
-174 -73
817 710
-4018 3712
-1919 3604
3997 3261
-2941 -3471
-3384 565
-585 3049
1445 2908
-1289 -3224
1217 -3027
-373 -3129
3738 3806
2044 -1984
-3841 1077
-1170 586
2147 674
-1023 3578
-854 1578
-331 1975
2431 -872
3233 -3467
1983 326
1288 -1382
433 -2625
794 -4055
-2476 -2152
-2319 614
-2836 -221
1724 -2404
1924 4072
2737 -2541
-1675 -3799
3545 -4010
1779 1031
3396 -3250
2650 -1114
-1851 -467
3734 -508
-1524 -1573
1917 1117
492 2019
-2747 -2602
-4087 -96
1086 2719
-2603 -1383
4032 2602
-1101 -1706
3545 3502
3766 -2852
-3938 -2567
-2896 -1002
-1379 -958
-2523 2197
-699 3485
-2384 941
-1200 -1194
-1869 742
-3131 -2899
1058 -3551
3963 -1504
-573 -3506
2046 1995
2634 1119
1546 -3681
-143 2797
1053 -1173
1441 12
-1165 -2625
1361 -3838
617 -1352
3516 1799
3622 1556
3377 -1463
-804 -2073
-2136 1080
2729 -2949
-2823 -647
-2031 2208
1597 3638
-1890 -46
255 -3873
-2440 -4027
1781 922
-1668 2161
381 -71
2297 667
782 3431
-3505 3375
724 1636
-1506 -4007
-3185 -1214
440 1666
-1205 3567
-1772 -1909
4009 -2526
2813 -458
-3662 1709
-3770 18
-3024 3341
1953 2464
-33 2638
1049 -1522
3080 2122
-1932 -2940
-989 -2739
392 -3339
1929 -2217
-2245 -3330
-742 -4051
1324 -1906
-1234 -2742
-3564 -2024
-3445 2110
1117 229
965 2074
460 -2138
-2340 77
742 -1407
-2131 1738
-3043 336
1004 2432
2873 -2107
-3009 -1348
2874 2786
-342 -1026
3929 4037
-424 -2025
-1199 2068
-2953 -4067
-108 -2434
-2758 -3726
-2106 -2568
3438 -62
3129 -2304
-240 -3317
2219 2063
-368 54
3901 249
-576 -1681
2532 3355
3947 3276
822 1129
964 -43
-719 2582
3493 510
-2918 -697
1954 2642
-12 -3812
-3520 -3669
615 -1720
-648 -2075
-519 672
851 34
2902 2545
1442 -3922
629 3783
1329 584
3285 -777
1920 3122
-4054 -2706
-2383 -733
194 -684
-2127 -3109
-3568 2755
-1229 3745
3875 1735
-3904 3656
-692 3662
-613 4056
-3898 -451
3422 1679
1522 2853
-104 2303
2153 2331
-1213 3271
3965 -288
-4065 -2296
-334 1403
1590 -3361
2583 3514
3181 2862
-2275 3495
416 -3381
-2567 -3648
-2499 -2992
-1502 -1869
145 -3744
3562 -1118
-3280 2753
-1499 -3401
-3384 -1374
457 657
3964 -542
67 3664
1594 -1226
-3366 2573
1974 3214
-2567 -1586
-3109 863
2632 2864
1227 -2155
2298 2672
1875 1898
2881 -2072
-802 1855
3589 -2294
-2040 -1578
2585 -2523
-2923 794
-4035 1324
-3235 853
-1783 -1794
976 1293
501 -3584
-340 1173
1048 1585
2249 -2271
3002 2514
100 -2505
-770 -548
-762 -2933
-139 1938
1920 753
114 711
1795 3556
-978 -187
-4062 -37
1470 2332
2988 -1880
-2124 -819
3310 3927
-3631 -1552
2824 -1412
2929 2457
910 601
3865 421
-1296 1968
2382 -3294
-2950 -2933
-3391 1824
-1243 -2632
1558 -2912
3119 1814
357 -3540
1457 2443
3616 3480
1393 1620
2845 3883
1764 -3653
400 -2087
3038 3778
290 1472
-4098 1300
-661 -2304
-2711 3295
3480 366
-91 1272
-444 817
-3460 -891
-382 -3746
785 3214
-3581 -1623
-1205 -3171
-624 3616
-1133 -998
-2627 1308
2539 3168
-2759 -1288
-1276 -1752
1176 -2105
-2026 2863
3291 396
-3436 845
1313 -1598
-37 1136
3188 3378
-2296 1489
2579 -2750
1556 3627
423 -2889
1387 -2462
915 -3260
-471 -3676
1719 2181
-1160 -1823
1599 652
-525 -1684
-2896 752
-294 2130
-2840 2853
250 -166
-3537 379
-2521 3390
620 -1905
556 1860
-2201 -2940
-226 -3690
2149 3265
-1235 -1512
2287 -1036
-2865 2622
-1989 -2604
101 -579
-3521 3776
338 -2554
-3201 2321
-1832 3486
-3794 -3184
-614 -1277
149 3257
-1780 54
2876 -1859
2838 -3740
-1780 869
4083 3528
3603 337
-1598 -2878
-2391 -3412
-759 -3093
1126 1476
-2505 -1172
3125 1869
3843 -1315
-4086 3638
623 -971
-210 226
-3703 1987
679 -2996
1195 -3404
-66 -2147
-1514 -3887
-2593 789
-116 -1497
927 -2649
2563 3857
3209 -3444
3684 -266
-3719 1702
1480 -3669
3428 1433
2275 3903
-3661 1871
2085 -91
-3803 -2082
-1670 -1489
439 1890
66 -1262
1157 -3529
-1737 -2382
3835 -2077
-3537 751
1889 874
3199 -3810
1751 2041
-1884 -2310
-1397 895
931 2156
-4007 -1470
3902 2600
-2839 4069
2727 2759
3357 1334
-2994 -2185
325 -2496
-1301 2534
1575 -2024
-1643 -2641
3529 3180
2669 1784
-3462 1853
627 3497
-394 -1236
-1251 -380
3016 2349
-2195 -97
-1122 2707
-2539 1082
3762 -2237
-602 2993
-675 1343
1326 1765
3061 2981
2433 -1724
-658 -3728
1661 -873
-2252 -372
2998 514
93 1408
-829 -190
2259 3475
-38 3072
3892 1532
2006 2476
4015 -421
2938 1946
703 980
-2009 3358
-1979 -2180
1249 3327
2490 -1982
-1863 -65
-2536 -3799
222 -668
-1382 1258
-3508 3039
1124 2091
3675 -2991
2725 1554
-3265 -4078
-1156 1270
3858 -805
2783 3404
3839 2233
-12 -3751
1175 1803
-2958 633
-4049 590
-1957 -367
-3935 422
-2711 -3711
273 -619
-212 1508
4058 1114
-2361 -3425
-2973 -2848
3473 -2494
-489 -408
-657 906
763 -1235
1148 2215
-1107 1550
3761 4000
-1991 -2862
274 -664
-3529 3250
2489 3350
-3790 -3529
-3729 3301
150 1018
3864 -659
-1739 -919
1811 -715
-800 2049
-2243 1844
-2310 3020
3035 -2176
941 2717
367 1831
1468 2328
1790 -347
-3172 1024
3035 -246
-756 179
1752 -3696
-907 -2864
3682 -4060
-3362 -1925
3274 2945
-3928 3523
-1812 -2157
2717 47
71 -1057
-3882 -1855
-369 2694
3192 -876
-2485 -1921
4073 2099
-409 -1895
2132 -2684
545 -3160
-2253 -2106
939 640
3859 -2323
3273 2212
-1552 -3163
-584 -1344
-2685 -792
-2039 -1922
3721 409
-1678 3887
-946 2841
-1424 -1659
3455 -3961
3328 184
-137 -2210
2310 819
-827 -1407
3831 -2006
-1743 -2021
3143 2299
-2397 3362
-1465 3473
2755 3563
1337 -521
851 -2882
2014 149
1686 2355
4059 927
1141 3709
3845 2081
-282 -3173
-2074 3478
-1654 3327
1524 1775
968 3446
-676 3260
3208 1155
884 -1116
1011 -2283
3453 -1091
-646 -1557
2736 2638
2892 1742
-580 3860
3275 -1753
-3477 1379
592 -3375
-594 -3440
2732 -247
229 1180
-1628 -5
-807 1790
-1185 2730
-758 -129
-2906 3289
2531 -1744
1816 -3475
-335 2552
3690 -1617
-2070 -2677
-2907 251
3737 -1813
-1039 -2734
-125 362
-2492 1499
3930 -727
-2246 -293
-2052 3282
-2220 3689
-3948 2685
1438 -2934
3748 -2401
622 704
-2718 2392
-2778 -4092
2190 1338
-324 2849
-268 -1783
-3111 -2119
1177 -576
3030 2445
-2843 -3924
3047 -2589
-1467 3122
2860 -993
3126 -2856
-2040 3374
-1313 -2480
3640 1023
-2627 90
2904 2797
488 -1103
2163 -2804
1516 1528
3901 -144
2556 3261
3168 -1370
3609 -1680
807 3103
828 2845
647 1355
2371 -2611
-3875 -74
-3973 3470
-3625 -638
1272 -222
-3964 234
-1997 2326
-1983 24
-2158 1503
-100 3897
-434 2563
-1337 4021
-763 -1558
-2563 2622
1073 3735
-956 4087
-1219 898
3106 -2102
-3111 -614
-3639 1631
-2226 2
3442 2194
855 -1270
-3083 1264
3203 2279
-1474 940
1439 1227
-3044 2737
-439 -3377
1063 2373
1555 2477
1202 3664
1670 -1257
-2029 1074
-3172 -2855
3014 3820
2270 406
-3809 2801
2227 4052
-265 3880
-888 -2764
-2223 -2088
1315 1246
4061 1707
1447 289
-2722 2297
-2266 -2939
-2085 -462
-228 -3907
-1883 -172
-1921 -2109
-1270 -3518
-440 2237
-2467 -476
3307 -3786
138 190
398 -1275
-1725 -3660
-2299 -2147
2086 3394
738 1058
696 3699
228 2928
3039 -3923
3959 1978
-3435 -42
-750 -3608
1221 4079
3494 2728
-3884 2021
3501 -2119
-3549 -587
584 -3945
-1020 -2384
1589 1302
2605 -3038
3721 2930
2007 2721
1445 -2619
789 -1649
1849 -3505
-296 -3824
3465 3855
3125 3377
3878 -289
629 2047
887 -2701
-2642 -125
1287 -2476
3154 2105
-3565 3321
3679 686
-342 3337
-967 2265
1663 -2775
1666 1756
-3569 -1536
1477 -3159
3961 -1006
3846 -312
-2575 -1712
-1885 2795
2925 2365
-3127 -3936
2689 702
1783 2110
-1435 2986
-1871 -166
955 834
-2933 1365
-3838 -919
2045 102
-2445 3936
626 1548
-3672 -4064
2453 -1447
-3854 3156
-3686 1097
-1789 -1642
542 -4063
-3954 -2434
35 1477
-3343 1871
256 1364
3399 -3348
3050 3014
-2799 3726
3210 3932
-927 557
3578 -2833
1003 -604
826 4098
-3189 -3424
2473 -3725
4079 -2090
-3693 -727
-750 -1923
-3418 -3736
-152 1232
821 514
-2381 -1716
-2796 -566
659 1508
-365 3510
-977 369
-3411 -3084
-2377 2881
655 3021
1644 389
-3996 1031
1469 2837
1208 2677
-3955 -1578
-2237 -1557
-2288 1248
-2145 -1397
-982 538
-3104 401
3910 784
2122 -552
-2729 871
1933 -488
800 -2834
2484 -168
75 693
1569 -2989
3022 817
3555 -1559
288 489
998 -3932
-3925 2309
-3260 -1699
-2248 1431
-417 -1977
1153 1030
-2613 2585
3391 -2674
-3251 -448
-1411 -2806
-1387 -3257
1739 -2441
258 -1012
241 -3084
-2672 33
-737 608
-3338 -2514
-2518 158
-4074 954
946 3732
1579 -845
-2802 791
-113 3120
-2586 -2881
-2080 -56
-441 -2749
837 220
-2275 -598
-1427 -1882
2899 -2043
2236 4076
-2562 -3276
-3412 3792
120 -521
-690 -2255
3180 2158
2489 2478
-1308 -515
-886 -808
-795 3367
1424 1802
-44 1975
-3545 -3230
-2323 3003
1086 -2559
-1506 -1041
3833 3531
-3314 -2362
-955 -250
-1213 -3267
-2152 3909
4 -2776
3487 2226
-791 1246
-876 2901
506 577
-2477 -3623
2081 2027
-3495 -3623
3347 182
1552 223
3951 -3793
2275 2963
3140 1485
-3255 -4057
-3894 -2150
2436 -3389
3520 2928
-560 2151
-827 -3759
2721 -798
-2575 -249
-3801 39
1948 996
4068 -3993
594 2910
650 361
-3609 2378
-2473 3043
3313 874
3315 -808
-602 -3027
-3171 2449
2602 -888
-2312 -1245
3241 1404
-2302 -2976
366 3542
-2749 1125
3568 3368
1013 2541
2630 -3310
1191 -571
1719 -1878
1221 3505
-342 -1735
-189 1415
3199 -1763
-790 -1563
-1021 641
-2122 -645
3340 -3346
2511 453
-3170 -1926
3429 -987
2495 -3658
2395 372
-3074 2568
-2827 1171
-3299 484
1378 -50
-1027 -1202
-1920 3339
-1565 -1384
2813 3605
-3850 -2535
-1564 1214
-3455 2534
-775 -1633
-1762 -4016
2834 -3935
-3974 -711
-1897 3043
755 1812
-2319 -137
1649 2184
2951 -906
2877 -3011
-421 -742
29 -2588
604 483
-1433 3296
-3105 -2684
-3196 -4077
-311 -2895
-1371 -460
2551 -189
3633 471
3149 345
4005 2026
3642 3495
2999 3144
-3355 3285
314 -1750
-2756 -3355
2783 -411
3790 -1990
-3542 -226
477 577
-469 -21
-1025 -2192
992 -1402
-1259 2584
-727 2406
3430 -2344
-3985 -1276
3033 1638
899 3061
3570 -2947
3119 1479
3999 -3183
-3312 -3432
-3201 -1901
1900 -2558
-2276 -3662
-2570 3944
-3534 390
-3539 3408
-2016 -3987
1513 3677
1912 -69
2680 -3652
924 924
1479 -3961
-1037 1306
1626 94
1329 2241
692 -1738
896 -2940
-3250 408
-2236 3468
-1622 -197
2582 1378
2941 -2526
-330 3945
1742 -799
1282 -2250
2607 -1457
2389 -2989
2948 60
1928 -1597
-3860 1510
-3510 1301
131 1567
467 -2735
-2588 -2365
-2148 -1845
-3842 -3629
-1626 1980
-793 -943
-3162 2649
1005 -1061
-3152 -3592
1109 470
-2540 -2233
155 -1681
3265 -1360
-2362 -522
-225 -3895
983 1904
2525 -3734
-1333 -2722
2145 3716
637 2657
3749 1823
435 1739
3668 -1162
-302 -535
-3923 -2145
-343 -413
-2678 -669
-602 -2612
1916 2216
-2259 -2338
3834 -459
-4002 -1395
-104 2561
1549 -2505
1527 2083
-3796 -3135
165 2931
-3607 -969
3022 3158
-2489 -1424
-796 1091
176 257
-1223 -2995
2469 -2743
2483 -3961
-1878 2478
-2159 1600
-1542 2348
2030 -3986
2271 279
-3509 3118
640 4034
2954 -645
-1724 2824
2633 -2468
3626 3761
-1731 -3590
3204 4030
-61 -1796
979 -3798
-1619 1771
971 1576
98 3331
-3995 3658
2285 -3081
-406 2764
-2538 1187
3065 3557
-3680 1648
-2605 -1694
3148 2935
-238 1711
2819 2687
-111 1957
1594 -3545
-2701 -2288
-1949 2944
1508 1769
2519 3650
-3299 835
-3563 -2280
-3944 -1238
2583 -610
2305 2719
1556 -2192
-283 -688
1019 1641
3657 3685
2056 125
-1171 1761
2398 -3355
2967 3069
4021 -2891
-1057 3418
-871 -3597
3355 -2850
3256 3375
1249 -1239
2138 3025
-1867 -2495
-249 -1761
-3151 -862
1639 898
3429 2722
2832 -3752
-2411 -338
-3867 1318
-1842 -2223
2214 838
1286 1467
239 2278
-1910 77
-3061 -17
-3853 2774
1432 -1276
941 1048
-4097 797
-3523 -2802
1741 274
558 -1488
4094 3736
-2760 3436
3806 -968
-226 -2571
2506 -610
-577 -3275
-538 -3832
2753 -2004
-2639 -765
-2132 -165
-3481 1212
2486 340
3115 -1134
-2545 3126
-1567 2036
-2465 -300
-2015 3927
2561 153
1212 3943
412 -2758
-662 -3199
609 995
171 575
1999 -3685
-1584 2946
3514 2333
1178 3746
-2144 -3029
-3967 -320
-260 1944
287 -1007
3949 3658
-2411 2555
-305 -265
-3872 -931
-435 -2566
-28 2449
-1548 3266
3028 681
-401 -1729
-3221 2417
1639 425
2148 -3824
1310 735
-2484 3710
-17 3263
-511 -2828
3645 2899
1127 -2658
1436 -1424
967 -3624
4078 -2155
-2593 3260
2305 3537
3737 850
3008 -4033
-1868 -3749
2176 467
-1601 1472
-1439 693
3387 2496
-2636 2342
3417 -434
-2295 1737
-789 -3162
-3802 2618
-709 535
-2140 2820
2732 3556
3145 -496
1065 1196
1796 -3741
834 2021
2809 -82
1462 -493
-501 3855
-592 3121
1480 597
2695 111
293 2204
528 318
-2604 3274
-3651 -680
3832 3532
-2460 1363
-1122 -108
-1289 789
-2694 -504
-1954 -3807
-1596 -2919
-3185 462
2779 2149
-3286 -2655
1286 3558
-1325 -3871
3759 214
2202 -3873
-3489 -3611
-2107 -2951
342 3360
3183 -432
-2900 -1160
1014 2920
1571 -3290
-1703 3680
677 2899
-2504 -2677
3454 -1188
3704 -1621
1678 -3719
177 2807
3172 178
3179 3060
180 3265
-772 891
3616 -3886
-3711 2717
3516 1530
2528 -2189
-2704 1654
-1087 877
2528 -2594
1395 2379
2651 4046
-27 -2277
-3466 2798
-2309 -4060
-1681 -1134
3281 -980
3755 3536
910 1012
-3534 3713
-1489 -517
-4000 2677
-3967 -3428
-1738 2895
2485 1113
1807 3013
-219 3820
2906 -77
2488 -2158
1196 34
-2998 -3890
-2254 -4078
-3900 -704
-302 1284
1908 1974
-1556 1115
-3851 -3646
-897 -145
-1003 1618
-2994 -50
2596 2777
2548 4062
-3930 -1856
-2657 -2472
2640 -2307
-3180 -2240
-2508 -869
258 -1769
-3253 -2482
-3774 3007
2999 -1218
-1346 -911
1196 -3997
-3376 680
98 3731
-3466 471
-3816 -3114
1836 -381
2063 34
1905 -2233
3712 -3289
-250 -2401
-2922 -1274
3057 1728
-2154 -1161
-2976 -2353
4028 -4018
-2795 -2158
-337 2282
2014 -749
-2009 -2434
3092 3095
-2028 1291
3336 913
3424 -3110
-556 3421
3023 833
1762 3290
-798 3069
3738 -129
1384 -2215
-615 -3949
3206 -3988
-484 98
322 2685
-351 3821
1116 -790
-3613 -1275
-464 -1437
72 -1956
1003 3789
637 441
707 -2217
2554 191
-2727 -4027
-3867 2342
3411 -857
2615 -1300
-1531 -2198
-3724 1626
3530 2048
2931 944
-3228 203
247 -1531
-3970 -1106
243 2516
-3181 -2476
384 -1294
2354 -2
3281 2442
2154 -1483
1003 -1573
-2820 -95
2080 -1723
-927 -2581
2847 213
-3320 903
-337 3646
-3974 -2608
-444 -1965
-1444 -1529
-2291 1644
-1517 259
1827 1016
-911 -592
2138 3765
-2087 1538
387 -3787
2944 -2140
1711 684
-1743 -1033
2323 -1506
910 487
-2153 3262
-1316 240
-1396 1566
-612 -2704
1905 -3011
1082 1275
1436 -1241
-1092 -1931
207 -4069
-2003 -1427
-3009 -1730
1413 2234
3947 -1081
-2860 2934
-2763 623
-3127 1594
-238 -2876
1303 -802
-478 -1668
-3360 2646
-3972 3858
3908 3723
743 2393
2662 -159
1139 -2539
-3110 -3767
1832 3950
441 -2808
1741 -1813
-2124 -3402
-2288 2809
130 -2716
2666 1883
-936 1700
-858 -1138
-3606 1801
3849 3654
-3570 -338
3719 217
-1502 -4082
-3507 2388
-2408 2046
-662 -2635
-2822 -2437
-2789 2081
-1142 3863
3472 2286
-772 427
1564 3306
-2125 -3558
-3883 -654
464 2399
2803 -3336
3725 -3678
-192 1159
-668 1605
2319 -3334
167 -2052
-3518 2986
-337 51
-2268 796
168 -2229
-3895 142
2390 -476
2218 -1702
3948 1675
94 -2738
-3769 1062
3102 -493
2761 3436
-1793 -2366
393 -3244
-592 1221
530 -2196
185 3921
1275 2065
-2302 2401
2889 3637
-1049 -2006
-3904 -1452
3411 -2014
-985 783
1928 870
-2301 3263
-2284 3631
-3482 -1988
-1401 -3956
-3796 -556
-1436 2269
-510 410
-3241 1623
-1768 -1982
3310 561
2246 -736
-321 -3285
4070 1456
-2338 57
-418 2883
3356 -241
-1572 -3962
-3605 1461
-30 -2250
-3266 128
-384 2296
1355 -1532
-2564 1924
-1009 3853
929 2262
2039 1705
-780 -2425
-2121 -2784
761 -1256
-1421 -4056
3457 -1110
-490 3017
303 -3444
-3851 -1813
3514 -2876
259 -3626
-2705 1074
3894 921
-715 2145
-3101 -1701
-1852 290
-284 -3152
-2206 120
-2675 3264
-962 -2955
-3513 -3555
3914 1625
-3711 -2506
3359 -3858
2966 1014
4049 3902
-2597 -1148
-2548 704
2676 2450
-3132 -3540
722 2032
-2909 372
2282 1059
-3941 1830
281 1768
550 1592
-1922 2018
-2297 -2215
-3020 -1731
-2352 -3466
-1800 2261
-2900 3920
1501 -2266
-2365 -1246
2470 -1914
2570 2621
3961 -1766
-113 -2952
-401 -3409
3970 -2197
3855 2497
-2651 723
2527 -285
3318 340
-875 2805
-1839 -991
-2824 -2700
3798 1704
-811 34
3755 3760
1652 -562
3029 -610
-2322 -2054
-1461 2270
487 1034
-2452 360
-1589 -2136
130 1627
-3937 3152
-681 -3590
1636 -3664
-195 3746
3286 -3648
1514 -2452
-983 -1381
1978 -1778
-4002 1895
-3135 -1584
3231 -2705
-3487 -3398
-3965 -1845
-1872 747
812 -1454
2961 2558
-2235 -3839
4087 3762
-2425 294
22 3047
-3097 -2661
-4070 -569
146 649
-1744 2010
913 3093
1676 3378
482 2351
-406 -2754
-1257 1953
-2131 -1525
-452 -2633
-775 -113
840 1451
1852 -1818
1758 -183
-1136 1199
153 1773
-3232 -4003
4074 691
2508 -1532
1932 -1186
-2514 3967
-2571 -1353
578 -3046
1725 -210
2103 -77
269 821
-362 -2799
-2068 3764
1948 -1323
-1562 -3729
1107 3594
-3844 -94
3772 -2825
3817 -3137
-1536 1924
-2554 -2657
3421 -3472
3500 -3464
-1178 3353
-2635 -4046
-53 2587
-387 -2947
3109 68
275 -1958
1735 -1057
-2387 -3748
4036 -299
-2121 -1080
2936 3053
-261 837
-2460 -3915
2490 3084
664 -1466
-3289 -3388
-2764 -1647
-1994 -115
2539 -2216
2043 -323
2450 -3561
1521 -1339
762 -726
3200 2616
3654 -2726
-3919 3977
-2418 -593
1034 694
-3621 -2546
-2806 2216
-3161 -462
-562 -1830
1336 -2025
1308 42
1360 -14
-2230 3462
330 -3505
991 1522
585 -477
-340 -622
2961 1225
-524 1316
480 -3736
-3536 -376
2030 -2180
252 -405
2247 -3854
481 1522
3940 -547
-1349 -2773
2376 -3767
95 -544
2689 762
-3806 -2617
-1567 2311
-1949 -3961
-2322 2747
3164 792
3442 2932
928 -727
1791 -1016
-3125 316
-28 -3739
2148 -4036
-3488 -4028
1973 -1050
-3354 -4027
2830 359
-2200 3061
1983 3629
-681 1892
2161 186
-3188 3268
104 -1521
-1861 -3120
-2492 1552
684 337
-32 1525
2 764
3799 -1018
-1041 1663
-1116 -545
-1430 967
-2857 2354
2969 3713
-2020 -274
-2587 -336
1275 328
-3917 -520
2841 -1294
-1021 1244
-3663 -3911
3596 -3303
-1425 2669
-2960 3657
3842 -875
1281 -3355
5 2787
-4000 1833
-1334 -1815
-1491 195
1022 4083
452 -2878
-2212 -17
2597 3199
1677 -2834
2442 423
-2863 -1080
-540 2774
-1437 1410
-4073 2439
3779 -684
-2528 -2887
-1820 -1282
787 1246
2857 475
3133 -3755
289 -2797
-1189 -918
4076 -3585
-4034 -2311
-1299 -1153
-2343 -2917
3003 3054
-3308 -2280
-238 -219
-1855 2353
-2106 -3387
-3146 -3714
3510 -1893
2991 -1813
-194 1516
3830 -3386
1057 2650
2212 2531
420 2432
-1922 2621
2860 -2960
3621 -2559
3430 -3331
3272 2891
-250 -4008
-1448 -1936
-2198 -3169
-3514 -2402
-1529 -3469
925 -1161
-718 684
2561 3873
-3282 -2102
-3503 3949
1569 -3579
-2676 1702
2491 3573
1892 -1413
394 -239
687 -2311
-308 2891
574 -1603
1640 -1603
-3392 737
1651 -2650
467 -3259
450 1121
-572 874
230 -602
838 457
2361 -2569
-2136 3528
-2712 -880
2505 2457
3688 -3750
1905 1433
4026 2876
650 3927
-1883 2871
1734 -2055
2357 4029
6 -4018
-3573 263
2474 841
3848 2124
4008 1238
-807 2921
-2843 -2084
-470 331
-2842 -943
3697 -669
-3384 1498
-2390 3240
-685 3012
-2803 2910
-792 -3050
3862 -1888
2054 3652
-2722 -1185
-1443 1139
-1727 3149
1092 -3
-2863 2348
-1675 -3743
-3640 -2159
-3566 933
3636 4072
-3087 -1712
-1309 3393
-2056 2678
-2746 -3122
-2811 -3234
3108 1230
2289 -259
-2316 3574
42 -3531
2066 2681
-544 -1333
2713 1000
-19 146
-3895 2905
3486 -2296
-3572 -524
3030 3063
-839 -3088
-2452 -4041
3458 -2690
-893 -1666
-2947 -209
-2931 -718
4042 -484
3378 2325
2918 -1056
2161 374
2307 -3307
-3704 -3355
2854 -2294
-2037 2823
1034 -1034
3927 -3166
-2963 248
-394 -3124
-975 434
-3442 810
-727 2881
1174 1759
-1974 -2292
-1107 -1492
-643 1509
1631 -3749
35 -496
3725 -3405
1284 2483
3982 4013
2439 -846
-3680 -2128
-1803 1494
763 3683
504 -1271
-2950 -81
1211 3850
2022 -51
587 3300
-939 -2335
3508 -2513
-31 3491
269 -3837
-419 1189
932 -2854
-3831 -2269
279 -1969
-2432 104
3771 1381
-2229 -3053
330 3736
-3598 -3472
1081 1321
-2089 -979
-1381 1943
3209 1105
-3284 1746
-1485 -1133
401 -1504
2047 3392
522 703
-3677 1094
2125 -1174
3207 3739
-420 -1057
2668 -2917
1610 -2867
2385 -891
2013 -2329
-2672 -3312
-3347 -2534
-2916 -2344
1995 2610
-2326 1884
2065 3705
-3536 -399
3542 -3027
-43 260
2414 -499
3939 -1256
-3185 3820
2636 942
-2429 -1361
3031 3617
4056 -460
3901 -1798
-3176 2403
3647 -2644
2754 -217
-1226 -3998
-196 -2280
3034 3365
3064 1716
3266 -758
-3769 709
-3538 -426
986 1425
3882 2453
2248 -3418
2568 41
-1771 4008
3405 605
-2726 -2223
-3449 1624
2950 3330
-216 -516
-3612 1572
-988 3759
1427 640
-635 -3017
3335 -606
-3649 -44
-694 2141
3778 -1103
1242 3514
2022 -2610
3615 3222
2010 3628
806 1513
-3966 55
-892 1921
1278 -1084
3786 -3149
-1291 -410
-845 -3959
1157 -713
4052 837
3800 3518
-677 2387
-2143 -747
2898 -922
-1734 1537
-74 -748
989 -1961
994 -471
2889 2077
3572 -1299
-1942 -435
-3014 775
-3819 2871
2332 -1903
672 -16
194 -30
-3993 -930
4012 -3078
-2953 1777
1356 -2086
1512 3319
1481 -3579
-1931 -2963
3139 1852
74 -3139
-3963 29
-2594 3990
1055 3951
137 3341
-761 1817
-3962 -3042
-3951 -2486
3599 3523
-2881 1403
-2230 -1749
-951 -3370
-2534 1465
2079 3874
-966 -4093
-1927 2402
-2637 -2737
89 -1932
