-44 -2
11 -49
-20 5
23 6
16 -14
0 -40
-30 -15
-18 20
-9 48
4 -31
-28 -15
17 -34
40 16
37 -39
19 10
41 -35
-16 34
-13 -15
-34 19
-14 -21
9 -8
-43 -12
32 -29
-8 -28
45 -13
27 49
-21 10
41 -39
38 -9
7 -19
25 43
-49 -37
-33 -11
-41 22
16 12
-24 -44
10 11
5 -42
-12 -25
12 12
42 -16
-29 35
-14 -46
-19 -20
-2 -36
-12 -42
-40 14
14 5
-44 24
-12 -22
3 -37
19 47
47 36
-39 27
38 -4
-41 2
38 16
47 -48
-41 42
-29 44
-11 -21
-7 18
-35 -25
45 -29
-28 -2
-26 -41
-19 -39
5 -25
-3 49
3 17
22 18
-38 17
-16 20
44 -48
-48 -19
-47 48
-26 -18
0 -13
38 -36
-21 -1
-22 -30
-45 20
29 17
-6 -37
-3 22
5 49
-16 4
10 24
-41 -26
-19 39
14 24
41 6
-25 -18
40 -26
-28 -30
-23 36
-11 -38
27 48
26 8
-43 -35
-22 -48
-11 5
-28 14
23 -11
42 8
-7 7
25 -16
34 46
-27 45
19 5
6 10
-39 -1
-5 26
-2 -36
38 34
42 9
26 2
0 19
-29 48
43 -2
0 46
46 7
41 42
28 12
26 11
-44 -28
28 36
-25 -43
13 43
-49 46
36 5
-33 -34
-37 -1
20 -17
42 15
-43 11
-1 -44
-25 44
-13 18
-17 0
22 34
46 1
-26 -33
-40 -43
-26 42
-46 0
45 -40
19 43
-45 14
-8 -17
8 33
39 45
-49 38
32 -11
-49 30
-17 14
43 47
-35 -41
-29 42
-31 -43
11 48
-25 26
6 -1
13 13
-49 14
-32 -34
45 39
26 -33
-25 38
-11 21
27 2
-47 -48
-31 -45
-28 -33
0 11
-7 -10
1 -39
32 32
-23 -49
37 -46
38 0
1 21
8 41
5 23
-10 -20
32 8
-35 -12
-25 11
-11 47
-41 -40
-20 34
23 -42
8 40
-27 -42
40 -43
-46 16
28 -13
42 -3
-15 -14
42 -2
25 21
10 -19
46 21
40 27
-39 46
16 -46
-16 14
31 41
-33 41
-41 32
-40 -11
5 28
-36 14
-29 26
-34 46
17 -20
-30 47
-12 -38
2 -6
32 22
-25 -32
27 48
-27 -44
-20 42
-19 -45
1 -39
38 -18
-37 9
-46 -27
47 4
46 -46
4 -26
28 -27
32 6
34 -48
20 0
49 9
-21 48
-41 45
48 49
-45 -21
5 16
16 0
-23 19
34 -48
-2 -39
-45 27
-42 22
17 -20
27 -28
-23 23
-11 45
-42 -24
6 13
-7 -42
-2 21
45 18
41 -18
-11 24
-23 28
-47 25
12 -22
-6 -43
37 -39
-22 -23
5 3
-29 -29
-12 -39
-29 9
-35 31
-23 -9
48 11
39 9
43 0
49 -34
-19 12
-29 -48
-20 23
21 -13
-45 -10
15 -13
10 -40
-21 -36
10 24
28 -32
13 20
0 18
-6 -2
-45 -37
35 -47
-41 0
32 -27
5 3
36 19
49 38
37 -18
-31 -47
-18 49
7 -22
-3 -24
38 1
39 48
4 -26
21 -48
-29 36
-24 -29
36 40
-29 -15
-12 19
-48 19
-30 -39
28 6
-2 -26
-35 4
-28 25
-48 17
0 -17
-6 -16
-34 -43
-16 29
-19 38
32 -41
-17 9
9 -32
40 -12
27 25
-1 -12
6 -15
-3 -32
48 -30
-33 4
5 -41
40 38
-39 -31
10 -35
-28 -16
-33 40
-19 -46
19 -31
-40 -20
-4 41
30 21
-44 42
27 -39
38 -47
26 17
-19 -32
-14 -38
0 19
-47 21
-47 49
24 3
8 32
25 3
-41 43
-34 36
22 -3
45 37
-35 -47
-1 8
38 -43
-21 -2
23 33
15 34
18 -7
21 -43
-43 0
-35 -20
5 -6
-49 -27
-4 -2
-33 -35
-11 -2
-46 35
-24 -7
-30 -42
44 -43
-15 -1
-16 2
46 35
-37 -47
4 35
19 44
-48 -6
31 -13
-7 -25
30 9
-13 -38
43 2
39 18
14 -41
-43 46
-48 33
-38 43
6 13
7 5
-31 -32
-9 37
-10 -7
-33 33
12 -19
36 22
7 -5
49 1
29 -18
17 -29
-40 -43
-16 -3
43 -40
18 7
2 17
-23 28
16 44
10 -36
0 -19
20 29
32 4
40 11
-14 40
16 -49
15 48
-9 13
39 24
-44 15
-42 7
-49 -40
-21 -23
-12 13
26 16
-44 -43
31 -41
-14 25
-44 10
-16 25
33 -34
-48 12
-49 12
23 -1
-42 -22
49 26
-24 -12
40 29
-7 -9
-44 4
-21 -35
17 -47
0 -3
-49 -39
-17 -22
40 -34
43 12
7 2
-42 -39
-48 15
46 -24
40 18
38 2
0 2
33 48
26 11
-38 -44
-41 -46
-30 18
9 -9
29 31
-23 6
-20 -38
40 41
34 -45
11 26
35 17
39 21
-14 37
32 37
31 3
-46 -30
41 6
0 23
-12 -44
-38 23
28 -6
-25 -26
43 -36
-47 -24
-9 -33
-10 32
-44 -39
-30 11
22 -33
10 4
-14 -28
0 23
-37 -20
40 20
47 26
49 -14
-44 -49
-22 -47
-31 6
49 23
9 27
7 -43
-38 -33
-42 36
10 -9
-7 -39
17 -40
-38 34
-34 -3
0 35
-21 -49
14 8
-17 -45
-30 15
39 3
33 47
25 9
23 -46
-17 -31
-45 -31
-20 -6
-40 34
-42 14
25 13
33 -20
-18 -26
-45 -25
-20 47
-39 45
-34 -20
32 3
15 49
40 27
-38 -48
-2 -35
-19 -19
-27 30
-28 48
47 -1
38 -17
-31 17
-30 -49
33 30
-43 19
15 -5
42 -14
-11 32
-44 -12
-47 -34
-33 10
33 41
-2 48
7 35
-45 -36
-25 -10
11 -48
-17 -42
40 15
18 16
-22 -33
-19 -18
-19 0
1 -46
23 29
18 37
-15 7
-7 12
0 -21
-30 -43
12 39
21 9
47 34
19 19
9 1
46 6
-43 46
44 -10
41 -45
40 -42
-9 16
35 -41
-34 48
-2 -6
38 -41
25 16
-35 34
-45 -28
-9 -23
8 40
-4 0
-3 -21
-34 48
38 27
-37 -11
-6 -27
42 -36
-48 49
-4 9
-29 -10
-38 37
-35 0
-1 21
22 -46
1 14
26 37
12 -44
32 -26
48 29
26 -20
-17 39
32 6
17 -24
-1 -27
45 -9
30 22
-10 23
-36 -44
-35 25
-4 6
-38 -37
0 0
-13 -1
-38 -22
49 -18
44 -27
-9 42
10 5
-28 0
-45 -25
-42 6
20 -32
5 13
-23 39
-17 0
12 -28
-2 15
25 4
-1 -16
22 24
-28 20
46 -20
-5 -36
-24 44
-34 -7
21 -27
44 -1
-46 29
-21 46
-47 -28
-22 13
-30 35
32 -13
16 -38
-48 -30
-2 35
-38 0
-16 37
25 -47
20 40
-22 11
40 -42
20 -30
-9 29
7 -23
-26 19
38 -32
21 4
-36 -35
-24 -28
-38 19
-49 -34
11 -47
8 -2
-44 26
45 -10
47 43
23 18
-42 45
38 31
-10 -20
17 8
9 42
13 4
-38 -5
-12 26
-25 19
-11 -4
-1 -48
2 -4
49 -30
-44 29
34 47
12 0
-38 -37
-25 -17
18 -24
-42 -39
-6 -37
37 7
-4 -10
46 17
7 32
47 31
38 3
28 -49
37 -31
-23 28
8 23
-37 -20
-21 -22
0 -18
3 -15
-34 47
-4 -10
15 -19
-8 -37
-2 -16
17 -30
7 38
-32 -37
7 -13
8 -34
0 -2
-33 10
-47 -30
23 4
6 -25
9 2
-37 -19
-25 39
0 -34
-1 -16
11 -28
-8 -11
28 0
-48 -33
22 -21
42 36
49 30
-36 8
18 48
36 -21
-14 -24
36 3
-23 18
38 26
12 -28
-1 -34
-21 28
-33 20
11 -3
18 4
48 27
-49 1
-22 -36
-13 18
12 15
-41 38
46 8
6 -35
38 5
46 31
-10 9
27 -29
33 21
-32 16
-12 11
16 6
-1 -41
-49 47
-17 -34
35 20
-13 -36
40 40
-30 -21
-13 20
-5 24
49 -8
-27 35
28 44
0 -25
-25 22
27 -31
-7 -43
11 37
-34 -7
48 -47
40 -33
3 -12
-32 -6
-22 -37
32 39
47 -11
-49 20
12 31
27 -27
-38 35
17 -23
-17 -19
6 34
46 25
49 -42
22 19
0 0
-31 14
17 22
38 32
-35 28
20 48
-10 49
-5 1
36 -32
-39 -29
-6 34
43 39
-42 -23
13 45
30 -23
-3 12
42 0
-10 -48
39 -47
-10 -2
-47 -47
-49 25
-48 -2
0 1
-23 -26
17 -24
2 20
31 14
45 -31
28 -16
-12 24
35 7
21 -40
-37 -31
-43 21
-14 -25
44 -3
-1 -26
7 -39
-11 -16
32 0
-21 18
23 -3
4 -8
-48 -40
-13 9
46 -26
16 30
20 -26
-22 0
-4 17
-25 -18
7 32
-2 -33
-30 32
-2 -19
24 -14
-12 9
-3 -36
0 25
45 0
-29 23
3 -25
-2 -8
0 -37
-44 -23
42 37
-1 -44
0 31
10 0
-16 44
-21 -4
14 -30
-18 -13
48 -12
-5 23
21 10
-27 30
-22 -41
11 48
-45 19
5 -25
24 -24
16 0
-38 -17
23 36
29 37
49 38
30 13
13 34
28 45
-7 -49
49 -36
-47 37
-24 -30
-15 -3
6 -21
9 -2
6 35
-45 49
40 49
-37 -43
-31 47
-20 -32
17 26
-1 25
-21 0
35 -37
-35 5
11 -28
-3 21
-20 -21
16 13
33 -22
28 -35
-19 -29
35 45
32 49
-4 32
-6 -30
11 24
-16 -14
25 -2
43 -36
-30 -7
0 33
-45 -28
-35 24
25 -45
-42 5
-44 15
4 -25
-37 36
-18 18
26 6
0 -40
46 16
47 -16
-7 -3
-27 -15
-29 -42
36 -32
22 34
4 15
13 39
37 -13
-39 35
3 -35
-44 -33
-7 21
12 12
-46 6
-24 8
21 -47
49 9
7 -6
31 -3
-28 -44
10 5
-15 -29
-6 -19
-10 13
23 -24
-29 5
-19 13
-1 24
-28 14
27 -18
22 42
32 24
-26 -17
-32 24
-39 -14
-43 46
-38 20
47 -41
24 -41
-2 -25
-33 24
-11 16
-13 -37
23 -10
-49 12
27 37
-35 47
-21 0
42 -7
49 36
12 19
-46 -5
-27 30
-33 39
45 49
47 -19
4 -23
31 -8
-29 8
46 -12
10 -12
17 4
22 29
24 39
-46 -30
-12 -4
25 -23
-43 41
47 13
35 22
45 -33
-11 20
25 12
-11 43
-22 -14
-8 26
40 -29
-23 21
-3 -22
22 -21
-36 47
37 -22
-20 7
49 5
-34 0
-7 -40
48 30
12 36
-4 12
14 -28
14 15
45 17
-14 31
-15 -20
14 -5
-39 -32
-45 38
-4 3
-26 -48
-19 9
-16 29
-42 -45
28 -31
-30 30
-11 -5
3 -42
0 -11
-4 -44
17 0
20 3
6 -41
31 40
28 29
29 -1
36 -26
-31 23
-45 31
1 1
46 31
-4 -9
39 -29
-11 -14
33 -37
-3 30
11 4
-1 49
6 6
32 4
24 8
44 -34
-38 32
26 42
-19 28
45 49
18 40
-22 46
23 41
-31 -14
-10 -7
-39 -34
-37 46
23 31
-17 39
-17 -42
-42 12
-31 0
-39 -34
17 -20
-17 -30
-26 -10
0 -38
31 48
-37 0
-47 -1
36 -21
-29 -30
17 -15
-31 -30
-17 -43
