1200 100 426416
4200 300 391000
7800 600 770875
12000 1000 964291
19500 1500 1551542
25200 2100 1968000
30800 2800 700417
39600 3600 651042
36000 4500 529917
44000 5500 606000
46200 6600 651792
54600 7800 787333
63700 9100 931500
73500 10500 662083
72000 12000 872709
81600 13600 971167
91800 15300 891333
102600 17100 1374500
114000 19000 1415375
126000 21000 1204500
138600 23100 1684958
151800 25300 1624541
165600 27600 1718500
180000 30000 1843583
195000 32500 2189500
210600 35100 1486000
226800 37800 1827667
203000 40600 1924667
217500 43500 2379500
232500 46500 2995208
248000 49600 2693750
264000 52800 2979334
280500 56100 4027750
297500 59500 3956916
315000 63000 4567750
333000 66600 5053542
351500 70300 5384875
370500 74100 4565375
390000 78000 7155750
410000 82000 8413083
430500 86100 9453375
451500 90300 10158417
473000 94600 9878458
495000 99000 10098250
517500 103500 11883000
540500 108100 12047750
564000 112800 12626917
588000 117600 13515416
612500 122500 13350958
637500 127500 2856708
