29 -13
-23 -21
3 32
-42 -15
22 39
-29 33
-16 -21
33 -32
1 22
-25 12
22 -44
8 -15
-2 6
-46 3
2 -24
34 9
30 -18
26 22
3 -21
-26 -9
15 -13
-28 37
-5 19
12 -22
42 8
-14 2
22 38
-45 19
-21 -13
-49 19
5 -13
22 -15
28 -33
-20 -26
31 37
19 10
34 6
-21 -10
16 22
4 21
24 6
24 0
-31 -45
0 30
25 27
41 43
-39 43
26 32
-1 26
46 20
31 3
38 -30
-21 5
-23 -28
27 16
5 -10
3 -26
31 -36
-11 -3
-48 -32
-19 42
-8 -2
28 -34
-36 30
30 34
-18 -30
-45 -47
29 23
-15 -43
9 -45
-48 -47
-46 3
42 -36
-2 -11
-8 21
-35 38
13 32
-31 -30
-27 -6
28 -29
-1 2
-29 5
-14 43
14 42
-15 -28
-49 -17
-41 37
-19 20
-46 35
5 23
44 24
-18 -48
37 19
-27 -33
26 -10
13 35
-34 40
40 -20
-24 -45
44 9
-14 -2
-7 -6
-8 -4
-2 -30
-40 -26
9 22
-20 30
-7 -30
-41 5
-8 -6
-23 -35
-49 -12
11 48
-6 17
20 33
21 44
-16 38
-37 -37
10 -39
1 5
-14 47
23 17
24 7
26 7
44 -39
-23 -39
-22 25
-17 -4
-14 31
-34 -42
44 -14
-46 -40
-8 3
-38 -35
-29 -20
3 -5
-29 -16
-45 17
-44 20
-39 42
21 23
47 8
-16 48
-45 -24
-20 41
15 7
20 -28
25 30
3 -24
35 -28
16 -38
-9 19
12 -26
38 27
-19 -11
-37 -46
-7 46
23 -35
14 -15
39 -40
34 40
29 36
17 46
0 3
-28 10
-37 -37
13 27
2 14
27 -1
21 3
43 -13
-49 -17
-12 44
-28 24
37 -23
-26 -3
-35 -8
-39 -22
-39 7
47 18
18 -42
-28 -27
-12 6
42 18
40 -16
-47 20
-48 -40
-19 27
30 -13
-10 -46
-16 16
31 -34
12 -23
-13 -29
30 -15
-9 -42
-30 6
-20 -44
5 45
6 -36
3 -25
8 -29
34 -31
-37 -45
37 0
7 16
-19 13
20 24
20 31
-8 18
-24 36
-16 28
9 -43
-39 -22
-27 42
40 -22
28 41
38 -10
22 -44
-3 35
34 9
17 33
17 -2
-2 -19
39 16
-15 -24
-42 -12
12 -41
-29 16
39 31
-43 14
23 19
-39 6
39 1
-47 42
34 10
8 -12
27 -40
25 44
13 -16
-47 4
24 -44
21 -15
20 25
34 26
1 -16
32 -17
-27 34
-42 -4
-49 -4
-3 42
-29 -18
-27 49
37 -15
-4 22
-15 45
25 -5
-12 -29
-18 -28
-45 8
-30 1
37 34
-34 -17
-26 39
13 19
-21 19
20 11
-46 23
-35 -45
47 -29
11 -30
-16 -10
-11 -42
46 -13
46 3
47 -39
-10 4
10 16
-1 4
43 28
-6 -27
41 6
-41 8
22 20
-32 43
-20 -2
12 -7
-37 13
31 -5
-16 14
-42 -27
14 13
34 42
45 5
-13 -46
4 4
-1 -38
45 22
23 -3
-26 32
-43 -2
38 -49
-21 -8
-7 -8
39 33
27 19
-44 -37
-22 5
-19 -9
44 -31
40 36
-4 40
-43 -38
-21 39
36 -45
46 -13
-31 19
-12 17
42 10
39 -10
36 39
6 -46
-22 36
19 26
-27 34
31 25
-1 -23
4 -42
34 -8
33 30
-21 26
33 -16
-5 46
-49 24
27 10
-49 11
-30 -42
40 19
-28 33
-43 1
-17 45
13 42
31 48
21 35
-18 13
-42 0
-24 -14
25 43
9 -16
40 -16
6 -31
-20 -29
4 -20
46 -44
38 10
41 -13
-5 -25
-25 -47
-36 40
23 45
-9 -30
22 21
-2 28
-31 -34
7 -40
17 -20
-10 6
28 -16
-41 31
-25 44
4 -13
-14 -4
9 -22
-7 -9
17 42
-20 4
-10 24
22 21
-5 -1
-48 19
-19 14
-36 -31
35 37
17 -9
48 -11
-30 -47
7 34
12 -44
-17 -43
-20 -33
-2 -40
-16 -40
-45 -48
-3 -29
49 20
25 -42
10 9
-15 10
-12 40
-22 -1
-30 20
-48 -12
18 -21
31 -21
-21 35
45 -46
-22 45
10 -1
49 28
-23 10
-41 -23
34 -47
-8 -44
43 21
36 -39
-27 -44
-2 -49
31 -16
-14 29
38 -33
-44 -43
-7 6
35 -31
-2 -24
-8 -26
-41 -2
35 -2
-16 -35
-26 -21
12 -44
5 36
41 40
14 -49
40 16
-5 42
43 33
-25 0
31 4
-7 -3
-47 -23
43 -9
0 -17
42 -20
23 25
35 0
49 7
-39 43
-33 -11
-38 -49
-6 33
-27 -8
17 -39
32 28
19 14
-4 11
-16 -4
19 -49
44 1
44 29
-34 -41
-18 46
2 41
-48 -23
-27 30
16 -11
-27 17
-3 -18
-28 -31
18 -32
29 -13
8 41
-42 43
35 -5
-34 4
-7 31
19 10
-41 -15
40 46
-32 42
38 -32
-4 -33
37 -27
39 -23
-45 23
0 -8
37 -28
44 31
-18 -14
-34 -41
41 1
24 43
-44 21
5 -19
4 18
26 -9
48 -35
-19 45
-39 32
37 -42
-20 -40
29 -48
45 -43
6 20
6 -9
34 32
-46 35
0 12
-6 9
22 -16
-11 -41
-12 -42
-41 -32
-30 -41
-15 -1
-16 -1
-25 33
-21 20
13 41
-33 -36
-34 20
35 31
4 -18
48 21
12 -15
-34 31
39 6
-14 46
-10 -44
-44 -44
10 0
45 -19
-39 -4
-5 -34
34 21
-36 -40
23 33
-38 1
-31 -31
-42 -47
-3 -8
-29 -8
-9 -3
-6 22
47 0
28 -38
6 -23
5 14
44 -2
-13 39
18 11
25 21
-34 20
-19 47
-34 27
-25 -14
-11 -31
-3 14
9 33
7 40
-30 -26
1 -26
39 -3
29 2
-46 12
30 13
13 -16
20 -40
-4 -40
14 -13
-45 -32
34 15
-16 38
-4 20
-16 -2
-38 -6
-10 -43
-36 -26
42 -17
-36 17
-19 -7
6 10
43 34
30 -5
-24 -3
-37 23
-41 -30
19 -7
41 24
11 9
16 -24
-40 -11
35 -10
-45 -34
-9 -19
43 6
-40 38
-48 -14
-23 -22
47 -7
-19 -40
33 -43
9 11
34 -3
22 -17
0 -9
-37 13
39 44
47 42
-28 47
16 38
47 25
-29 7
49 20
14 -37
3 30
-22 -14
16 2
25 19
17 23
-46 -26
-26 46
-23 -2
-39 18
22 9
-7 -4
45 25
-45 -6
-43 33
34 45
12 13
10 -17
33 -21
-33 -47
2 35
-35 9
13 45
-28 14
-5 -42
10 -47
-18 26
27 -17
-47 -41
42 -26
-14 -18
25 -18
12 -2
43 32
49 -5
20 46
40 18
-10 -28
46 -48
-44 -3
36 -4
48 -45
-33 20
0 17
48 -31
4 -20
14 25
-15 20
17 16
34 8
12 46
36 -20
-11 -32
0 -22
0 -15
34 -6
35 41
-40 -8
-40 -24
43 12
-10 -15
-8 6
-1 47
1 11
-20 23
-4 47
-15 39
-41 26
19 -31
8 37
-7 43
6 -35
-10 34
47 17
24 29
35 -29
12 44
-19 -15
11 -39
0 -6
15 -33
-29 -17
0 25
5 -3
24 -28
-47 23
-7 24
30 9
43 21
39 22
-21 -4
40 0
-5 30
-34 -36
-1 -31
-27 30
45 -48
9 -44
7 -11
-13 10
38 -18
-37 15
38 30
21 -21
-10 -7
30 6
-13 3
-3 -38
39 31
-23 17
49 34
38 -6
-33 40
-37 -49
16 49
40 6
-15 -11
31 -36
-25 9
-26 9
-3 31
36 -18
-22 -25
9 23
-14 23
24 -24
3 -14
27 48
36 -40
11 -38
-12 0
0 -39
48 12
25 -12
14 23
2 -19
-33 -2
-12 -5
-6 11
-14 -37
38 -11
-37 -24
-29 37
-14 -14
-8 -48
11 -23
35 -39
-20 47
-24 -23
12 -7
26 33
18 0
8 28
34 -24
-47 22
-20 -30
36 41
-14 -49
-17 48
10 -41
-8 32
-31 -12
-41 -37
-5 15
-8 6
17 11
-49 11
24 14
45 -29
-10 16
-49 -36
-26 -1
33 -2
44 27
-29 -6
12 -37
-19 -8
39 34
0 -44
-3 -13
-46 -47
2 -21
34 -14
30 39
42 33
-16 -31
-26 10
-20 23
5 -45
-9 -33
-35 -34
-7 25
-19 3
-46 -38
28 39
39 -12
16 36
-27 14
-4 -3
5 21
-40 -32
-45 -35
46 -47
-32 36
-11 3
39 8
17 3
-48 33
8 -29
-39 3
41 23
-31 1
37 27
4 -47
11 -8
44 24
29 -30
-39 -26
0 13
11 -40
37 -34
-32 -36
-42 40
29 -23
17 -6
7 5
0 5
36 48
-6 41
4 -21
30 35
-33 30
-36 14
13 -28
-35 -5
-24 -18
14 -45
29 9
-35 -17
-45 18
-41 -43
38 -48
-13 -14
39 -16
28 -42
-15 0
11 -48
34 -17
-20 4
40 42
-7 48
8 31
-8 -44
-1 31
-34 9
35 -5
-21 -47
13 32
-16 -10
-12 26
30 -27
-27 38
-16 -17
1 41
-46 -45
-25 6
0 -30
-25 -38
-8 43
36 -31
-33 1
-38 33
29 17
-39 30
-18 36
-12 17
21 -27
36 48
40 -17
-19 -33
2 -9
-39 -38
37 17
3 -35
46 14
-14 1
0 -10
43 3
14 1
-47 32
13 14
-38 -10
-11 29
46 -35
47 28
39 26
-18 -15
-6 -34
-19 -39
-29 18
-18 48
-14 -41
-1 30
-34 -14
-47 -39
0 -34
6 -11
-13 -22
23 25
48 -37
-19 -40
27 35
20 4
-18 32
-45 46
-4 45
24 -6
16 39
-1 11
-26 -33
-31 -29
-23 -38
-33 36
-41 40
0 1
-25 -40
-7 40
13 10
-30 -2
30 -40
-27 -2
-28 4
43 -25
-33 -18
-35 -25
-21 -37
11 -26
-24 44
-15 5
-20 17
-33 30
-32 29
-2 -46
-38 -43
-15 -9
-41 -26
13 28
14 9
2 33
26 31
40 -33
-4 -32
-6 41
-28 39
-29 -9
-23 5
-23 11
42 47
-13 5
23 -28
26 22
26 7
4 -5
44 -33
-49 -10
5 -42
21 17
-3 21
-44 -31
29 13
6 48
37 -38
26 0
-36 -44
-37 -24
-35 -13
-9 -2
5 1
-47 -40
-13 38
28 17
-28 -21
-39 42
-1 9
-38 -11
21 33
29 24
-23 27
35 -48
49 -39
5 -31
3 22
-37 -35
-41 25
-20 -8
-8 38
4 -29
25 17
-12 -36
-33 -17
12 15
-18 -40
38 15
25 -8
37 -6
0 49
-38 13
-12 -29
-7 21
-42 28
-5 -16
-1 43
36 3
-13 -14
-33 -32
-47 2
-12 15
-24 -48
29 45
46 -45
7 27
-37 35
-47 -28
-12 6
5 46
13 16
-9 -3
5 34
-47 41
15 -11
-36 -24
-49 16
9 -9
2 8
44 -20
-27 42
6 48
-3 21
17 -23
14 23
22 48
42 49
-41 32
-30 -37
-35 -34
-45 -46
-46 48
-21 -48
38 1
15 31
-38 -45
-29 28
-45 -3
-8 0
-26 0
-27 -10
18 -49
48 -34
36 25
40 36
0 16
-5 -10
43 14
-8 38
-14 9
-25 10
-4 33
33 -9
29 27
-9 -32
3 34
23 30
0 -9
39 32
-23 -35
7 44
-32 38
-28 -33
22 14
9 -46
-47 38
17 35
33 -6
-7 -17
-13 11
49 -32
-30 15
-11 43
11 -44
-39 23
39 39
-21 -13
32 34
-21 20
35 -15
-19 -5
4 -25
-40 35
-10 28
-43 43
7 -42
11 -38
-45 -44
-39 28
-42 29
-47 12
14 8
-19 45
35 -44
13 -13
-11 -47
-40 -21
-46 -26
20 37
-12 -17
-19 22
-25 -41
18 21
16 6
-40 45
-39 -19
46 3
-40 -7
-8 -25
22 6
44 -47
-28 -30
20 -41
-22 10
-34 -41
-32 11
48 32
-36 -31
38 48
-11 -47
-3 3
42 -42
-32 -21
-21 -1
-15 15
6 -11
0 41
6 -45
-12 -28
-35 45
-9 13
15 -40
-5 26
-30 -1
19 13
-21 18
-26 -36
21 24
-24 -30
7 -36
10 34
-47 -46
-5 18
28 -24
-7 14
-25 10
9 -44
24 -27
37 1
-45 38
-28 29
19 16
0 -21
46 14
24 -35
39 22
0 -7
-15 -7
-39 18
-20 -48
-37 34
29 31
-12 34
-27 23
-49 27
15 7
-28 45
23 1
43 47
46 7
-49 26
-35 5
