21 30
-15 -7
31 -41
35 24
-22 -6
30 -12
-36 6
5 39
12 33
42 -25
16 11
9 -24
15 -37
44 -39
-41 -28
28 -36
-35 18
-4 -12
-14 -28
6 15
44 -29
27 27
-39 44
-1 35
-36 6
-9 43
-41 -16
41 26
-41 -11
14 -11
-47 -31
14 1
-13 -18
20 20
15 -45
-11 -49
22 -15
38 41
7 30
-17 41
24 17
11 11
-14 -42
-29 -41
41 46
4 -18
-44 34
23 -22
-41 -47
37 42
48 46
-45 -33
13 -31
17 -1
-4 9
19 45
41 49
34 2
20 8
0 28
10 47
43 11
3 -16
35 -27
-41 -3
-39 -44
-48 27
21 -40
-37 47
28 14
-3 -9
-30 16
-19 -5
42 -32
10 1
-5 46
-41 -18
35 47
-9 -41
-13 8
-12 -9
-33 5
-19 -46
-27 -8
-48 48
-45 -15
4 14
-19 -43
7 -8
-36 -46
42 1
-40 40
-14 -7
23 47
-27 -24
17 -41
3 26
37 7
-34 28
-15 36
20 28
23 33
-7 -41
8 -31
-10 -9
-19 -17
-11 2
37 -31
-16 -28
-17 -24
-13 -21
-38 -22
-9 35
37 -4
12 0
0 40
13 41
-40 0
0 -41
-34 48
24 43
-39 -33
-27 -16
40 36
40 -22
34 42
3 32
49 -39
43 44
5 -7
34 -24
9 8
48 16
-31 38
44 -39
-16 10
-12 21
21 39
-37 -10
-8 -45
-21 -11
-10 -23
-3 32
41 25
-9 -45
-17 9
10 -37
-34 24
15 -28
33 43
-41 -7
12 29
14 -45
12 21
-11 37
8 12
10 -31
13 9
47 41
-19 20
25 39
-45 -30
-42 44
22 -17
-6 41
49 14
-48 -32
38 8
-1 -5
26 0
-14 46
-1 -22
19 -33
17 0
-34 -46
-19 -45
-26 -22
28 -43
43 -30
-1 -42
0 44
-27 28
-6 7
28 -22
22 8
33 46
-39 -2
-13 27
-26 36
-24 -33
35 -21
29 -41
-15 1
26 -15
13 -33
-36 -9
-39 -40
2 42
30 -10
-3 13
5 -9
38 46
-14 7
-35 -6
-44 -11
-38 -33
-3 -43
18 -34
43 -19
11 2
46 -5
-47 0
4 38
-16 31
18 26
3 -17
-17 7
-28 -36
15 42
-29 43
19 -48
22 -23
36 -3
4 18
12 18
31 9
35 7
1 25
-16 43
34 32
-16 -38
-27 12
9 -41
-6 23
31 43
-19 -19
-20 -21
-36 17
18 34
-11 1
-6 -17
-6 10
-10 49
13 -10
22 -1
2 32
11 -3
31 -14
-16 -31
32 26
6 -15
45 -32
12 -34
-33 -7
28 23
19 1
21 -40
-39 -16
-31 -29
45 -14
-14 -21
38 -33
-41 38
-13 -39
2 4
42 -21
0 -44
32 -18
-6 -4
30 -48
49 43
34 -14
-27 30
-25 -18
36 -26
20 -6
-25 19
6 -48
-14 -23
16 16
33 12
-10 -41
-25 -37
4 -11
-43 11
37 -8
-37 43
5 13
9 -25
4 -46
41 -22
-34 14
48 48
7 38
19 -17
-14 25
25 -14
-38 0
39 -36
20 43
-28 15
46 -36
-34 -2
29 -34
45 -5
15 -6
19 19
-22 41
-30 45
32 -6
45 30
-2 42
25 -47
2 0
17 25
-41 21
-38 -12
4 21
27 -4
28 2
28 -25
-31 14
27 -35
7 39
-24 26
47 -1
11 -45
-45 29
40 -5
-27 -40
37 0
-29 -38
26 31
-6 -14
-40 -44
-11 49
-36 -45
44 43
-2 -46
-26 -31
-27 -46
-9 -13
-34 15
-41 0
5 -13
32 41
-46 33
-45 48
10 -49
-9 37
16 -40
8 0
45 33
-11 49
15 -29
3 15
-40 -32
1 -11
20 5
30 -13
-6 -42
-46 -44
-14 -3
-43 13
-22 39
-37 31
16 15
-13 -49
28 -4
-18 -12
26 36
-6 -41
-30 48
-20 21
41 -26
48 39
35 -11
-45 -28
-11 40
-5 -42
24 8
-15 44
-5 47
27 -40
11 -32
43 -27
-31 27
-3 -39
45 -1
-42 -14
-49 -30
24 44
-21 19
-41 -49
43 -23
9 4
12 28
-27 34
-28 2
-28 26
-42 -7
47 -19
22 19
36 -21
32 -48
5 -3
-31 24
-7 -31
-40 -3
-20 10
-22 -13
43 -19
26 5
-39 39
-41 -5
-47 2
28 35
-24 -31
-4 -44
46 3
0 7
-35 41
-24 47
31 27
6 34
31 8
5 47
37 8
-43 -26
-17 -12
-23 -39
-19 19
-48 7
-16 20
27 36
30 24
-12 -8
-5 -45
-2 -47
8 -13
-30 7
-36 -44
-2 -7
-45 39
8 18
-6 46
8 -47
46 -48
10 22
2 29
15 45
-47 18
-25 36
-46 24
17 4
47 -25
-31 -37
20 45
-30 -11
36 4
35 24
9 -16
-29 44
-42 -4
-43 -25
-37 -15
-24 -12
49 -39
-22 -5
7 22
8 0
25 30
-26 -37
27 20
4 44
-24 -14
-1 44
-26 -36
12 -25
-12 -22
-48 36
36 2
19 -41
-32 -31
-29 -29
49 -41
2 -42
-12 -22
3 -48
-2 -42
-4 41
14 23
44 -2
45 -41
40 5
-33 -11
31 -7
12 -28
-39 37
26 -39
29 -22
-39 -41
-30 -45
-3 12
-44 42
-29 -23
8 -10
-28 37
21 -8
20 0
-32 10
-18 37
-5 -8
-6 24
42 9
9 46
5 27
-15 -32
33 -34
-1 29
-40 35
-31 -26
-19 5
-4 -17
7 -32
-31 31
-13 -11
10 38
15 18
21 41
-3 2
-26 43
19 35
34 -16
5 45
17 -37
47 -44
-13 -10
31 22
35 21
-28 -29
1 16
-29 -3
-21 14
-10 5
18 -32
21 -38
-15 13
-18 -46
19 7
-49 22
-24 -42
-34 20
-4 -12
13 20
46 29
-48 -47
-36 42
-6 18
41 33
-8 -47
-36 -38
-11 38
-10 24
38 33
-3 28
-34 28
36 -34
-9 29
-19 -32
-25 -20
8 16
-28 -15
46 -30
-17 45
-10 -39
-32 -13
-8 -26
-30 14
-4 41
45 6
-45 19
-1 44
-23 -33
-7 -21
3 0
-49 -35
-15 -17
-34 11
34 -5
-10 -7
-18 47
-48 33
8 38
-4 38
-13 42
-40 -3
10 -25
-17 -20
-22 8
2 0
-16 -6
-13 27
-9 -8
42 19
-36 46
-8 35
0 34
0 26
48 1
34 0
-39 -46
-40 -48
46 -41
-4 -34
42 -17
21 33
7 -33
-23 42
-2 -27
-32 33
20 -1
15 -29
34 -14
-37 28
37 -35
-2 16
-5 13
-1 3
-43 -11
47 -14
48 13
42 5
-33 -27
29 -44
-40 46
-31 36
-46 12
-16 3
-11 44
-33 -11
-3 -37
-32 -36
30 -36
-35 -48
27 40
-7 21
7 -13
6 -43
16 25
-32 -27
-41 -21
-27 22
13 5
-9 -36
6 19
34 19
-38 -42
-41 2
-13 -38
-14 -27
42 -28
-33 31
-36 -15
-22 -27
-40 -32
38 -37
-14 -47
-39 -39
25 43
2 35
38 -11
22 -1
29 -36
-10 -36
0 17
45 -45
13 -17
45 46
14 -37
43 -44
-42 49
-37 -15
39 -25
-45 -3
-27 -44
-22 28
15 32
-16 0
33 -1
-4 30
-14 -36
28 -45
26 -8
33 -3
-46 43
47 9
-35 44
-4 -48
48 -4
24 -28
15 -24
18 -43
-40 -5
-39 39
40 49
-46 -39
27 34
-3 -12
27 42
-25 -38
38 33
34 -37
-11 -18
25 3
28 -34
17 -28
36 12
45 -44
11 -41
-3 -38
-30 -22
41 30
-11 -9
-22 26
22 29
-10 41
-15 -26
31 0
-27 8
-11 18
-49 11
24 -3
0 38
-5 19
-5 -39
-20 35
42 37
14 1
49 47
-9 46
9 -41
35 -37
-9 3
-49 30
10 -23
11 42
47 32
-44 -43
45 7
40 -39
-9 20
0 -13
-42 28
13 17
-25 46
-9 -24
27 18
-5 -3
-27 -40
12 -16
-22 48
-19 44
33 31
-48 -3
7 -1
-49 -1
45 -2
48 48
-18 -34
-7 18
-4 40
39 -14
36 -8
-17 15
43 -3
3 17
-9 39
32 -3
-37 -33
18 39
-48 -20
49 -26
8 -24
24 38
-22 -23
-23 -13
26 9
1 -4
25 -18
-11 -40
0 28
45 -39
-5 -26
-26 -16
-5 23
-14 -38
43 1
27 -20
-19 -33
-24 -35
48 27
38 13
3 -3
-35 9
35 -33
33 44
42 2
4 -19
-30 -29
22 28
3 18
-15 -15
37 14
-38 31
1 -49
-33 -49
14 -30
7 -3
42 -26
-16 -25
13 -22
-41 -20
26 -10
16 -29
-28 -43
-23 -45
0 26
-36 0
-2 9
-40 49
-46 23
-33 -12
4 14
0 -46
35 30
-44 -36
-2 8
35 22
22 9
36 -32
-14 1
4 -37
-18 29
16 15
30 -12
39 -30
-3 -12
-37 17
-20 29
-33 -31
-46 -12
13 -14
11 38
3 -49
14 -27
17 -10
11 -24
-32 34
6 -3
44 26
-37 45
29 -14
19 -45
-1 28
-15 -40
-14 -42
-5 33
46 21
-1 -10
32 -38
20 -47
14 3
-19 39
-43 -27
-2 -19
35 11
19 1
-15 7
29 -19
44 -12
16 -17
-43 -32
38 -5
43 -20
-23 8
4 1
34 -24
5 16
-18 -47
-37 45
-32 48
-24 -44
-48 30
43 -49
-49 22
-19 -5
22 -27
35 -11
40 14
-30 -17
10 -33
29 6
-3 48
-47 -13
24 6
-27 -24
-34 27
-18 -4
-31 31
-2 46
-39 19
13 -46
25 7
-9 1
40 -22
-41 -26
22 -10
-19 -12
-12 -2
-30 -31
29 -7
-20 44
-43 -10
-43 -7
9 25
-7 -20
48 2
18 -16
-35 -15
-19 44
3 38
31 -45
17 17
-42 20
46 40
31 -25
27 -20
33 21
22 43
-21 26
32 -37
49 -47
-8 26
1 39
-25 -25
-40 7
-19 -5
48 41
36 -22
-33 -20
16 -17
-2 -31
3 28
3 20
-17 -31
5 20
32 -28
17 -29
-34 26
-12 -29
-20 -12
10 48
0 -31
-28 -49
34 -8
41 -19
15 35
-36 -22
-47 29
-27 -18
48 -40
6 -13
-22 26
43 -45
-23 2
37 -6
16 -18
-2 42
-24 24
-30 6
-11 5
-30 -43
25 -37
40 34
-35 -41
-45 -23
0 9
24 -4
-18 34
-23 -22
15 22
-11 0
-18 -25
43 41
-49 5
29 -23
19 41
-37 -37
17 47
-44 45
35 -33
36 41
-20 5
-41 -24
-9 -46
-14 28
42 -39
14 -17
4 0
42 -24
-45 0
12 30
-47 -19
36 -5
-7 -6
-20 -24
1 -11
49 28
26 -42
-31 33
0 37
11 -1
-8 -48
19 -18
42 -19
-15 -32
-5 29
13 22
-9 -33
26 39
-49 36
-22 -33
0 -22
-44 -8
22 49
13 0
-3 0
42 -7
3 -26
-47 -26
6 16
10 -22
-31 -41
-32 4
19 31
23 -44
-13 -1
-10 -23
-49 -29
-28 -11
-35 15
5 3
24 9
9 -31
-18 -44
41 -32
7 22
-4 -28
2 40
-37 -46
39 -45
30 -34
7 49
28 46
-29 -33
6 15
-26 40
-3 -35
-23 0
14 -2
-24 10
-33 34
24 -34
-47 12
14 -26
-9 38
15 41
-43 -15
-18 9
8 -9
5 44
34 -39
9 -12
-14 18
8 21
-25 49
-16 -7
41 -41
9 43
-38 -17
-1 -2
13 -1
-46 23
22 -30
0 -37
-1 9
-8 -4
-18 -15
32 47
49 -39
-18 -1
-1 11
-9 -21
32 17
4 -21
26 24
44 0
-35 -44
12 -5
0 -6
-24 5
-2 32
37 -18
47 28
-31 17
5 20
29 28
-14 18
20 -22
-2 -15
-10 46
-45 10
-31 -37
-33 45
23 -42
-26 44
-36 16
38 -17
38 25
47 44
17 0
-7 -42
48 -6
-48 19
17 -37
49 -46
-43 19
-39 35
-16 15
-26 -21
-49 12
24 -46
2 -46
12 -33
8 19
-19 49
-25 30
-23 -19
11 8
-29 -37
-43 26
48 -2
5 41
-1 35
-18 36
-49 24
-36 -47
41 40
-16 -33
23 -10
39 -40
20 8
-18 28
-10 -3
14 -18
-40 7
-27 -32
10 41
-31 27
16 29
47 -43
-39 21
47 -1
-35 -10
49 -49
-35 -3
-11 8
33 39
4 -26
-15 -18
35 7
-34 -35
15 -6
-44 -34
-45 -16
36 -6
0 4
-9 6
25 -48
35 -49
6 12
18 38
-14 -21
22 46
29 7
18 -23
33 -10
0 -44
36 -42
-37 36
23 -41
-40 46
-45 -34
-4 -18
17 -25
-7 -35
-26 -35
-11 -40
-29 46
-4 -28
-7 -42
-38 10
-41 -24
-16 0
-9 13
-30 -41
-16 13
-3 -25
4 -27
-29 -9
15 -6
-20 8
-48 47
45 15
49 -15
-45 -22
29 -6
31 47
-5 25
14 27
-28 -1
-22 47
12 22
21 -29
42 23
43 31
-12 26
-18 -24
14 -27
8 12
-15 25
16 -43
48 -4
49 -45
26 8
-22 18
-34 41
-3 41
6 -3
-44 6
-4 12
0 -8
7 43
-14 -28
32 -5
46 -26
0 42
-43 -41
33 -34
25 1
31 11
-38 -37
34 -4
11 20
-47 28
-32 23
-14 -1
25 4
9 39
-30 40
13 3
3 26
15 -33
-29 44
-31 44
-34 -18
-6 -10
10 46
25 -5
-34 -35
23 -31
6 -48
22 -3
-20 34
-36 42
10 16
-28 48
-47 23
15 18
-24 -25
-10 -31
3 -39
44 26
-4 -33
-2 36
-20 31
1 20
-41 -46
9 -17
-10 -11
-18 41
24 -5
26 -21
-28 -24
19 -33
20 6
-42 44
-35 41
33 29
16 -33
-21 -8
-11 -44
28 -30
24 -7
-8 43
-30 46
43 41
25 30
14 15
46 24
5 20
32 32
-40 -49
41 -29
13 47
23 0
-45 32
10 -20
-26 22
23 27
6 31
-27 19
-44 43
14 -29
40 49
-3 28
35 33
-15 30
37 -37
10 49
-40 8
-32 14
-34 -6
31 6
34 -11
28 26
-16 -41
-48 40
23 47
-14 -4
42 -43
28 -23
20 42
-14 49
32 5
-43 -10
10 -8
-25 -30
46 -45
21 -24
-44 -25
17 17
-49 7
-34 -34
-39 -17
-31 0
-10 43
12 35
4 28
2 10
-31 29
39 -20
34 13
42 -32
-21 44
-22 -33
-20 6
-46 -48
-28 -29
-6 14
13 -40
-13 -11
-3 22
-15 8
-28 0
-2 41
43 13
-30 -19
21 -47
-33 21
-27 -20
-19 30
19 -20
-8 -2
13 16
-16 23
15 -44
44 0
-28 0
-26 26
-15 7
0 34
-37 -14
22 -46
-5 -17
-12 37
-24 13
-7 35
-47 29
8 -39
31 -24
20 35
-31 12
38 -38
-15 2
-49 -32
41 -24
0 19
-14 -18
-29 0
-43 46
-32 29
3 28
-31 -48
44 36
-41 28
-17 -44
26 5
42 -31
-6 -39
-39 14
12 -7
-35 -36
-42 -20
0 14
38 35
-45 43
-13 -43
-2 33
-6 49
-1 37
-48 34
-36 -22
-24 35
8 14
26 41
0 -43
-23 14
5 -45
-42 -25
27 -17
-12 -12
-30 47
-34 -15
3 6
-49 28
24 -13
-42 -46
-27 44
46 32
-13 -29
28 38
25 -25
12 -15
-17 -37
-31 0
43 -10
29 16
34 -47
20 -27
-17 42
8 -27
41 18
43 24
1 26
-12 -3
30 -8
-19 16
42 -37
-7 11
42 -30
39 -28
29 0
49 -38
-28 33
31 -11
40 44
38 24
-7 -47
19 -14
43 -25
14 23
27 -2
-14 -49
43 5
-30 -1
40 -12
14 20
-47 10
-24 11
-35 41
41 39
-17 23
49 -9
-1 13
24 -49
35 -38
34 44
27 25
35 24
21 -47
-22 12
-45 40
-20 37
-40 -39
-47 4
45 20
-14 42
1 38
-43 -32
27 -21
31 -2
16 43
-13 -15
-1 12
-7 -42
17 7
-39 -30
17 -21
24 20
5 48
-42 45
10 -49
32 3
-22 47
-29 -1
-6 -46
-25 -10
21 -48
13 41
1 -4
2 49
-13 -44
21 -45
-20 12
41 -43
4 -13
25 -43
-36 10
-36 37
13 -6
9 43
-22 -29
6 16
-11 0
-36 2
0 45
32 -40
-7 0
5 -41
-10 -25
40 31
6 -19
18 44
-18 -26
-27 0
-7 11
40 -7
-24 6
-20 -35
0 33
3 -27
-19 18
31 6
30 38
-7 47
7 0
-10 -44
-7 26
-3 3
4 24
-16 48
-44 -40
43 -17
-30 37
45 9
48 -18
-33 35
14 35
13 -12
-33 -43
35 48
40 48
-12 25
7 37
35 29
-48 -1
5 35
11 -21
2 -39
29 8
-4 35
14 -45
27 38
32 -12
-24 35
11 46
2 -32
-1 27
49 -2
3 -1
-43 -28
-35 -49
6 17
-29 -25
16 -47
29 31
3 -20
-8 -44
-6 0
26 -32
28 -11
12 -48
-41 29
-17 -42
34 3
21 38
-17 2
-29 46
6 -9
-3 23
43 -27
-1 12
17 -5
17 15
27 46
-16 18
-38 -7
-29 40
-30 42
-6 -37
-22 -28
-12 33
26 13
-23 -20
8 -45
-9 7
-38 47
-5 -8
-43 49
37 -37
-9 -33
33 19
26 22
-11 -3
24 -8
-31 -25
-35 -10
39 33
-4 40
-17 11
41 -1
0 -31
-39 -29
-4 25
44 47
-3 5
19 0
32 -15
-49 36
38 43
-8 49
35 -30
21 -17
-22 12
24 4
25 44
41 17
43 -6
-46 -19
30 -21
-35 -38
45 -47
14 43
-37 -3
-27 48
-43 -16
-9 18
6 32
34 19
42 46
37 -13
41 6
40 43
-21 22
20 -37
18 49
41 13
-15 45
-32 -11
-35 -40
4 25
-38 -25
1 -2
-18 38
-9 43
9 10
27 24
-38 -30
1 11
-26 -21
-28 -25
47 18
42 -40
25 28
0 -24
-12 -23
17 17
-1 22
-13 -28
-17 -34
47 30
20 12
-32 35
25 -5
-42 46
16 28
33 5
-31 21
9 12
-23 32
43 -18
-29 -43
-45 1
10 -2
42 26
17 31
21 -33
32 34
41 -40
20 -1
-7 -25
-47 -39
-31 49
16 46
18 -16
-39 -11
25 28
43 45
-35 -38
29 -13
-19 -12
-35 -48
12 -44
-9 19
2 31
-47 41
37 -39
33 -1
12 7
-38 -42
-49 -47
46 -27
-2 16
-41 -26
-34 -14
-1 -45
26 -10
-20 23
39 -49
30 -35
-38 -17
33 46
-4 -30
3 26
37 17
-19 42
5 -39
17 -38
-23 -16
42 43
30 -12
14 47
47 -37
30 45
14 9
4 -49
-14 -46
-2 44
-13 -43
3 -44
43 6
-49 -13
28 25
-41 29
18 -10
-26 28
-1 -35
-3 7
4 -49
-38 40
28 -25
30 -5
42 -49
45 34
27 -24
5 -3
-28 -30
-24 -27
-35 -7
-33 -47
12 24
-10 3
13 -36
-16 20
29 48
-26 28
-23 -18
-28 22
49 7
6 -19
28 18
-31 -25
46 -30
32 0
41 -4
-10 -41
4 45
10 1
-19 -13
49 -15
28 -28
37 1
-6 -12
27 -26
-36 -8
33 29
14 -22
18 -39
35 -31
43 33
-29 -47
-8 -19
36 31
-1 -10
-40 11
-49 4
5 40
25 43
27 27
-29 25
-16 17
14 46
-20 31
-41 25
44 -22
-27 -18
-17 -12
37 -47
25 -28
30 -22
-30 46
-9 13
19 2
-26 -40
29 -2
-9 46
-9 -1
17 -10
-46 -42
-4 24
26 38
48 -11
-21 -31
10 19
-46 -29
6 41
28 0
22 17
-43 -32
-33 37
-30 -41
-30 -30
0 15
-44 -4
8 -29
2 7
27 22
13 -40
9 -18
44 -21
-9 -15
-24 -16
16 -19
-41 -33
34 -25
45 38
-16 -33
-15 -5
47 16
-21 1
-22 -16
-3 46
45 -41
-7 10
-12 18
-9 41
39 -18
-9 10
-42 28
22 45
28 -16
45 1
37 31
34 16
-2 33
-13 -18
4 -4
46 -3
21 -10
-5 39
6 0
4 21
10 23
-13 34
35 -44
11 0
26 -10
-46 -17
23 -4
-14 -25
-24 34
-25 19
21 3
5 -21
-42 47
30 23
7 19
-40 -47
11 -24
-17 5
26 26
-1 -23
1 -39
-7 12
-28 40
-48 27
27 -8
-4 -2
42 39
-32 -17
48 -43
-34 46
-49 4
-14 22
-30 39
15 -33
-33 -42
44 -4
17 7
35 -13
0 18
-7 -40
3 -22
-45 12
-9 33
48 7
-42 -39
-13 40
26 19
27 38
-16 16
-13 29
28 37
45 43
-45 -27
34 -29
-21 8
39 0
-37 -9
22 18
46 0
-8 10
-3 -22
2 -33
-20 -23
41 18
-15 -13
45 -15
42 -15
2 -2
-41 43
-13 42
18 -6
46 -17
10 -4
-23 -4
22 48
3 -4
42 -24
-32 6
-27 -14
-1 2
40 20
-7 23
27 13
14 -34
26 -4
13 45
-1 -25
-35 11
-42 2
-29 38
-39 26
7 19
-18 -23
25 -11
-44 16
29 -10
-27 12
3 -1
-45 39
0 -40
-2 -45
-24 -19
-2 -7
44 -26
-3 -44
20 -21
-44 -26
24 22
-31 -14
-15 36
-17 -2
-14 5
1 39
-9 1
32 2
34 -11
-10 -10
0 11
-30 -11
-40 -43
17 -39
26 17
6 16
-17 -12
18 39
11 41
31 30
25 -10
18 47
-26 -33
18 15
30 -20
44 28
-46 5
36 -11
-41 3
39 29
6 2
-8 -25
46 23
21 -10
-39 -40
-33 35
29 8
-16 -42
-9 0
-44 40
22 22
9 -5
10 -9
-1 0
36 -10
-34 -49
-29 13
-40 2
-21 -31
-18 0
11 37
14 21
38 -4
40 0
19 33
35 -10
-8 42
36 -22
-22 42
-14 -47
44 20
-30 -12
7 -18
-36 48
12 29
-18 -17
-48 -41
-26 -25
13 12
-30 -24
36 7
-16 44
4 -10
12 19
18 -6
18 47
3 -35
2 0
0 30
4 43
-32 33
-27 39
-35 14
37 -19
26 42
-48 39
-6 -27
-32 13
-10 -37
6 30
21 -27
5 40
-36 -4
28 -10
-33 43
3 13
-22 12
-11 47
-39 7
-43 -30
-24 -1
-28 7
20 17
38 0
24 -44
-48 31
-23 -39
-40 -49
-22 -23
-20 -28
33 -43
5 15
47 11
-14 -36
15 -30
16 -21
15 -33
30 -5
-44 27
-8 4
-37 21
43 16
-7 -21
38 -15
-2 -41
39 -28
15 -29
0 0
35 21
7 43
-47 15
40 -47
29 -31
0 -30
-2 -41
49 -49
-31 -23
-29 48
27 -1
14 0
5 3
-42 48
39 1
-26 1
-40 32
-25 5
30 8
23 -45
9 47
-16 40
-12 48
-24 32
-5 10
-36 -34
49 -19
-31 -18
-39 41
-28 39
-17 38
-24 44
27 23
-3 -1
-26 -32
-16 16
-24 -13
24 -34
6 40
10 -7
-27 39
-27 29
21 27
2 49
-23 42
-22 32
41 43
28 -14
-2 -36
15 10
10 -19
46 5
9 44
13 -13
9 40
35 17
30 -30
-28 -12
13 -20
-9 -12
18 19
3 -39
17 -39
41 -26
-42 46
-32 -2
-41 -37
47 13
20 19
43 -13
-22 -6
-46 -35
41 -1
-17 -35
32 16
36 4
35 -45
23 28
40 -36
-33 37
31 -48
-25 30
9 20
-38 -19
29 40
-20 -25
-3 -5
6 12
-9 29
29 -25
-13 -1
-24 7
3 49
-10 -48
0 22
-30 -1
12 20
-43 -22
-42 -43
-39 37
-11 -23
-49 -5
-42 8
8 34
-33 20
13 -33
-29 25
-13 14
4 3
-10 36
25 -8
27 8
18 -32
-26 6
46 -10
-9 -29
11 -18
-28 -39
-9 35
8 0
-12 -48
18 -16
-29 21
35 -17
26 12
29 -30
-39 30
-44 7
-24 13
-12 13
40 2
-17 20
41 -48
-6 14
16 -20
-26 -4
37 21
34 -41
2 47
46 -37
-8 -2
44 44
-7 42
-45 18
20 41
-45 -28
25 16
-26 -3
38 17
-32 12
21 -38
5 -20
41 -30
11 28
-26 34
-10 -15
0 -46
29 4
-11 45
-15 -46
39 -22
36 12
23 -10
-27 21
-8 -39
47 28
-32 42
-24 -48
-41 13
34 -28
-36 46
2 -43
13 28
-2 17
-38 -40
-33 -48
17 3
45 28
48 37
31 1
-44 44
4 -3
16 -18
-18 -41
-1 27
28 -25
36 -34
29 4
47 22
-32 -31
-41 27
0 44
25 -14
0 0
-25 -14
-45 16
17 -14
-23 -38
-14 14
39 12
-31 34
-14 24
-25 1
-6 19
4 14
-35 -13
-15 -45
20 39
25 30
27 -49
32 37
29 42
-19 40
40 -30
22 -42
-4 44
40 24
13 22
39 27
-15 44
19 14
-37 -13
36 -24
-34 35
0 -26
-38 18
35 -22
-19 -10
-20 15
1 -26
14 38
-44 -19
49 1
14 25
-43 43
-19 -21
36 37
33 43
-27 46
-21 -41
10 -20
-1 -33
23 -10
48 -21
20 11
22 -29
14 47
-44 35
6 -47
-10 7
24 -43
-12 7
11 9
38 -12
1 -34
30 21
-17 -18
-49 6
36 9
-1 24
38 -16
-37 -45
-7 21
39 45
48 42
-37 -44
48 -1
10 -39
34 -12
29 27
0 6
-29 16
5 33
39 -46
13 -4
45 -36
-8 30
-47 7
17 42
-21 8
3 36
33 -19
4 -46
42 -10
-19 15
-11 -5
-44 -5
-2 22
-28 -5
14 1
10 28
16 -7
-32 9
-11 6
-40 -25
1 -30
-11 39
-44 -38
20 27
-15 -23
-11 0
-18 17
28 -6
-37 44
26 36
-17 27
-45 30
22 37
27 -24
-48 -45
18 9
-40 12
26 -24
35 7
-13 25
-12 -34
-43 7
43 15
47 21
-12 -22
-45 -20
-16 20
9 19
-30 46
-32 43
-41 42
-21 -45
11 -14
-10 -28
-35 48
-8 -32
18 16
-27 -2
-13 22
19 -2
21 -9
-14 42
-27 32
-23 -23
-11 12
3 -25
25 34
-15 30
36 -43
-29 -14
-33 -46
-20 23
-40 -13
-37 -31
33 32
-21 4
6 37
23 32
35 -42
18 49
-14 10
-13 -1
-29 -26
47 5
-33 -20
-22 49
-23 -33
41 -28
15 37
-37 34
-23 -27
47 -18
-16 1
7 47
32 32
1 -30
29 -30
42 42
30 16
-25 45
-45 3
49 38
43 -23
16 -13
-35 -33
25 28
-42 -3
27 42
8 -49
-8 12
-41 -30
-25 6
49 -33
32 1
8 -2
18 -3
-47 -12
4 -34
-42 3
33 49
23 -41
43 28
-17 9
19 17
12 25
48 35
35 2
-40 37
-29 44
40 23
41 3
-39 -10
31 -41
7 1
-1 17
-34 -18
38 -27
-2 8
48 13
-40 18
-36 -43
8 -12
22 -30
-19 43
-31 -46
-11 24
1 -7
10 -34
12 -17
-35 23
18 -23
21 8
7 44
35 12
3 -22
-10 32
-26 -6
7 15
-37 16
4 38
45 21
-26 29
12 21
37 36
27 -38
40 -20
38 -8
48 41
17 17
-32 -41
34 37
45 37
20 -24
-23 -28
39 19
19 12
39 48
30 32
-2 7
23 -41
10 -34
6 -11
-19 19
-28 -6
14 1
0 -36
-31 12
-25 46
-4 12
43 -31
-26 42
28 6
-44 22
20 -12
48 13
41 39
4 -25
5 -44
15 -22
-46 8
-3 -49
-22 -2
10 -41
-24 -30
-22 0
-33 -33
32 13
-27 11
15 -36
41 19
22 -47
-40 -31
0 -40
-49 21
41 -19
-23 28
33 -31
-36 -45
2 34
-33 11
34 -42
-8 -21
-29 28
-21 -10
43 -4
-27 -30
-35 27
-31 -31
-2 -23
40 29
-11 9
-44 -25
4 44
38 -41
1 0
-25 -13
43 -13
32 2
-2 -22
32 22
-32 34
28 -49
49 -13
34 -21
-11 -4
5 23
41 1
-30 -42
-31 4
26 -13
-6 36
-46 -43
42 -37
-20 -18
-35 -2
-25 -12
-47 11
-45 41
-43 9
-17 -44
-24 48
-22 -37
-6 -34
25 19
-40 -8
46 22
25 -1
22 5
3 42
27 -18
-23 -46
22 -48
-47 12
34 1
-36 12
-5 3
0 5
-16 -26
26 20
40 -15
0 -21
-15 33
-40 -22
32 23
30 6
38 2
37 34
19 -1
-5 48
34 4
-34 -9
40 30
11 -27
-37 14
6 -38
-48 -45
44 -9
-1 -33
-36 4
-38 30
-12 19
19 11
12 -9
6 -28
-19 -49
-39 3
25 -33
30 25
46 14
14 -27
17 -47
-47 13
49 -34
39 -19
10 -29
25 11
39 12
27 -3
15 -21
19 -46
18 -15
46 26
41 -18
-2 -34
44 11
-34 -15
8 39
-47 -36
-35 35
5 -3
22 -31
20 -10
33 2
5 -47
25 40
11 -39
-21 0
-26 -21
42 4
-3 40
-14 27
-36 -19
-27 -10
-40 -11
49 32
17 -30
17 -25
-7 14
-3 27
38 -11
26 12
-1 -36
-29 -8
0 -7
10 -38
34 14
47 11
-1 -45
-48 -41
-7 37
17 14
14 -5
1 32
23 -20
-43 4
32 -43
-28 43
35 41
-46 -2
29 -17
27 -1
22 -3
-5 22
44 -41
-43 -18
15 37
4 28
-15 31
-26 -14
-47 -35
-8 22
21 15
-29 -43
11 -47
-38 18
-3 40
41 -33
-39 -48
-9 -18
32 25
26 -14
-2 25
-41 -10
14 -43
-41 17
10 1
6 -48
4 6
8 20
-27 28
-36 -41
-17 45
-31 26
32 30
31 41
38 10
1 33
-3 10
-40 -18
-38 36
-34 26
-6 -29
32 -20
-5 -33
-17 -44
-34 4
37 -8
49 3
8 -13
40 16
9 -7
10 -36
26 -13
-28 -36
-36 -5
-40 31
-26 20
49 8
44 -24
5 -43
-32 -37
17 -38
-20 -37
6 12
-6 -40
-43 15
0 -19
6 21
-22 -4
14 20
-33 -20
40 24
35 38
-5 -39
19 -21
-40 22
2 -28
28 2
36 -3
-5 49
-41 47
2 -49
-28 -38
-33 34
12 16
12 24
0 25
-15 -33
16 -1
-45 39
0 6
12 -24
10 23
-7 48
-46 49
4 -15
36 -46
-48 -2
19 -22
7 1
-46 -49
31 -16
45 -29
-2 -44
47 -30
33 20
4 -3
19 0
34 -27
48 -34
-38 -27
9 21
-20 9
-41 37
35 49
38 49
-19 9
25 -44
-15 27
13 41
11 -35
0 -38
40 -37
10 -14
2 10
-46 8
-20 7
31 -41
2 41
12 36
-14 8
11 21
-33 7
-25 -39
-44 46
14 44
-47 -32
8 36
-38 -11
-2 -14
18 24
-27 -4
43 4
26 -20
-40 -47
15 49
25 42
-16 3
25 -28
41 16
-43 -12
-14 14
5 -25
36 13
35 36
8 0
-25 -27
10 7
-34 -35
2 -32
33 25
-11 48
37 -26
17 -39
-12 -10
-43 -1
-43 36
-12 2
-43 -30
-46 34
47 -13
42 -16
-7 -15
-45 11
7 10
-49 41
-40 -31
-3 -19
-10 -46
-3 15
7 -31
29 24
40 26
-39 -37
27 19
7 43
22 -5
-45 -26
-12 -6
44 4
-6 -21
13 22
-28 -37
2 43
24 -9
-30 38
-16 28
-15 -32
-23 0
47 -21
-17 -5
48 20
-27 -16
-43 -48
-41 -14
-23 -5
36 35
-28 22
-26 -46
-49 -7
-30 1
21 -30
17 18
16 -10
9 -14
42 16
-38 16
-37 -47
-26 -42
-45 28
1 -20
19 -10
-9 26
-45 -46
31 -41
-37 -31
-26 -17
-32 -36
-13 -47
-19 5
-22 9
-26 0
38 29
42 22
-37 30
1 44
49 30
-34 28
37 39
-16 -26
-2 -2
-28 -47
-33 11
-28 -42
44 -18
0 -37
-45 21
-8 9
6 -1
-24 30
-39 0
-16 8
38 -45
0 23
-11 0
28 46
-43 -42
-23 46
48 -28
-9 -30
-44 -23
-3 -42
19 -47
8 12
-16 25
-37 30
25 21
20 -48
-6 -16
1 36
11 -11
0 29
-5 -27
15 -24
1 0
42 16
38 49
-38 -31
47 -4
38 11
45 3
-41 1
19 33
3 11
48 45
-35 -21
-7 -12
-39 -10
-6 34
-25 18
22 -32
4 -42
48 -6
28 16
28 11
-22 21
-10 -16
36 36
16 -13
48 40
-18 -39
42 27
12 46
-34 39
-42 27
11 -36
-11 -31
27 -31
-23 41
-9 -49
9 -37
3 -27
10 -29
-20 -38
18 5
-20 34
-21 -22
25 -18
-49 -24
21 7
-47 -16
15 -15
40 -42
-15 33
-19 -33
32 -39
-39 -38
0 33
13 48
0 -24
7 -18
33 -4
28 17
34 30
17 -34
-22 17
-20 -25
-19 48
-3 -9
34 -32
31 -12
-9 11
-27 -37
9 -35
46 24
-25 20
19 -18
-6 10
32 -39
42 -47
9 29
37 9
-27 10
11 41
-15 1
25 -44
-4 17
40 1
-32 -41
6 -6
-42 -1
17 -32
45 -17
46 -39
45 42
26 40
-9 -25
-3 -25
15 -17
-48 28
11 4
2 32
32 22
0 -48
48 14
0 18
-20 -32
-34 42
-49 39
-37 -46
41 -15
35 45
-8 -8
7 22
-8 19
35 26
40 16
-39 -32
26 18
-24 15
-37 26
-45 29
35 36
0 -42
25 -31
2 -22
