-30 -32
-48 -40
-28 -15
34 37
31 27
48 -25
-39 21
10 17
-27 23
6 15
-3 9
-7 44
-12 46
39 -11
-43 22
48 13
-46 15
42 -5
-8 9
-5 34
-28 30
44 17
49 3
-42 -28
-14 -17
20 25
19 -1
46 -35
-30 0
-16 42
-41 -36
29 -46
-20 30
-34 -19
47 28
4 47
-5 -7
-25 42
-17 -33
-26 19
2 -46
-16 39
1 -37
-17 29
4 13
-18 -34
-9 30
-12 -15
46 -5
9 40
43 41
48 4
-7 -27
36 6
48 45
-39 47
11 0
-36 39
24 17
-10 9
27 12
-27 17
-45 -32
-47 16
-41 4
32 44
-41 -25
-27 -49
-32 20
36 30
20 42
2 1
-40 13
-43 -24
-30 4
-30 18
24 41
4 9
-49 -1
25 11
18 22
-44 -17
-31 -2
-23 30
2 -37
-24 8
-29 -21
29 8
3 23
43 0
0 -37
-5 -37
-25 7
-22 -29
-44 36
15 -26
36 -44
-9 -40
11 -30
18 5
-43 4
43 27
5 -29
12 24
-6 41
-25 28
-6 35
-26 17
0 -46
6 39
19 23
-11 -49
-26 -39
-19 21
-42 8
-38 -6
-11 -26
-43 32
23 24
-12 -1
-31 23
-17 24
-30 9
-40 32
-44 -46
19 -16
-10 -9
-43 -29
3 -32
-21 1
20 -21
29 28
0 -27
5 -2
8 -31
-6 -24
-14 -38
13 9
-33 -38
-25 -48
33 33
-33 36
-38 46
-19 -3
7 34
42 -4
-10 14
2 -46
8 -35
34 34
36 -3
45 8
-26 1
-9 3
34 43
-45 -31
-2 23
-35 -30
49 -10
2 9
-18 26
-46 -40
-24 -37
22 33
39 -16
49 21
11 44
26 8
9 -21
-5 -23
46 -10
33 3
41 19
-39 -17
-10 45
2 19
-19 18
-27 29
1 -48
35 -8
-48 -32
40 -41
28 -7
8 14
18 -14
-21 45
47 42
37 0
-25 -9
26 18
-40 26
-20 -8
-17 18
2 -24
1 -20
-46 -23
-21 17
38 41
-37 -15
-3 -14
2 -36
-1 -24
19 14
9 -42
25 -9
-24 5
30 24
-38 8
-22 27
-7 -30
-47 42
43 48
2 -19
-5 -25
-24 -16
-2 23
-8 15
-22 20
-26 -32
-32 -23
-22 13
-4 29
39 15
33 -48
-17 12
-41 -14
30 -31
37 -6
-49 -37
-18 -5
-47 43
14 16
24 48
-15 -18
-30 15
-29 39
30 -41
27 16
-10 3
-5 9
-21 10
28 25
-11 -8
-25 -36
11 -41
25 25
-29 7
-36 8
44 37
-48 -5
-43 -40
26 8
-23 31
44 -42
-28 -19
43 7
-20 -42
17 -38
-35 42
-38 39
-13 11
-45 -40
-26 35
24 -2
30 15
0 39
42 41
12 -45
15 -38
-24 48
16 13
-21 -31
19 39
25 12
8 -31
-40 20
-42 0
-15 -39
-4 -45
1 -47
49 -7
12 -24
-15 24
29 6
-15 -48
45 -46
-34 -46
36 -6
-34 -29
-43 45
39 -22
1 35
-19 46
13 -6
-12 29
26 -41
31 -11
3 2
8 1
-26 29
17 49
39 1
-27 -20
46 -29
-38 -2
-31 -8
28 5
24 -15
12 45
-40 -19
-16 -35
-31 -11
-27 6
40 48
-46 24
40 25
27 42
-7 1
25 -43
7 4
-11 26
43 0
-3 8
37 1
-48 32
8 -23
-11 29
-11 -4
-38 18
-27 -23
35 -39
48 -43
17 -20
11 -17
-4 20
3 -19
-44 -25
-11 7
-48 -16
7 42
11 -40
-5 -22
-14 10
-1 37
33 -16
-6 23
39 -28
-8 1
9 20
9 -36
11 -4
28 37
16 49
-43 40
40 11
-28 0
13 9
3 46
-25 -22
-37 17
44 -15
25 -41
44 24
10 28
6 4
-24 42
-38 30
46 -16
6 -47
-10 33
28 24
-25 44
11 26
0 -26
34 -5
14 -44
-25 -4
27 -30
-42 16
-4 -3
-25 46
-33 16
12 -45
-29 26
7 4
0 -19
9 1
36 -19
37 -22
-13 46
7 35
1 -16
-43 -26
33 -25
-15 34
16 -17
49 -37
21 20
-40 -24
-27 28
40 0
-44 7
27 -16
35 45
-34 38
-25 -36
12 37
-48 -34
25 -28
8 -42
27 36
-36 32
-25 11
2 -3
2 -18
13 -8
-25 -13
16 -29
40 19
22 14
19 -3
-7 -41
-19 -23
-27 43
-3 -21
38 26
-6 -43
31 39
-46 -30
-39 -17
45 -16
0 -36
-29 -36
-30 -22
-3 35
-41 44
-19 -10
13 -43
16 -33
-34 6
-31 -12
32 2
44 32
17 40
36 27
30 35
15 -21
-34 -28
46 12
8 38
36 25
-19 37
45 -33
10 -48
-14 -18
-25 -17
47 -15
-33 28
-37 -30
42 47
29 9
41 -35
17 32
-18 -20
-38 -49
28 38
29 -29
-13 26
-12 -36
32 12
23 8
-47 -33
2 -38
36 3
42 13
8 -5
24 22
-37 5
4 -2
-19 -29
38 9
49 33
25 -14
48 -7
-42 24
7 13
-24 22
-45 -42
42 -38
45 46
7 -39
-29 18
-37 24
-33 8
-21 43
20 -46
-3 32
-39 -25
34 -19
-47 1
4 24
-25 -13
-45 -17
-38 31
14 39
16 -18
-43 -11
34 -44
10 25
20 -43
11 26
-34 -3
18 8
-1 -40
34 -35
-40 -32
18 36
36 1
32 -40
20 37
33 -44
20 43
27 12
-12 -29
-25 4
4 7
-2 -29
-11 -17
40 22
37 0
-2 -47
-4 44
4 8
34 -30
44 -14
14 16
36 -10
44 22
-7 -37
48 8
32 -38
-48 -40
27 -18
7 -1
-33 33
19 23
49 18
-37 37
-22 -18
-42 -25
32 26
-41 47
-44 -21
-31 16
-25 -5
36 -30
-8 -18
10 44
-16 -11
37 31
7 -23
-5 -3
46 -42
-23 41
-18 14
-32 25
2 -14
17 14
19 -12
-19 20
-8 17
-18 10
-30 38
44 44
-34 -1
-21 12
47 -8
-3 -28
-16 -18
33 5
36 48
-47 37
11 23
49 7
-11 -3
11 37
20 -46
41 -30
6 14
38 33
42 -10
17 -32
28 -22
41 -39
21 40
-6 22
11 -8
7 35
-19 12
-22 33
-5 14
-7 12
-4 13
-42 21
-2 43
48 44
20 20
-39 1
-28 -34
46 32
42 -38
-4 41
15 24
37 -17
30 8
-17 -27
28 24
39 -5
19 6
25 -49
48 -14
-41 -40
49 -31
-9 5
10 27
-19 37
33 16
-4 7
23 36
-15 36
40 -49
21 36
37 43
-33 22
11 -29
2 -46
-36 24
-17 31
38 -7
-48 -8
-37 1
36 -45
-12 22
29 24
18 -16
-17 26
41 -13
-27 -26
-48 15
18 33
-27 26
26 -36
46 -12
-29 19
11 16
49 46
10 41
24 -34
37 -46
1 45
-36 -23
37 -37
17 23
5 -17
37 27
29 2
-20 -36
-31 4
44 -8
-43 -38
-22 48
-9 16
24 1
0 -49
6 -14
-4 -16
-1 -17
25 -42
-47 1
-24 -40
-23 49
10 -1
0 38
10 -33
-5 16
21 -37
32 9
31 16
-5 32
6 14
-6 -33
14 -46
-41 -34
29 -13
-16 -8
37 -31
-37 -3
-42 -27
36 13
43 5
17 0
-14 12
-20 4
-33 -41
2 14
-48 34
-26 10
43 34
22 44
-13 -33
-6 24
0 36
34 25
-13 -31
-2 7
-7 -29
18 -41
21 30
-18 1
32 12
5 6
0 29
31 11
36 -39
-16 -26
-32 -41
18 37
-12 -29
23 42
-4 -40
-16 -23
-30 -44
23 40
1 27
32 48
37 -13
-45 26
3 -35
17 -7
30 28
40 -44
-16 -2
-14 48
33 6
32 -48
45 5
10 26
46 -24
39 -13
-42 1
-43 11
24 36
30 -48
36 -32
22 -29
-15 45
25 -26
13 47
-28 -41
5 -20
38 13
-26 41
48 34
-41 -34
33 36
-24 -47
33 31
45 -2
11 49
-20 -16
-10 -49
39 -15
45 -48
-46 -18
-2 -25
44 14
19 38
26 -12
-5 13
24 11
44 44
10 26
48 17
-27 40
-37 27
11 41
37 44
7 -20
-46 37
1 -16
28 -40
36 48
3 2
20 -15
-42 -13
4 -2
13 28
28 -21
-39 -45
29 -41
48 14
33 -42
23 15
-12 34
45 12
-41 -19
20 6
6 -20
-49 -14
26 -45
-17 -3
-29 -16
46 41
-29 -30
9 45
46 -32
-28 -40
13 -42
17 44
0 -35
-21 25
-43 -4
-23 38
36 30
-48 38
-20 -13
-8 37
6 5
-9 -32
47 -19
33 -33
44 46
43 -38
-38 21
8 26
-49 -39
22 49
10 26
31 35
12 45
-43 -27
14 45
49 6
36 6
-48 42
-47 -45
20 -38
40 -11
-34 24
26 -40
36 -16
18 -23
23 -27
2 -47
-30 -17
-9 14
24 -23
24 13
-39 -8
-25 -21
18 4
4 -37
-18 48
-22 -11
49 30
19 12
46 15
-28 41
4 -2
-19 -38
-44 40
-9 13
4 -45
48 42
-18 -31
-1 49
27 -40
12 -2
-49 -39
-14 47
-43 46
-42 -31
-30 -36
-1 3
-14 -16
-12 6
-2 -46
20 -23
34 -9
-22 46
-33 41
-46 -24
42 -16
-32 -8
7 5
-40 3
-42 49
39 16
26 3
-21 -12
27 2
17 -17
33 -32
16 -11
-32 45
-8 8
35 -9
-27 -25
-34 38
-39 -45
27 -43
-31 -4
28 -17
42 18
-41 -31
-33 -11
4 23
-7 32
45 -16
11 8
29 -38
19 16
-34 -40
33 -27
-32 26
19 45
-45 -40
-15 40
-39 28
44 7
-17 -13
3 -17
0 19
-35 -23
-10 29
32 13
-11 14
23 27
9 -43
29 -19
48 -45
-19 -41
1 -23
43 41
1 16
-31 6
-27 -45
-39 -31
27 5
47 -34
-35 -37
19 -31
-37 -30
10 48
38 -12
-29 -1
20 32
-26 46
-27 39
23 21
21 48
-38 -15
-36 27
-6 27
-26 -4
-30 -37
-6 -8
-35 18
44 -24
-36 49
7 12
9 39
15 -2
41 -40
13 46
-48 -18
0 -49
-15 23
-19 40
40 15
-27 -15
-49 45
36 28
-11 14
-45 -18
4 0
-47 26
-4 -20
17 -40
-15 9
-17 -31
38 -17
39 -48
41 18
-2 49
27 -23
1 -36
7 36
28 -37
30 -46
15 -25
-21 25
4 -36
41 37
25 -29
18 -33
-45 -11
33 49
10 -10
21 0
13 0
9 -21
0 45
-18 -43
37 -39
-30 -49
-40 47
-37 1
31 30
35 -24
31 22
-27 -25
40 -39
4 10
11 34
-25 -13
-39 23
33 -19
12 33
-7 5
-44 -10
-34 32
48 -14
3 -46
9 -39
-45 20
28 -29
2 -9
39 2
46 49
-41 41
5 49
30 49
24 21
-32 -4
17 -33
5 -31
32 -38
31 -13
-27 1
15 -5
26 23
-48 -22
31 -46
8 4
15 -10
2 33
0 18
34 -41
1 29
-32 -18
-5 33
-19 41
30 -24
20 -3
-45 15
38 -10
-4 28
26 -13
18 -22
-34 -34
-19 1
-33 -1
-28 1
-18 40
14 -34
9 -46
48 -31
4 -19
-15 -39
-9 -22
-41 1
30 45
30 -20
-42 17
47 -31
12 -41
8 36
9 21
30 33
-17 -4
4 -13
34 43
-48 -20
18 6
29 46
9 0
47 16
-29 -33
45 41
37 -11
43 -39
-16 16
-28 -17
19 34
-15 48
-19 49
-4 31
-7 40
-7 23
-8 40
-18 23
-12 -45
3 0
-45 35
-48 -44
-21 -38
14 -8
17 42
-23 45
24 -4
-39 -19
7 -3
5 36
45 0
-9 38
-40 -21
27 -6
-43 -9
10 32
20 24
32 14
-31 15
17 -11
-40 -49
21 -38
35 -8
-49 -16
-37 -31
-14 -24
-17 -27
13 -3
-17 -9
49 32
-30 -10
-38 29
-18 25
46 -37
-40 42
49 -12
-15 23
-18 24
5 -33
-14 -17
19 31
-18 20
-31 -27
40 -17
35 48
-35 -6
30 45
0 42
2 5
-49 23
-26 -30
-37 -25
42 5
9 46
26 -27
32 42
-45 -2
23 34
14 -49
33 0
16 -30
-3 17
45 -10
-28 2
-14 -14
49 -49
32 2
8 -46
39 10
-27 39
37 -49
15 -28
3 -24
35 -19
-28 11
47 0
-16 -3
-30 -12
-2 23
17 -24
-5 -48
-26 3
22 2
-1 35
28 -40
7 22
-32 31
-32 42
39 33
-21 -34
-46 46
-48 35
20 -4
27 -6
-47 -13
-23 49
-9 -21
-21 -49
-26 -21
2 -41
40 43
2 -46
-1 -37
-4 36
-18 -5
9 -2
-16 -11
-9 39
14 -18
-21 27
-17 49
26 45
5 -5
-29 -9
-31 11
-43 28
27 12
1 -9
-41 -37
-17 24
22 -41
-27 -16
-36 0
-42 31
-21 -34
-36 4
20 24
37 -43
32 -46
-43 11
-24 -1
10 -14
41 -16
40 -32
29 0
12 -42
-17 39
6 33
-30 -16
0 45
-23 31
-49 9
37 10
-35 0
41 46
21 -40
9 26
-6 -2
29 -16
0 10
-6 -5
10 -5
-5 37
-9 6
-27 9
46 -14
-6 37
-45 -36
41 -46
48 10
25 33
26 44
10 -33
1 -26
-40 5
-9 -38
-6 42
20 49
4 33
0 -29
-13 -19
-33 4
18 34
-19 21
6 42
-38 -49
-33 -6
34 -33
-43 0
14 8
-31 0
-45 41
24 -23
1 -37
2 1
0 -7
35 14
39 6
-43 25
-5 -8
27 18
-45 39
28 10
-35 -36
-4 -42
40 -47
36 -14
4 32
46 35
49 1
-19 -37
-46 -46
-45 -46
-33 -19
-37 30
16 -20
-9 21
-45 21
-24 -20
-39 -9
1 0
-20 -5
-12 -12
-26 -17
27 -27
44 -17
8 42
-36 -17
4 -3
-7 -48
8 -7
40 -40
-16 -49
-36 49
12 33
-1 22
-40 4
13 -9
10 -4
0 40
2 -17
24 19
45 -28
33 28
21 -40
-33 -39
-36 -1
-23 -30
14 -43
3 -10
-45 4
6 -25
-24 -1
25 -6
9 -41
36 12
-31 -49
-20 -4
-37 1
-42 40
-11 -39
16 -30
9 33
24 28
-29 -43
-34 -32
21 0
20 -40
6 -6
37 30
-22 -9
-24 43
-5 37
-21 -36
2 48
28 -13
28 28
-49 -9
-24 -48
-37 -13
-8 -23
6 19
49 10
-44 -38
22 -33
-20 -11
-4 8
13 29
-33 -26
13 -31
-39 -38
-17 -7
26 34
-9 40
1 -25
-28 -9
-28 13
46 -16
40 42
7 35
-15 49
-21 33
-42 0
25 42
46 -6
-27 -7
-14 16
-40 1
-25 -45
24 19
20 23
-24 -20
-12 25
15 8
27 -27
-21 39
-39 -42
-25 -48
15 1
-23 -5
-35 -13
37 34
16 36
-12 -31
44 -48
-18 16
-25 -41
13 8
-46 -47
4 -10
-34 28
29 -22
49 30
-35 15
-39 19
-46 17
34 -24
5 1
29 29
1 -30
-17 -14
39 37
49 -37
32 -11
-7 49
-45 28
49 -6
-48 -17
47 6
-35 -20
12 -38
19 -28
-10 15
38 36
24 -36
-23 43
29 47
-47 -37
35 36
7 -39
41 -43
-35 19
-40 40
-27 13
27 16
4 -6
-47 0
-5 -26
-46 28
34 -35
29 -44
-5 -45
-32 16
5 20
13 22
-16 -14
-22 -12
28 -39
27 -12
-26 -13
49 11
41 42
-33 -35
-32 -36
22 49
21 -35
27 -8
29 -20
-10 47
-12 -2
-30 -42
47 -27
-26 45
-5 -9
27 -25
49 20
-10 0
3 18
20 43
23 -22
-15 9
-13 -28
13 -28
-37 23
-2 -23
4 -34
25 47
22 14
-31 -35
47 44
-2 -24
-23 16
2 31
-48 12
-37 29
1 -39
-40 36
18 -3
-22 -26
16 -39
20 -43
0 33
6 -37
-15 -32
-24 -29
21 44
-22 25
17 -40
5 -20
-25 26
40 -17
-24 0
-41 -20
-19 -25
3 -46
25 -7
-37 19
10 33
24 -30
7 35
6 -20
35 9
-19 -22
46 41
-17 -26
5 17
-43 8
-35 -24
-18 -30
8 40
6 -42
13 41
-27 -46
48 18
-10 -27
36 0
22 3
48 -11
-14 -17
-3 17
19 43
-39 -32
38 -17
-40 -47
22 -9
33 25
-17 -32
18 -38
40 19
1 -7
46 -4
-24 -38
14 -1
-49 23
-47 -3
36 -21
-34 -13
3 -29
39 -24
-16 -16
17 -15
30 -23
-8 -27
18 -20
16 -22
-40 -27
37 -21
10 3
2 25
-33 34
-34 13
-24 -48
11 -31
41 -44
-39 25
-27 38
5 -20
-14 13
-40 -41
5 -41
-39 -45
-24 -44
-13 0
-44 0
-35 42
-2 28
2 17
-16 30
0 45
40 19
2 19
-17 -32
14 41
0 -7
14 27
-34 -16
7 21
35 34
11 33
14 21
-13 19
-26 38
28 -36
41 22
-39 7
-38 3
35 5
20 -19
-17 -44
8 12
35 42
-4 -20
-30 5
-31 19
-37 13
-14 -5
42 -19
43 -17
7 -11
21 29
-34 -49
30 -20
2 32
0 -45
-6 24
27 29
36 -5
41 48
-47 21
-27 -1
-18 42
-27 -43
-7 -36
-13 47
-46 37
-17 44
14 -24
31 -31
41 12
26 -30
43 -2
26 15
-29 -2
-41 31
0 36
-31 11
-12 12
31 -34
14 18
38 1
-8 21
0 -21
43 9
16 -18
32 4
1 -40
26 24
28 20
-42 3
2 0
-27 48
-21 -42
-9 -45
41 6
49 16
-38 30
-47 -2
12 16
-44 48
-45 -12
-26 29
-45 2
-44 34
28 -19
45 -48
39 -33
32 -3
30 24
27 14
-3 49
-11 -8
22 -3
-6 -24
0 -13
-18 34
-10 6
-21 8
-1 23
-4 35
43 31
-16 30
-12 29
-26 -3
-14 40
21 -48
27 7
-35 9
6 27
34 49
-18 -31
-38 48
38 21
4 21
16 25
30 45
-15 -35
32 -23
-24 30
-38 0
-6 -42
-28 -36
42 40
-13 -46
49 20
32 -49
45 14
-43 30
2 28
-5 -3
-37 -46
-42 42
-47 -1
-8 -10
35 44
7 -23
-31 -46
-38 38
0 -28
-12 40
-1 -14
-30 32
-6 2
-22 33
10 -5
-43 22
-3 -29
-8 44
-37 -26
-43 -22
11 -3
-37 24
-5 -38
-3 25
1 31
5 -34
-2 2
-26 -24
22 13
45 -14
-15 -42
-39 -14
39 -31
14 11
-10 -23
-2 24
1 -1
39 5
-44 24
-31 37
9 30
-20 -38
-3 3
-40 16
21 29
-24 -7
32 35
-37 31
-41 0
33 -25
41 -7
-34 -16
16 12
-41 0
-13 -24
34 -25
-6 -47
-16 -7
-13 -9
-4 4
-3 -34
-16 -40
-39 -24
-46 -47
-31 33
-24 -16
-41 -27
20 -2
-29 38
16 -5
-47 39
37 -25
0 -24
-26 -31
-39 -34
-1 -16
22 13
23 33
19 16
32 0
-31 41
-3 -6
31 34
-10 37
-5 33
-15 -6
-47 -32
34 -14
43 14
-32 -12
-5 -6
-49 -1
21 24
39 -20
-35 -18
8 19
-5 2
25 -39
-48 -13
46 -21
-26 42
26 46
48 -14
-36 -29
27 -4
45 -3
-36 -11
41 25
-43 8
-47 -25
-48 -3
20 20
5 36
24 -27
-16 -23
13 -12
8 -29
49 11
19 -22
29 25
-8 47
-23 -14
-28 22
36 26
-37 -41
-29 27
-46 29
-10 -48
-14 -38
-14 0
-39 -40
-3 41
5 -37
-30 37
39 -11
12 35
-25 22
-25 2
12 -38
-30 32
-3 3
18 32
-5 -39
-10 24
-20 -23
35 -21
10 1
36 -24
-11 26
10 -22
-20 -44
5 43
14 41
-30 -6
-44 27
-40 47
8 -13
-2 30
25 -30
49 41
46 -32
-15 5
-3 3
-8 48
37 -36
21 15
38 -41
-21 -44
-34 -33
13 -33
-43 -17
-45 -18
47 -39
-30 16
8 -41
-24 -35
46 42
-15 -29
-1 41
41 33
-49 37
28 32
-2 3
-38 -39
40 -10
7 -17
-10 40
-1 4
-14 22
-35 -47
36 -11
1 0
39 -12
21 11
2 -49
18 43
32 -37
-1 -14
-4 25
-41 -15
-17 -39
-47 -28
9 2
24 30
-35 -44
12 18
-29 -49
-42 10
25 48
30 -13
26 13
-38 -32
10 14
41 20
35 17
-18 -39
-41 25
24 -25
36 17
-27 17
-23 14
5 -17
11 -48
-21 -46
-6 39
32 -17
-31 -10
-4 43
-32 -26
26 3
10 -15
12 34
-19 0
-17 3
-36 -32
31 5
-37 19
-22 0
-14 40
17 39
10 -21
1 36
-21 -38
40 -48
5 -15
27 -18
-39 23
-7 -17
44 -34
-11 36
-6 -22
7 -31
35 -13
13 31
-35 41
3 25
22 37
-47 -2
-47 8
36 28
37 45
0 -35
48 30
29 -32
4 -16
-35 32
0 -46
14 -5
35 -22
-17 -10
4 25
9 21
-9 32
-40 -6
-39 1
3 17
0 26
-31 39
-35 24
37 9
-33 47
-32 -29
9 40
-2 -3
1 -23
0 14
11 0
-45 33
42 25
-10 43
-10 32
17 31
-16 1
-44 -3
-43 5
-4 -14
5 -49
-6 13
13 11
-31 36
-27 -8
2 -33
37 28
25 18
-38 -38
-30 -19
17 -43
20 48
7 18
19 -4
-19 35
35 -42
8 -23
0 2
0 -25
-23 -11
15 -19
-34 48
-11 -31
28 -21
-14 22
-20 5
10 -31
45 29
-1 -17
32 46
-18 35
-44 20
-49 26
-37 -31
19 9
3 12
-27 0
31 -46
-27 42
-40 -31
44 12
-39 -35
45 0
-26 -36
8 -25
-29 18
-4 25
-47 -27
-19 -40
-47 -24
-37 30
-21 -34
37 -10
-33 37
-37 28
7 34
15 -36
-39 -44
-42 40
16 33
49 -13
39 -23
-19 -29
-14 23
47 -37
33 -17
-24 -30
19 33
-42 -39
49 11
-11 -26
-26 -23
1 -33
-5 48
11 -6
19 12
-40 -13
15 34
-33 -36
-38 13
37 47
-6 37
-7 -14
4 -20
-41 33
-25 -31
-46 40
24 37
42 35
34 46
0 37
-9 -18
-11 7
20 48
39 27
48 -38
-48 -27
-4 -9
-5 6
-36 35
-6 -16
-12 24
-26 -25
-36 10
46 -19
27 -43
-32 34
-42 -31
12 -37
14 17
39 49
11 46
-7 -19
-46 34
-1 -16
-7 -1
20 19
46 -3
46 -10
30 -19
43 22
32 -1
-48 46
48 25
-28 -19
20 21
-8 29
-28 0
-11 -23
36 -28
-39 -23
1 -31
0 -16
-3 -6
38 -7
24 -14
-30 25
-15 29
-37 -12
-5 13
30 -27
-35 -20
-39 -36
-6 37
34 20
-7 0
17 -27
-23 0
28 -24
-10 40
5 20
-42 0
-28 47
-16 -4
-21 -3
-35 25
-27 17
-48 34
26 46
-1 0
-35 44
4 35
43 11
-20 -13
-25 10
8 25
30 7
18 -42
41 31
13 13
-35 33
12 30
3 -18
-42 -37
-7 2
2 37
43 0
-34 46
33 -47
-43 -38
-32 -13
28 -29
-7 -20
-14 -27
-26 6
-24 -30
24 2
-33 38
-1 -49
-44 5
11 37
-30 3
-14 29
-21 18
17 -41
-9 36
-5 -4
1 26
-45 -29
36 14
41 25
-41 -49
-28 1
29 -2
-38 -1
-45 29
36 19
8 -20
3 -43
-12 -47
-10 7
-37 49
20 39
-34 -2
-17 -39
9 -6
9 16
24 -5
23 -2
7 9
9 -27
-24 13
3 -13
-24 28
-28 13
27 -30
-26 25
44 -47
45 -10
-26 -11
-15 47
-33 -33
-38 -29
25 -30
28 19
-30 -25
-7 10
44 -46
36 -30
17 -35
23 -22
1 -41
3 -47
19 12
-21 -40
-45 -30
-22 35
1 -17
-37 48
40 -23
11 -15
24 -38
26 -24
15 -2
-31 -49
29 -43
-29 47
-17 40
36 20
25 45
33 5
-3 -16
-21 -43
-42 35
31 11
42 -22
44 45
26 -4
-42 25
13 7
4 43
40 -48
47 37
40 -44
-13 -28
16 -29
-39 -45
-42 -44
22 6
-20 -37
-42 -22
-10 46
46 -34
8 -14
-47 -4
8 41
-6 -5
28 25
-21 -7
-3 -17
-17 -11
-35 -8
-4 -43
-7 -48
-1 13
-12 46
26 8
32 49
4 13
32 -41
8 14
9 -40
33 14
-45 -44
-25 40
-3 -25
-44 -41
-32 4
30 -44
16 40
22 35
-26 -41
-21 14
-38 45
22 -8
-28 33
-10 47
-15 -35
2 32
24 19
49 -43
15 29
49 -43
1 24
21 -1
-9 -4
22 -32
27 17
-10 -15
-29 17
-10 -24
16 15
-3 -48
7 -43
10 -24
-24 26
-30 -38
-16 -23
-48 -42
-18 48
7 -45
19 13
-42 -7
-14 -19
-19 -49
39 21
-15 -3
5 9
48 -28
29 17
-24 -28
-14 -41
16 39
39 -6
-41 -27
-45 27
-34 -29
-1 -35
-39 43
5 -48
43 -37
-42 -34
-10 34
-21 -33
-1 -49
-25 21
33 -19
15 -48
-14 -14
4 46
-45 4
22 -20
-15 46
-39 -39
-1 -3
-36 21
5 0
-42 15
45 43
-43 -45
-30 -30
-40 -33
-39 48
-36 -9
3 -27
-9 -45
25 43
-20 19
-34 34
-33 -47
-29 -15
-22 27
4 4
-18 16
18 -4
49 46
22 11
39 38
29 -14
-45 37
-27 48
18 -18
-4 -32
-17 10
46 -29
10 -46
19 47
-40 42
1 36
-28 -46
1 -39
-16 44
36 49
-19 -10
-9 -27
-44 -19
41 -42
-22 49
-19 -16
42 -48
-44 17
-47 -16
-24 -9
-13 -12
5 -43
-16 22
33 -2
-41 17
28 -40
-47 49
-31 -11
5 6
-2 -20
0 -19
-21 -14
41 -23
-17 -49
-19 41
19 -21
1 -33
35 35
25 38
47 -15
27 -24
-9 -38
-45 -38
-1 -34
-21 2
-12 8
-36 -36
-22 44
-21 -7
-18 -49
-12 2
-23 -43
33 32
1 -14
23 -40
45 -41
0 -41
46 -18
