-33 15
-15 -34
-20 39
21 4
20 -30
-2 6
-12 -4
46 28
-33 -26
-24 -24
13 -38
-10 -18
-27 34
45 -34
42 -25
-26 -49
6 -36
-1 28
-48 -17
-40 -29
19 -10
17 39
-38 -21
-44 -34
-43 -31
-2 9
-33 -12
9 -8
-33 43
5 12
-9 -16
-40 -47
-40 36
2 42
-20 18
-26 38
-45 -28
-42 44
24 -15
17 10
-4 -31
23 -26
-28 -35
29 30
39 -48
25 -29
-31 10
-7 8
38 -35
18 -37
-48 -20
19 21
-20 -13
0 31
-29 3
10 17
42 -11
-31 6
15 -24
44 17
-9 -27
-3 -32
-23 -10
-7 -25
17 -5
29 -29
-38 42
-1 -47
2 48
35 34
-42 10
41 33
44 -28
-5 -48
-3 44
-24 -27
-9 -6
-46 -5
-31 -48
32 46
-28 47
28 -47
-3 48
6 -21
7 5
14 19
-31 23
-32 28
-49 12
21 -9
-32 20
-19 -23
-21 28
-30 -25
-20 45
20 -46
-45 4
1 6
48 -42
-3 -15
11 -42
-6 18
6 -16
-48 42
39 6
-25 18
17 -10
-13 -48
-30 -4
-17 -31
-13 -18
16 -30
-11 15
26 -30
47 16
-19 32
42 -7
26 -4
13 -40
37 -33
-14 17
44 27
-39 13
41 -29
0 22
39 -12
-16 -1
-28 49
-10 32
5 -28
27 -32
41 37
34 -44
-27 27
12 -15
45 38
33 -25
-17 31
-30 -8
2 -13
-13 -32
-28 -48
-14 -44
-14 -2
12 -30
16 17
10 -35
-17 -42
-37 36
31 17
-28 1
5 -26
11 -3
13 1
19 46
35 -5
24 -18
-12 -44
-34 -43
0 -46
18 -14
-5 -12
16 26
-4 17
-10 -11
4 28
3 -45
-1 15
-34 35
-20 36
-38 39
-46 8
-9 -21
0 -28
4 -15
10 7
-26 -5
29 -27
3 14
-47 -49
45 -36
-23 46
-21 -9
41 10
13 -48
5 -46
24 3
-30 -25
-7 40
-26 -30
-29 -18
1 35
-30 0
1 22
27 27
27 -29
30 -18
31 -38
-34 -11
-20 7
