8 -25
-25 26
4 45
2 -11
17 42
-32 -1
49 26
23 49
34 -21
28 -6
-23 -32
27 -16
23 -14
-35 30
2 -15
-29 -4
-16 14
11 22
-17 21
-31 33
3 18
15 -29
-29 -36
34 -47
25 31
-44 -35
-41 -17
31 -29
0 18
6 -37
2 -40
-4 19
41 27
-4 36
23 41
23 -41
-14 -38
-10 -10
-40 41
-35 9
40 28
8 -17
-14 -15
29 16
-30 46
-32 38
48 -47
28 -40
31 17
-10 2
-30 -13
-6 -34
0 -15
33 -34
9 47
32 -12
8 47
31 8
18 45
-44 -36
1 0
41 -1
-4 -7
31 -37
0 -2
40 49
27 23
-8 -23
-4 0
33 41
9 7
-20 35
31 16
42 49
36 40
11 27
-43 -39
-7 24
32 -22
0 -26
35 3
35 31
-41 -31
-41 -20
-40 -36
-46 44
6 -13
-19 -43
-6 -19
36 43
-20 -24
-32 4
-40 -34
42 -41
10 42
-48 -22
24 10
-33 -28
-23 -19
25 -15
-41 20
-20 -34
-6 10
-6 3
-14 -10
27 -33
18 46
-12 -5
12 21
-8 42
-6 42
25 48
46 -4
31 37
-17 -14
0 18
15 2
5 -34
19 17
25 -3
-43 13
6 -24
49 15
-21 -47
30 -42
-47 -13
24 -31
22 39
-10 9
-42 38
18 13
-15 35
0 26
35 0
27 33
30 -29
-9 -15
20 -37
3 23
-32 -33
-6 -9
24 -39
33 -18
-46 -14
-13 -19
46 45
44 -29
4 -43
49 35
9 -15
11 -30
25 44
9 -37
-7 43
-1 15
0 -41
35 27
-21 12
-44 -24
26 37
-18 46
45 46
49 29
-17 35
18 -45
-40 -42
9 -48
35 13
3 20
47 -31
0 -1
-32 8
49 -17
-22 5
-19 -34
-46 16
18 0
-49 13
-21 -48
16 42
48 -25
-13 0
9 -38
-35 -24
-24 -30
-22 -43
21 23
-43 7
21 26
12 -8
30 0
-23 5
-42 -26
19 1
-12 29
1 -16
-39 -36
-32 -42
-10 21
-12 -31
23 -11
24 -43
32 -10
27 35
-11 -42
-24 -2
-46 -4
33 43
10 38
29 -24
22 -47
-40 35
-20 0
-21 -5
-24 -13
-29 47
43 -2
-10 33
7 -24
8 -42
24 -2
44 45
-48 3
31 -28
12 33
42 -45
27 3
10 11
-21 28
-46 -25
31 -26
14 -25
-46 42
-28 -20
-7 -2
27 -43
45 13
1 -5
27 -6
-43 -19
2 17
5 -13
-24 -25
-48 -49
49 -49
-38 -33
-30 8
27 39
45 13
20 47
-2 -12
-40 -19
42 -34
-24 5
-38 -33
9 -3
44 47
-28 45
18 15
-21 27
0 26
6 -26
-15 1
12 9
-34 -12
28 14
14 1
2 17
44 -25
8 33
3 -7
-44 -8
-32 -17
47 -44
-28 -5
17 -2
-28 15
-37 -16
16 47
-7 -6
11 -13
36 -35
-41 46
-21 2
-4 25
40 47
6 -27
10 11
23 9
-33 38
18 0
-7 -46
-9 30
21 -46
40 -48
-45 38
-33 -25
-29 0
38 41
-41 36
-33 -16
36 -32
-31 25
45 35
-16 -2
-12 -10
40 49
9 19
32 23
-24 11
-28 -24
14 -48
43 -29
0 -18
46 -4
12 45
-9 40
16 37
8 1
23 -39
-49 -24
13 -28
-30 45
-28 -35
23 -1
18 -12
7 15
15 44
-32 -10
24 -18
-24 16
-13 49
16 -10
30 10
-35 18
46 3
-3 33
39 38
-27 31
17 38
-41 37
-25 -35
-15 0
44 2
-24 4
-19 -26
-32 34
2 -31
-6 21
41 -29
20 23
47 41
29 -47
31 -12
-45 -5
-17 36
44 -34
-44 -38
-30 19
-21 -21
43 41
-18 43
-27 -30
-18 46
-17 42
-48 -26
-46 -19
-9 -38
-16 -43
12 27
-12 -23
-11 -10
-22 36
32 37
-34 -35
-46 16
40 -6
-27 25
49 1
-1 5
-12 26
31 12
4 -16
6 48
30 -8
-4 -19
-30 24
-44 -22
32 34
47 17
-44 15
-42 -6
3 -42
17 -39
-21 -16
-46 16
10 -18
-3 9
-17 -6
45 -11
21 25
25 3
0 -46
40 -32
-11 16
34 -47
-45 28
-49 -9
39 5
9 -17
5 -31
-23 7
41 49
-7 36
-14 -1
-36 6
-47 -22
-49 36
-11 45
0 -23
-28 -35
-20 -6
5 -28
8 -12
-45 -30
4 29
10 -33
48 -15
-37 26
11 -47
49 4
25 19
-47 -25
24 -25
-18 -40
-20 -37
26 -26
-4 -1
-17 -33
-6 -15
2 -39
-17 -18
0 28
-45 -14
-20 8
38 -29
24 42
37 19
-3 20
24 -29
23 -13
22 37
11 -38
24 -38
32 -35
48 44
-33 6
29 15
20 46
-41 -44
-14 -33
8 -44
-29 13
5 -15
47 8
0 -49
30 6
12 5
24 0
-27 -31
35 -47
11 -34
-43 19
-48 -2
9 -10
4 47
39 37
7 31
-17 40
16 6
21 43
45 -29
-1 -10
35 26
39 -26
-43 -27
-8 -32
-32 -25
39 -14
7 -10
-42 -41
42 -49
-23 -47
-19 34
41 -34
43 -48
-24 -5
-2 -18
33 10
-33 4
-15 -31
-14 3
29 -45
12 48
-9 -21
-33 -15
-1 -35
-25 40
42 -22
-23 -29
-14 -43
-21 41
19 -24
-42 35
7 -3
-17 5
36 -24
-33 -6
44 40
48 -44
-31 2
-2 -29
35 38
36 -46
49 -10
15 9
9 44
-10 -37
-36 47
37 1
35 -11
1 -11
40 29
28 33
-36 26
4 32
21 -45
-23 11
-25 -39
-3 -9
-39 -32
-24 8
-11 -12
1 -2
-26 43
35 19
-14 43
45 -22
-45 -35
-20 -49
25 23
-21 -28
9 19
20 -35
0 13
-23 44
-2 21
15 42
31 -42
3 -18
-31 25
29 -31
2 43
27 44
22 -1
-14 15
-4 -6
9 47
-40 -18
-49 7
-40 -31
8 46
-23 33
7 -17
45 -48
-18 -14
28 -39
3 -31
-29 48
-34 26
-28 45
-29 -31
4 27
-32 -44
43 -37
-26 7
-8 -11
5 47
-36 30
9 -20
45 30
-27 25
39 20
-10 1
-12 -42
20 -37
26 45
48 -23
3 45
-21 -11
-24 -5
-7 0
-44 -41
-33 15
-43 -18
-43 -15
-29 -21
49 -6
-46 15
45 -37
-27 5
-43 -41
-36 26
-22 9
-43 21
-36 27
44 3
42 4
12 43
-3 -34
-1 19
-27 -9
35 -4
24 14
-17 42
-49 27
-3 -19
34 -26
-25 -12
33 -49
49 29
9 -36
-37 28
-47 -42
7 -34
-38 7
8 -14
13 -1
6 3
-15 30
8 -32
26 -42
36 -30
20 38
-32 7
20 18
26 25
-34 39
43 -41
24 -28
-6 16
-36 24
37 5
34 10
-5 -13
44 6
28 20
-14 17
-45 23
23 -10
-14 -20
-7 26
-49 38
-40 26
5 1
48 25
-29 -17
36 -25
-45 -19
-18 45
-12 -47
31 -35
12 32
3 25
7 -47
-36 35
-49 -28
13 -41
-7 1
43 11
-4 -28
35 -28
-43 1
-21 14
-45 12
4 -18
-8 21
-10 39
-2 -16
16 26
-28 46
-47 46
36 5
30 -21
38 0
-37 23
44 8
-21 -26
-23 48
-3 -47
-8 -49
0 22
8 37
14 -35
3 -21
43 -7
0 13
12 -37
-31 -27
-17 -44
32 43
-49 -25
43 11
33 -36
-17 35
-12 24
35 -40
-22 -9
36 2
5 -27
-33 -44
33 38
4 -48
11 41
33 -36
24 17
29 -29
46 31
42 12
35 31
-3 44
33 -1
-41 21
-47 42
-10 44
-46 38
9 10
38 -18
-40 43
28 15
38 30
-17 35
-8 -32
40 10
-16 -40
27 35
-23 -13
27 -7
41 -47
-41 12
48 0
42 25
29 48
9 3
30 -27
38 -20
-28 -33
34 22
-10 23
43 -1
47 35
25 32
10 -22
30 35
4 -48
-9 -23
37 26
-17 -21
12 -33
21 -45
31 -34
26 12
2 19
9 -32
45 2
-18 -5
34 -2
-1 47
33 49
39 36
-28 -26
-27 47
19 43
-31 21
-28 48
17 -22
3 -36
26 7
2 23
21 -12
-4 43
13 -15
-37 44
-17 -48
-29 -22
-10 -9
49 21
43 -7
19 -9
-40 -2
12 3
-17 -49
23 15
-15 39
-9 -42
17 6
-31 -16
-25 33
-1 4
12 -24
4 35
-16 1
35 -26
-18 -31
-22 17
-12 23
25 7
42 -32
27 -5
45 -44
3 33
-37 -40
7 10
-48 3
6 -49
-17 46
-33 -18
37 36
-46 24
35 -2
19 -6
-11 -27
-4 -8
-16 27
-27 41
-33 -13
-9 0
36 25
-3 35
-32 5
29 41
33 46
-40 -40
-41 -1
10 -39
0 -47
-42 46
-43 -18
44 35
1 -32
15 36
-45 -15
36 -20
-33 -21
29 -3
9 -38
-13 -9
-39 0
-7 30
45 31
-18 -43
1 -22
12 25
30 -17
-4 3
-27 1
13 -12
30 -10
7 26
-17 -33
-6 -25
-31 4
0 47
47 -16
-43 32
14 43
15 -7
13 27
-36 -12
-4 -34
-36 -8
-45 1
-39 -45
18 17
20 13
-8 19
-21 -47
9 -1
-45 22
26 -39
11 -44
46 -39
-30 8
2 38
22 9
20 -46
-33 5
3 -10
39 -11
-46 -28
38 35
-18 -25
17 -13
-33 -20
-36 23
-32 43
5 -46
-32 0
-30 -32
-10 14
33 23
8 13
-31 -30
25 -35
0 0
24 -13
-7 49
-45 33
46 3
-40 29
-19 18
-19 -21
20 -28
46 -23
-11 -41
42 47
-5 -17
-15 -7
41 46
46 49
-29 -42
35 -15
29 31
-23 40
-12 28
41 -28
20 29
-42 -41
35 0
19 21
-38 12
-5 -40
8 47
-3 -32
-42 -4
12 -38
-19 0
-4 -29
-23 -42
-43 -12
-32 32
-32 -13
15 48
27 -45
20 -35
42 39
11 -44
-18 -29
-43 -5
-47 34
0 48
9 17
19 -19
27 44
44 17
49 41
47 10
-13 -40
-12 -27
43 -20
-43 17
-31 -16
15 -24
12 -14
-4 -40
-26 12
9 14
8 49
20 42
9 38
44 47
-12 3
-13 -22
-39 -46
-43 -23
-7 -27
-24 -15
41 -42
-20 19
-44 17
-14 -5
-22 -20
38 2
46 -44
-42 3
36 -19
33 -12
32 -18
30 -6
14 -1
-40 -3
31 11
29 8
29 37
-45 16
-41 24
33 -44
-16 23
-49 -18
12 -24
-18 -20
9 -14
-13 -34
-47 0
19 17
-1 15
12 49
41 45
-16 37
-31 28
-35 23
-13 -20
-26 19
46 34
27 -48
-19 -14
-24 25
47 -32
-6 10
27 30
27 -24
-15 -41
-23 -27
21 -42
30 27
44 38
-32 -2
-7 -39
-40 15
13 1
15 -48
48 21
31 5
25 -21
-24 -18
-22 37
22 -34
-12 -9
-29 -12
-10 -47
37 -26
-10 -20
38 -10
2 -30
-6 -8
1 -45
-15 -14
14 31
-41 -14
37 -27
37 30
17 -31
-47 -19
7 -30
-11 -7
23 -38
13 -33
5 -4
-23 -27
37 -27
-26 -2
10 14
19 -26
-22 42
10 -47
-14 -5
31 -17
33 -49
-42 -40
0 -22
-39 -23
20 -17
-2 -23
21 9
37 -21
-49 -33
-33 1
-48 -19
35 32
-49 -36
42 -41
-8 -7
-40 47
-13 23
5 -42
-31 -42
22 -42
-24 40
-19 -48
-38 6
-2 -20
-5 -28
6 24
0 37
18 -23
17 6
-7 -15
33 -40
-12 -42
44 -5
-44 -48
-13 -8
22 -46
1 -27
48 -42
-48 26
27 -22
13 -49
22 4
-12 -15
-16 47
0 33
-15 40
14 -5
-2 17
32 13
40 -39
39 -11
47 -32
-44 37
45 27
41 0
10 30
-41 45
-17 -20
-3 -2
-24 -36
-43 35
-41 -19
43 -6
-44 -3
11 -17
-15 -1
-5 8
-28 5
1 -48
-28 45
-46 -9
-30 -4
27 49
-28 7
1 6
-28 2
4 20
27 45
-46 -40
4 34
-16 -16
31 47
-4 6
38 14
-2 -49
-1 -48
-35 -21
25 1
33 -4
-12 -6
21 8
29 0
-31 48
-44 33
36 45
-8 -25
19 30
14 -44
-18 3
-38 -48
1 -25
8 -25
-1 -44
-15 48
-5 -25
-34 -38
1 -4
48 -21
-49 -32
-34 -10
8 17
8 26
13 -47
36 -33
30 -22
46 -29
10 -19
-28 -14
-40 -44
42 25
48 -21
30 35
19 15
-41 4
29 -1
-32 31
-4 39
-35 45
-40 -5
-17 -37
30 -9
-47 40
15 -27
26 -20
-24 4
21 -43
-3 -36
-33 -46
22 -48
37 -41
-17 23
11 -14
48 -5
-18 45
-42 49
-38 46
-27 26
-41 -18
-8 -31
7 -17
-21 -2
24 -21
-29 47
16 4
-25 33
46 43
32 15
-25 -41
-19 13
16 30
40 11
-39 36
-31 -34
-23 36
2 -16
-17 -18
4 -1
22 28
18 21
9 -7
47 -33
-1 11
20 -15
-40 30
29 48
4 -44
29 -45
33 -8
0 -20
-32 -45
40 38
21 -20
14 -33
-42 -25
26 -6
5 20
22 -8
45 15
2 48
26 -23
46 -43
31 10
8 39
15 -36
-20 46
3 12
-17 0
-8 -19
-48 8
-15 -44
-44 -41
-28 5
22 -36
-5 -10
-25 34
-49 2
8 13
30 27
33 40
-44 -32
-44 4
35 -49
-22 36
-29 -9
13 -43
19 -44
11 -14
-20 13
-29 -34
46 47
15 0
0 22
-43 -46
1 16
-43 1
-18 -13
21 13
4 40
-44 7
-8 49
49 -35
31 0
33 36
32 23
-31 36
-40 14
-36 -15
42 44
-41 35
-43 24
-16 13
-18 -6
-34 -46
-39 -25
-39 -27
13 -8
-7 38
43 -21
11 8
10 14
9 29
41 -19
10 -24
-27 -6
-2 26
-8 19
47 22
22 0
38 47
20 -19
12 24
7 19
4 -12
-26 -10
24 1
46 -23
1 -5
-38 -27
26 14
-29 -43
-15 19
-18 -1
17 -46
-22 33
-49 0
42 -35
-6 -42
-17 15
-44 -1
-13 12
11 8
23 48
31 -12
-8 -35
5 14
-19 43
-2 -29
2 21
23 -28
-3 35
-15 -24
27 -27
-45 43
20 -27
20 37
-21 4
-41 32
2 -19
42 0
-31 0
39 13
16 -11
41 -36
-23 -26
13 -44
-13 -12
46 -17
46 -14
-48 49
47 43
8 -22
-10 22
17 28
-34 20
44 17
-12 47
14 40
-9 -33
39 -1
42 45
26 3
24 -41
29 5
-2 28
6 -29
27 32
10 49
31 -31
44 -25
-5 29
41 6
14 -23
33 21
-27 31
46 4
-49 44
3 -34
-3 -19
14 41
-27 17
-9 -8
-22 -9
-24 16
-49 -36
-31 -44
-32 12
-8 13
23 -36
-36 -5
-36 -6
-19 -19
-13 28
9 -3
-46 -49
-18 -26
-29 19
33 -30
13 -43
11 -22
5 41
-17 -13
-16 -12
-14 5
-34 16
8 -33
6 4
-4 -44
14 -37
-9 30
4 -46
-39 -35
16 46
-38 -49
12 2
11 -9
-16 -27
-44 -47
10 -32
-41 23
-44 28
5 -21
15 -18
-38 -17
47 8
-46 -4
22 10
-1 -21
17 -30
-44 -1
12 24
2 30
25 8
-20 -24
-37 -23
17 -35
-14 -42
47 10
29 47
-19 47
45 26
-33 30
-15 -45
-48 24
39 -43
33 -39
23 40
22 -44
-10 -44
31 7
-5 -16
-1 -8
-30 26
32 -2
-7 1
26 11
36 17
-12 -48
29 34
7 26
6 43
-34 -48
-24 28
19 18
32 -30
-32 43
27 -31
-49 -35
1 -46
34 -15
-39 11
4 -28
-41 -25
21 22
49 30
26 19
30 18
2 -37
-18 -22
-21 -15
18 -19
33 -31
0 5
40 -2
49 1
0 -4
28 32
40 -48
32 -27
-3 -35
-4 14
16 -31
-35 41
41 0
35 -32
-29 -10
-48 33
14 20
36 -22
-13 43
-32 -38
-29 34
-9 -49
-4 16
-37 -26
-33 -18
19 15
17 14
-24 -18
7 45
23 -17
28 10
34 -32
-6 -13
-45 13
11 0
37 -49
31 3
13 -49
0 7
47 -36
43 19
31 25
32 44
-49 -15
-35 37
-27 33
-49 -28
-45 4
45 13
-19 47
27 38
33 38
-14 -43
49 10
22 10
35 10
45 40
-12 21
-37 -16
20 -36
49 -14
13 18
18 -33
-14 -21
-44 -43
3 11
44 -28
6 8
44 -29
-40 18
-47 43
-10 48
-18 31
2 15
-21 20
13 10
34 8
-20 3
-41 13
29 -23
-44 40
45 43
-4 23
7 25
-42 43
-27 19
14 -34
-15 -15
49 31
-16 30
18 47
35 42
7 -11
16 27
5 26
-34 11
-6 -44
-33 25
1 47
19 45
-42 14
-34 -21
8 23
30 38
-29 -15
-4 0
3 33
-35 -38
-15 -38
30 32
13 23
42 21
23 -26
-19 44
44 -48
25 41
29 19
-33 -19
-29 10
12 -4
36 23
41 -12
-16 16
-14 46
47 28
-45 22
-26 45
-20 -13
22 -12
10 -15
-16 -41
-2 -45
11 -44
-14 42
-38 -44
-29 -6
-6 -29
-18 45
5 26
36 -28
-1 -15
40 40
-31 12
5 -20
31 -19
-39 32
-20 -7
12 -25
18 -15
-28 -39
-19 38
-14 32
42 -31
-36 -16
7 28
-8 43
46 -10
-22 -21
47 0
13 36
18 19
13 18
-48 -22
-12 40
-15 -42
-9 -20
1 27
6 8
-29 34
-14 -31
40 -6
-44 -33
21 44
36 4
26 34
43 -47
-23 -34
-44 -19
-33 -20
-49 -30
39 -44
30 -17
37 44
-4 -28
1 38
-13 -46
9 -7
-2 34
3 8
32 23
12 28
-5 2
31 24
26 47
36 -44
24 11
3 -28
34 12
29 -48
-5 9
-22 9
-49 21
42 19
0 44
-15 29
21 -47
-42 24
-44 -8
-9 6
-6 -49
-42 43
44 23
13 3
-47 13
-44 -33
27 -41
-41 -36
48 -35
-9 29
37 39
-45 9
18 30
27 -25
-38 20
2 22
46 -32
-40 -35
-1 -26
-34 -22
23 2
-25 2
15 37
-43 -38
-1 -17
38 18
-25 -27
9 -10
38 47
11 41
-16 -10
-47 -1
27 -24
-4 -42
-12 -29
-9 -3
-19 -42
-16 26
25 5
-15 -19
-47 5
-45 9
-2 -4
-9 -46
-35 3
39 24
27 12
-22 19
-25 47
42 38
20 14
49 17
-20 42
9 -42
42 45
36 27
5 47
-39 -21
-34 -24
35 -24
38 -15
37 9
-23 -29
5 -4
0 -43
37 -22
25 -22
-42 41
-45 45
20 -30
-40 -24
-6 -35
34 -21
20 -4
-13 37
-27 -29
-15 -27
1 48
45 -22
24 -49
-14 16
31 12
-10 0
31 44
2 -49
-34 40
5 -16
47 -39
-41 24
-33 -2
17 27
24 -15
45 -24
-3 -42
-39 -18
-28 46
9 47
-30 -21
24 30
-39 21
-19 26
34 7
-12 -18
-40 -25
25 -9
37 -18
-3 0
47 3
-48 -16
-13 43
-25 -17
49 18
-6 -43
2 -33
-44 -36
5 -40
42 -47
48 -40
-40 -5
34 -38
24 15
-47 26
-10 39
-14 -7
18 46
-21 -42
-3 -18
-32 43
-23 -46
16 2
34 29
17 38
-8 -43
-26 -45
22 -32
28 -4
20 41
1 37
-28 -2
-39 -48
-42 -14
4 -29
48 -47
10 33
14 -11
-12 -40
-16 -7
-9 -47
-39 -17
-44 -49
43 0
-25 30
17 16
-31 12
26 -43
-17 3
24 21
16 -29
-47 36
23 -47
6 13
-34 -9
-43 -23
31 -44
17 -10
-14 -25
1 6
37 -25
43 17
-27 43
-25 21
-22 5
-17 28
17 -4
36 -36
34 -43
38 -30
-18 -20
26 23
-43 40
-4 -33
-12 11
-45 -2
-7 -1
-37 1
37 31
22 38
-43 -16
-2 17
5 -18
-33 1
-7 -38
-39 -3
-23 31
6 -34
12 31
48 -27
31 16
44 -11
28 -36
10 -20
-12 36
47 30
-6 -6
-44 44
-45 35
9 26
33 37
-13 -23
-38 -25
-16 31
29 12
29 13
-31 -48
7 39
-23 -25
-40 16
-34 39
-11 -37
37 5
6 34
12 43
12 20
-27 20
15 -10
-1 -2
-15 -25
-13 -29
0 29
0 -44
26 9
-36 -38
0 -44
-22 47
-17 35
-48 17
28 45
27 -8
11 -11
17 -40
-17 4
3 0
-31 21
14 -29
-43 12
-39 26
1 38
-7 -18
-45 -31
-39 4
12 1
-37 -12
22 44
-2 18
-34 10
16 -21
32 -10
-13 -14
36 -43
15 -45
-16 -45
29 38
41 -36
42 -48
13 30
-18 43
-14 -1
-41 -2
31 13
48 -6
16 12
13 -26
18 -49
-2 -41
-24 17
10 -35
41 13
-25 -21
-11 46
0 0
-2 17
49 -48
33 24
-11 34
-18 -16
28 15
-31 -42
-48 26
24 -8
16 -38
20 29
11 -11
-36 5
12 15
-36 35
15 45
43 36
-34 -32
42 18
2 7
48 -13
42 40
1 -24
-21 45
16 6
-41 34
44 -46
21 37
-7 26
-5 -18
36 -49
-27 5
15 -33
-9 1
0 -17
8 -22
-47 40
-6 33
-2 1
-4 37
15 -16
3 -6
-26 -32
-47 39
29 -9
21 -8
19 -11
2 21
40 43
36 -20
-18 19
-37 22
-25 -46
-34 41
7 -44
16 -7
-2 -48
-48 42
27 -35
-22 -34
22 5
-15 -22
-6 -37
4 14
-27 -47
-10 12
40 0
-29 17
0 -47
19 0
26 31
-32 7
14 33
10 1
-20 -12
-2 -22
-38 -39
20 -42
49 -43
5 -34
-24 -47
-45 -4
44 48
30 -47
-12 43
19 -44
8 24
-5 24
46 40
-3 -34
-47 -22
44 -1
17 46
9 18
-41 10
33 19
39 33
19 21
23 -35
-11 -37
-44 -11
-14 15
-5 -26
9 -2
-26 -19
-28 -10
28 48
1 14
-7 0
-19 35
-26 31
25 13
9 -18
-45 31
47 -40
24 -10
8 15
-33 30
-25 36
-44 -14
-23 -3
-6 -7
-9 0
48 -2
0 -29
-47 7
42 25
-46 33
-44 -13
29 -17
28 21
-38 -31
-24 46
41 -10
-31 -17
-3 -29
-41 27
3 -8
-12 33
34 -49
-24 16
-4 20
-40 -40
-20 -10
-46 -40
-41 42
49 7
2 40
-25 -47
46 47
37 19
37 -5
-3 -1
30 -38
21 14
-19 -17
-3 19
22 38
33 40
32 26
0 -9
-33 9
11 -41
-13 -16
11 37
21 -18
12 33
-41 34
11 30
22 13
-34 43
-6 7
49 32
-2 17
-14 28
13 47
41 15
-10 -39
16 37
-20 -22
-5 44
-8 -40
-41 -33
-11 -13
-25 -24
3 2
0 -34
21 -35
0 43
-22 39
-32 -30
24 -27
47 22
-13 15
-33 0
-21 -14
-23 -15
-39 46
-48 10
-10 -14
20 -13
-41 -34
-23 -9
19 -27
5 -25
-25 -15
9 -43
19 13
-11 -28
-8 38
-11 -21
46 -31
24 -9
42 29
-7 27
-21 49
6 -4
33 -26
15 -47
-47 -6
39 -5
38 9
-11 9
-12 -16
48 46
-26 -46
-6 0
-21 20
9 4
7 -29
36 -2
-33 41
-21 30
-25 13
9 -16
13 39
-48 -33
-18 -27
29 -11
-48 21
-37 30
41 -8
43 26
-20 26
27 -22
-37 -22
-46 -6
21 -31
-22 -46
-22 1
-30 19
-27 -7
44 14
3 -38
17 23
0 -46
-20 2
-46 -41
-35 24
-21 -49
38 5
45 12
10 -27
-34 -8
-43 20
-24 11
-12 23
49 -48
-21 16
-37 -34
-46 -21
39 -38
45 -32
-32 34
-36 45
-39 44
39 -19
-44 14
-19 -2
-15 -31
33 -30
44 29
28 43
12 5
7 26
-38 -39
16 33
-25 0
18 -1
9 -13
-11 -47
29 -14
-48 -26
3 48
-24 -9
-24 26
-35 30
32 45
40 -10
-3 34
25 12
-40 23
-36 -9
7 12
2 20
-36 23
1 49
-9 37
38 44
-18 -13
4 -3
7 48
40 -31
18 49
-1 31
-46 30
-46 27
13 -30
-46 11
-26 0
9 2
-2 -44
-20 -41
-39 32
-45 -33
-27 5
-44 -16
16 -9
15 40
-8 -26
-33 34
25 45
43 6
34 19
-16 -21
-12 -12
44 -16
3 -2
44 -2
4 -15
6 -15
-31 14
9 -34
18 27
-46 -17
-37 45
-12 4
40 -34
5 -23
-16 -16
-29 -28
28 38
22 28
-35 -14
15 7
-5 26
47 -1
25 7
-34 44
-47 13
0 26
-8 -30
-1 -28
33 9
-33 9
-20 -18
39 -15
36 -25
-3 -6
-42 20
-17 -17
-7 -31
-4 -32
33 36
5 -12
46 -18
-17 32
44 36
-29 -9
-3 48
47 -14
37 -23
48 -44
48 40
26 33
-38 41
12 43
-37 -17
-21 39
24 14
-26 19
7 -45
37 -46
-20 -44
