-46 16
-41 46
-31 -48
-6 44
-20 19
-1 20
-49 48
-34 14
4 -4
15 -1
30 26
41 20
-10 -1
8 -48
11 8
-35 -41
3 -34
-1 -20
-49 40
9 -13
-24 13
27 48
-38 20
10 -18
-44 -34
-48 6
17 8
12 -11
-44 -19
-19 23
26 21
46 -6
28 49
-4 -10
-37 -13
-48 5
8 -14
-47 6
-30 -31
-19 38
10 7
-30 21
-19 29
-25 28
-14 10
26 4
7 -26
-18 18
44 -41
44 -30
5 -26
-33 1
35 -46
24 -20
7 0
28 5
4 -43
48 4
-12 -5
23 -37
-6 -21
-11 0
0 -49
-33 -13
-44 -45
-36 35
6 -2
-49 -43
-24 -33
-48 6
-29 11
16 -8
-48 -5
37 -20
0 -21
47 41
42 -3
-44 -35
-30 1
-8 -48
20 -48
-33 35
28 16
18 -38
-34 20
-39 14
4 -33
-31 48
-16 -1
-6 0
43 40
-38 28
-40 -23
-9 11
48 -18
-41 -16
-42 29
-28 -22
7 24
-3 -43
28 -6
-16 -21
26 3
45 47
3 8
-49 40
6 -40
-39 8
-31 32
-27 28
23 21
14 5
-45 -34
26 -17
15 -48
44 1
-15 18
-34 10
-31 -32
48 -20
-24 27
9 15
-36 -3
4 16
-35 10
-30 26
37 18
17 -42
22 -6
-37 -33
44 -13
0 -28
-26 -34
0 -33
40 -38
38 -17
25 41
-46 17
27 -16
22 -1
-3 37
39 15
19 -45
22 -13
-35 -12
-24 42
19 31
42 -21
5 -35
-11 -15
29 35
-7 -8
-20 -33
-10 -12
20 33
46 -8
-18 2
-48 2
40 43
-4 -40
-30 -26
27 -48
34 -29
-5 15
43 39
26 43
11 -16
-24 14
22 20
17 5
-26 -19
-32 36
49 -41
28 10
-7 -2
-49 3
36 -39
-25 16
13 -24
36 23
0 -20
11 -49
-2 -18
42 36
-24 19
14 7
49 36
17 1
4 -48
26 32
-2 16
15 -34
14 0
23 21
-2 25
-47 -9
-35 24
-19 -48
0 38
-35 40
12 -3
-42 26
-3 -14
-26 47
12 -29
28 1
32 15
16 5
-18 -26
5 16
-43 -41
-2 -28
-37 -17
-33 -34
24 -19
-22 -32
-13 -44
-36 -39
13 -9
-5 8
21 26
-35 -13
-11 -40
-7 9
33 -4
-14 45
23 49
-4 29
20 -30
-12 44
-7 -43
-42 -18
-7 35
49 -34
-40 33
-26 -2
-6 -42
-35 20
47 36
33 24
8 -47
-12 3
-40 1
-44 10
-20 -24
-49 -36
-24 -33
23 -19
47 8
33 -31
-31 -22
20 39
-22 -46
26 45
-8 -49
44 29
30 -37
47 12
36 -17
17 34
16 -45
-5 25
-29 21
-38 18
1 5
42 13
4 49
-27 29
-10 10
15 -12
29 36
28 15
-16 -46
-5 30
-49 -38
20 17
-5 39
41 1
-10 20
-25 -44
-30 -41
-43 26
29 -38
19 17
37 8
-14 -48
-45 11
7 6
3 -20
-48 -26
-40 -3
-3 16
46 -17
-11 -11
-26 -39
-40 36
-9 -25
-24 7
10 37
-33 10
-47 13
26 47
20 33
-46 -4
1 49
-31 -20
41 22
-8 0
-29 20
12 -3
45 -36
6 -6
7 30
9 49
35 -17
10 9
-43 7
37 39
-45 2
-45 6
7 -11
-29 -20
-16 -13
8 41
-38 -32
9 -41
-35 34
23 -33
-17 -5
-5 -25
-32 -30
-47 -34
-45 37
25 14
-21 -24
4 -14
45 22
39 7
-7 -12
-23 39
-41 25
49 -31
31 43
-9 -38
23 -22
34 7
16 46
24 -38
43 -3
22 -16
-30 10
11 16
24 -15
16 26
30 -40
45 -35
29 29
-33 37
-3 28
30 21
44 -4
-32 -35
37 -18
49 23
-43 26
38 6
41 35
39 -46
-40 -46
33 -16
-21 -32
6 26
-37 7
-34 -18
7 29
13 30
-48 -22
-45 -30
-42 15
20 45
24 43
32 36
42 39
-31 -9
22 8
-37 -9
18 28
32 -27
4 -21
-43 34
-23 42
-21 39
47 -24
-1 -2
20 -41
9 -43
-31 -6
7 -5
-5 -4
-12 48
7 16
-3 27
-47 -29
-47 4
4 -40
17 -19
-28 2
-12 17
-33 20
-14 42
-35 -3
-1 -6
12 28
35 -32
42 0
0 -12
28 37
-45 -26
30 0
40 27
-5 12
-24 16
35 -15
0 26
34 -10
46 4
19 29
35 17
20 8
2 33
36 43
-31 48
42 -37
5 -42
16 0
39 13
-8 5
19 36
25 41
-27 24
48 1
-46 13
31 35
18 41
-31 32
-15 6
36 4
-24 14
-10 -27
27 40
-25 -37
1 3
21 3
35 43
-12 -43
-16 -8
-12 42
35 -36
10 -44
0 -12
25 -11
41 11
42 -37
9 -1
-28 18
-16 22
-19 32
-37 24
-22 -13
-37 -15
40 20
-14 -19
45 8
14 -12
5 7
16 -29
-26 31
38 -17
-48 -48
-19 -39
39 35
23 -36
-44 -15
28 31
-9 -11
-18 10
1 47
-20 -7
-9 -21
-22 42
2 21
-47 6
43 -10
0 -15
32 18
-41 46
21 -28
17 48
32 21
2 -16
35 -40
24 -35
23 -5
18 -18
45 13
-36 31
-49 3
14 44
-14 -15
-27 -34
39 22
31 47
-36 -48
3 -42
37 0
25 33
-43 -38
6 -11
-36 25
27 -24
-2 -27
-17 41
6 24
43 24
-48 -5
32 22
35 -47
0 -6
3 -40
-27 -22
4 -20
43 -47
17 -20
-8 -37
-20 -10
-43 32
33 -34
-45 13
14 27
42 -43
13 24
-1 6
48 -32
-14 -37
-33 47
-33 24
9 -2
6 -29
-15 -36
-31 -36
42 25
-39 12
-5 19
-24 30
0 -31
36 33
4 9
-14 42
-45 -28
-29 24
-17 -31
9 6
33 -29
-15 -49
22 -5
-30 -48
-16 -2
-8 -15
-35 -20
12 41
-4 -21
-48 -38
-21 48
-23 -22
-20 0
-37 0
35 37
-37 -5
-49 16
11 -21
23 -27
0 -20
-42 44
29 46
-28 27
13 -6
-8 -49
22 15
4 48
15 -43
33 40
-21 -45
35 14
-1 31
33 4
-41 -10
-39 36
2 31
39 -35
33 -19
26 27
-45 7
6 -48
27 23
-21 11
33 14
-39 -18
-40 7
9 13
10 -37
-2 32
21 9
-36 -3
34 -21
40 23
14 28
-19 3
0 -35
-10 -43
39 -24
-34 27
-2 8
22 -28
11 -29
25 39
34 -14
-44 22
46 22
21 9
-13 -29
-48 -18
36 -7
5 27
0 25
41 18
11 -46
-41 12
-21 -44
5 20
-35 17
38 41
10 33
8 49
-28 -26
7 -39
10 39
6 49
41 -39
6 49
0 -28
-34 46
-17 -9
-23 -46
-48 14
44 12
-39 -32
-39 2
-45 -21
-44 -10
-5 -21
36 -16
-15 43
-16 -26
2 -40
-48 37
-12 -26
39 24
9 -49
-28 -10
17 -19
-14 -44
-28 -1
-43 45
-34 -39
30 -6
-30 -20
34 0
-5 20
14 36
-3 33
31 -47
-43 -21
18 47
23 40
-28 15
48 7
-40 42
30 -9
-36 -32
-48 41
-38 -13
25 5
47 -17
44 -22
31 -7
5 37
44 42
-4 32
-45 -21
12 40
44 6
-33 -42
-9 -49
0 -14
41 0
-11 -13
-37 -2
11 -26
-35 49
-5 -1
35 21
44 -28
0 -31
7 20
45 44
27 -40
-9 -24
31 -27
27 -43
-44 -22
36 -7
-7 -35
37 0
-37 8
-29 -23
14 -14
-15 8
5 28
-41 47
49 30
14 41
12 21
49 45
-27 -25
-3 -17
4 26
-16 22
26 -17
23 -3
-3 -16
24 36
-23 12
17 -47
40 -30
-15 23
-1 -49
1 -26
-35 -31
49 -41
29 -11
-18 -37
18 -1
24 27
29 37
47 11
34 -5
-38 -31
-43 14
-8 -4
-41 29
31 -33
44 -20
-7 16
12 -2
-37 -2
27 -10
30 35
-1 24
-47 -35
-29 -6
16 17
41 -45
17 -33
-22 -1
-47 -18
-49 36
-48 -5
1 -25
-32 5
27 17
2 44
-26 -25
-13 -33
-37 -4
-14 -3
22 -9
25 -11
0 10
-17 -6
-36 -20
26 30
40 -30
25 15
-44 15
-28 43
49 27
32 -46
-20 -36
38 -13
-38 -28
-41 -1
-27 -29
-4 -30
-1 -7
-18 20
25 37
39 -48
-38 32
25 6
26 -2
16 42
48 29
10 -42
9 21
6 -34
11 23
49 -6
46 35
36 -20
-41 -17
-31 -1
-26 8
-43 -26
-43 -47
-4 1
-41 45
6 -14
4 -42
46 -6
-46 5
45 1
-38 -4
20 11
-36 22
30 33
-30 7
-38 40
49 -10
-47 -6
3 12
-40 20
41 -40
-19 9
13 37
1 -42
20 39
-26 40
-20 -6
-8 -27
15 8
45 -4
-32 -38
-10 42
-12 -18
3 -32
-37 -4
-44 11
43 -19
-6 22
20 -32
-4 -21
-33 11
29 21
-35 0
34 -4
-33 44
-27 -47
22 48
-28 21
0 39
4 9
-42 -34
-6 24
-15 -20
12 38
-23 27
45 28
36 -3
49 41
-10 9
-7 34
-10 5
-17 10
-41 -44
19 -19
-14 -29
13 24
-28 -31
40 6
26 -20
36 39
18 9
37 41
39 6
-22 -45
-43 -1
32 36
12 -29
18 25
3 47
-38 2
-35 33
16 -33
-22 -44
26 24
-16 -6
-45 -35
-22 -22
9 -26
48 -40
-8 -16
-8 9
6 24
0 27
4 46
-48 -18
0 -41
38 -17
20 16
-18 38
-22 10
-28 -8
8 19
11 47
-31 -24
18 -18
-39 -31
-45 -34
-45 7
-43 3
-19 -5
-39 -40
-16 -42
-22 22
-24 -10
4 -36
-22 34
-32 -4
2 15
-41 -2
30 0
33 30
22 33
-25 9
23 15
-44 18
-33 -37
-28 -5
9 1
27 -2
11 -32
-20 10
47 0
3 -5
18 31
21 0
-16 27
-16 40
-7 -19
21 -32
11 -43
-7 -35
47 37
-48 4
-46 -15
43 0
9 49
-21 24
-45 -32
-16 -17
-27 0
-24 -25
-21 17
-42 -3
-10 4
-16 40
40 2
-35 8
-15 -47
-36 35
21 3
-44 9
-6 41
-35 -38
49 -2
21 34
-18 23
-4 -22
43 -12
-29 33
-2 43
-12 11
-48 -1
-28 25
-46 -41
-39 5
23 0
47 48
47 -46
-39 -28
18 26
13 -11
-32 3
18 6
23 18
3 -39
37 42
33 -8
23 -4
48 49
1 27
7 -28
-21 22
-30 -30
-41 36
-39 -9
-28 -41
19 -30
-22 12
20 29
41 -21
-16 3
-22 45
-39 -20
22 8
14 -43
40 -24
19 30
40 22
-27 -29
-14 36
43 -24
48 -6
-10 28
38 -28
24 48
-3 -21
-22 -13
-34 18
29 49
-27 3
-43 -35
-47 12
36 33
-47 -34
-31 23
48 -26
32 -49
-47 -34
-3 8
22 -27
35 -22
-31 48
12 23
-22 -9
42 -29
45 5
28 -34
27 17
15 34
18 -27
15 40
-47 -48
-33 -14
8 22
7 39
-44 7
-6 -48
-37 41
27 43
2 20
-23 38
-11 31
-16 -21
29 34
-49 -42
12 -15
25 -45
23 -14
2 -4
47 16
-24 -48
31 31
-44 -40
-24 -39
44 39
47 -4
47 44
-30 -49
23 32
-25 6
14 -3
0 -46
2 34
-20 -39
38 -30
12 28
48 20
-30 -43
4 2
-19 11
-36 38
-35 44
-1 -38
41 -32
-17 -34
49 13
32 28
-10 -38
-1 20
23 11
-35 17
-4 15
18 31
-16 -45
-20 -28
46 -18
-14 6
11 -18
13 -40
46 32
26 -41
45 -44
-29 -36
17 -48
2 -18
-40 27
42 -47
-9 -20
-15 -27
-18 2
31 -36
-28 42
-35 -36
25 -20
-45 42
29 -24
-16 -13
19 -49
-37 15
42 3
48 1
36 -15
0 -12
-16 -34
42 -47
-10 39
7 6
-44 -22
-28 36
34 -40
23 14
-8 -38
-2 1
-20 -43
44 -8
-27 17
48 -6
15 2
-37 -36
-46 -15
3 39
2 -43
-42 18
-16 32
0 32
-18 7
-47 -35
-47 -17
7 32
0 24
35 17
22 31
-44 31
-35 23
-4 -1
12 -42
34 33
-44 5
-38 -6
40 -1
-14 33
-16 23
15 -13
-47 -41
47 18
-47 -30
19 -19
-12 -36
45 14
-30 19
-10 -31
-40 -12
21 -48
26 43
-8 5
-44 10
48 23
12 -15
-33 12
-30 -25
-18 -39
-27 -23
-23 1
42 -26
31 47
-12 22
-46 3
-34 -41
-34 48
-47 -15
-7 41
-38 -24
-26 35
-1 41
1 -23
-29 42
-49 4
42 16
15 24
-23 -46
-6 -43
3 -18
43 17
-20 -44
-3 -39
-11 -2
-13 -37
-12 26
2 20
-43 37
48 9
-26 -18
-43 40
5 4
-45 42
37 48
40 22
30 43
13 -42
-33 8
10 -34
-24 10
4 -19
-28 2
-40 -46
-48 48
-19 46
-49 29
-38 36
-1 -32
6 41
14 -10
-3 41
24 -43
-11 -18
-38 -30
45 -16
38 -47
48 -31
1 47
-5 -49
-32 -45
-49 -33
46 -26
19 -9
18 -48
1 -33
34 -34
9 12
27 4
-33 -42
-44 4
-39 -13
14 12
-35 -3
-20 37
-38 18
19 31
-42 -41
24 13
29 11
3 36
33 23
-4 6
-16 43
35 -38
44 -7
0 17
-38 44
-1 30
-41 -18
10 40
8 28
-17 -29
34 10
35 44
12 20
48 -2
25 -9
14 7
45 -7
-10 -26
-33 -17
44 -4
36 -9
18 3
20 -21
17 -14
7 13
44 22
-41 20
17 -35
17 -15
39 -31
24 -29
6 -39
22 25
-3 -39
4 -11
-6 -18
27 13
34 31
-14 -20
-19 -29
-5 -6
-9 -35
-9 37
11 10
47 -30
15 49
23 -41
-16 26
-45 2
-30 -45
-47 36
-9 -29
12 -25
-38 -29
14 -44
3 -10
49 20
3 -6
41 23
11 15
14 17
-44 29
4 35
-14 21
32 -14
-6 48
-46 48
22 31
31 47
18 27
1 4
0 -14
-12 -46
-4 46
-46 44
35 -5
19 -47
-10 34
5 -9
30 32
-47 -20
23 -16
-43 -13
-41 -48
22 -9
4 -32
4 39
11 26
-17 -42
-32 40
18 -18
16 -46
-47 11
32 1
16 -37
-8 -39
4 -10
-1 47
-19 37
4 12
-13 31
-3 -47
0 -4
43 11
18 23
-17 46
14 -27
28 21
25 -5
-47 -15
0 15
0 -16
-17 6
-16 13
26 5
-13 -16
-18 -10
-31 3
-28 -37
33 -6
-44 20
-23 -22
-32 -25
28 11
21 -49
48 -30
33 28
-30 45
16 20
41 -7
-4 45
-38 40
38 16
-48 -11
7 40
38 38
34 -34
-16 10
41 -49
31 3
-21 -24
-31 32
-21 17
-46 -24
32 -48
20 11
39 10
-49 21
0 -38
-6 34
41 22
47 -1
-8 24
-3 27
49 -12
2 -43
-13 44
42 10
-24 -18
16 25
42 14
-26 24
42 27
-7 -12
-11 -35
-28 -37
1 5
27 16
11 32
42 -14
-7 30
-23 37
22 -33
46 1
-35 -27
38 36
48 2
5 41
14 3
32 26
-2 -25
6 -45
-1 18
-19 -46
0 44
-9 10
21 -48
10 -16
0 -35
-15 -9
26 -13
44 27
-21 0
32 -17
21 46
29 -26
5 -12
16 33
27 -17
38 41
-26 6
-19 13
29 32
48 -12
49 -22
6 -4
-46 -9
-48 13
49 14
-18 -37
31 16
-14 -45
21 16
-11 -15
2 -5
-24 -38
-7 -44
-19 37
-43 -15
16 4
22 -10
37 47
44 -39
48 43
48 41
5 -7
-3 8
9 -39
44 -15
-21 -16
12 29
48 47
1 38
-35 21
37 -16
49 -15
16 -10
45 -12
25 -42
1 -34
46 48
26 13
45 46
-3 43
-38 37
36 -33
1 -21
-40 11
3 -30
18 0
-44 32
32 36
32 42
22 -10
-12 16
-26 20
27 -18
1 -44
16 11
38 39
-42 -11
-47 9
-21 5
47 -1
-43 -8
-30 11
38 -43
-29 8
-45 2
2 13
-37 -27
-16 -47
-45 8
18 9
1 -2
-43 10
-36 -14
32 48
47 26
3 -35
-1 -15
44 -43
-35 8
-10 -1
48 33
-11 -22
16 2
-23 -46
-48 -24
10 42
28 -20
-42 21
14 1
-1 11
-35 19
7 -21
-9 -20
45 -48
6 15
-47 -13
-6 -29
24 -38
-35 -6
33 26
12 -10
2 25
-46 23
21 35
47 -47
9 -18
17 -43
-6 48
-6 16
-42 32
-9 34
5 -5
37 -2
-26 24
21 41
-6 -23
37 35
-27 -14
-5 5
6 31
13 39
11 -15
35 -36
43 -19
-36 7
-18 -33
-14 -49
-49 -24
-28 47
34 -37
-35 -28
5 23
-7 9
-46 -6
-24 -32
-17 -43
21 13
13 4
21 -2
-4 47
-27 44
-17 0
16 -17
42 11
36 38
-26 -22
31 -23
6 48
-4 -24
42 -36
6 -9
-9 -5
2 -31
-17 12
4 -40
-13 0
-40 15
-24 26
2 24
5 -40
-49 22
-8 -19
41 -3
26 -47
22 -43
47 -11
-18 0
26 -39
0 -37
-28 39
24 23
16 -11
-1 -46
29 -22
17 11
-18 3
-35 -31
4 14
33 5
8 -48
46 41
-45 -5
2 -10
48 27
-11 -49
-34 -46
40 -5
39 21
0 13
-4 43
-18 7
2 40
37 -36
-39 5
40 37
-31 -13
-4 25
19 22
35 -32
7 -29
14 -39
-41 -20
-41 -4
-24 39
32 -31
-35 14
-25 15
-16 -12
42 47
-27 33
-16 25
-32 -27
38 -36
-11 30
-19 43
13 34
-39 -20
46 32
-9 -33
-49 15
-33 29
46 -46
-33 21
42 20
-6 -40
-20 39
-13 -21
13 -45
-8 -37
37 31
-24 20
7 37
35 -27
-41 -19
37 4
-34 -8
49 0
-24 -15
-7 -43
-47 29
1 24
35 41
26 -28
-6 2
-40 -11
38 43
17 27
-17 -11
-3 24
2 33
-6 18
-22 22
3 41
38 13
29 -18
4 3
-48 -44
19 -8
-1 -33
18 28
-11 2
-40 -28
19 -34
4 33
-17 6
37 -48
-22 10
22 -41
49 -18
33 -25
16 7
8 39
6 -19
-28 46
12 -41
4 21
-44 22
-25 17
-19 -12
-19 30
-13 -31
-25 -12
-6 -13
49 46
48 26
47 -7
-10 31
11 -21
35 0
-45 -32
7 45
-22 18
-22 8
8 3
-11 0
36 41
42 -44
0 43
7 -16
-12 -41
-20 16
-37 -20
44 -2
46 -40
-33 -35
42 46
5 21
-6 -9
45 -25
7 37
46 -16
27 -43
44 -48
26 -35
-41 34
35 45
35 -4
-14 -44
26 -9
-1 10
-30 -19
27 -42
-29 0
-5 -39
-16 18
28 -13
20 -47
-30 41
-13 42
-37 44
-12 43
-25 12
45 10
4 -12
42 45
4 -46
-46 38
-39 25
9 -44
-12 43
36 -7
-41 -14
16 25
1 6
25 10
16 -33
-5 0
10 24
19 35
-35 -39
0 -9
-26 37
0 -32
10 30
-13 -4
43 9
-23 -20
-42 -31
-18 28
-38 6
-19 -47
15 -34
22 2
36 29
27 17
-18 -27
-33 5
30 1
14 14
-46 34
-26 -43
23 -23
40 8
23 24
28 21
4 -40
40 17
-41 13
-37 26
21 19
-12 -48
-38 48
-37 15
-10 -46
6 -49
-20 24
12 20
34 25
-12 -10
-10 -22
-11 46
27 -7
8 -20
-11 34
-17 1
27 0
-3 -22
-34 -12
-30 3
46 -15
-9 -1
32 -7
15 -36
3 38
-12 -25
37 -7
-20 9
32 18
-30 23
-9 37
-10 15
48 -2
-26 5
-15 30
-26 47
3 1
19 -13
-28 32
-20 23
-18 -31
25 42
41 9
18 -22
7 25
-19 -33
17 -16
9 -44
-26 -14
31 -39
43 -47
23 -15
12 -16
32 28
-45 -30
33 -3
-31 23
43 8
39 -5
34 6
35 6
-15 -2
37 -30
-7 -41
-23 38
-23 -41
37 -18
20 0
47 -32
36 31
-46 1
6 -42
-32 -11
-6 -36
18 22
28 -9
28 -2
-46 43
10 42
44 -5
33 8
31 2
-20 43
32 45
-2 -39
11 17
-11 -19
22 0
-40 -40
26 30
41 -12
44 42
-14 -45
-43 -34
-19 35
-14 -21
-42 29
-21 9
-11 28
28 -33
-9 -32
35 -13
-11 12
17 16
8 14
2 -46
-20 26
-29 -10
-25 49
45 -29
10 30
31 0
-31 44
34 -48
-14 -12
47 -19
38 -44
41 -8
-17 -22
-11 -17
-15 0
21 5
-9 -20
-36 4
42 -8
-23 -44
19 44
0 -23
-23 -42
-48 37
32 45
-20 -47
6 36
-6 40
2 -17
-42 -17
20 45
-12 25
2 -29
3 -45
48 -27
48 -23
-34 42
42 45
3 13
32 3
-18 -49
-15 20
10 -23
-8 31
28 36
-31 -45
-16 10
-7 -18
37 12
-36 -23
20 37
-29 34
38 -23
0 -36
16 -2
-17 41
-41 37
26 23
37 27
0 2
45 46
6 -41
-15 42
24 -49
-49 37
14 -17
39 -12
49 0
-10 43
-12 42
-3 -33
-16 45
-34 27
38 -25
-8 -12
0 14
29 48
41 -27
-3 -30
4 35
0 -43
48 -19
-49 -7
12 -49
-24 -23
-2 7
26 1
-15 -17
14 38
9 41
-37 -10
-29 -49
-37 -49
-3 13
12 17
44 -5
37 34
30 30
-10 43
40 35
33 -44
33 -22
4 -18
32 -5
-21 35
-1 -32
26 2
-8 -47
-37 13
44 -19
23 47
34 7
28 0
-28 16
49 24
42 -27
-18 44
-33 -25
-15 -7
12 19
-25 -4
-28 6
-39 -29
-29 -30
-46 45
26 24
14 25
49 -41
-6 -20
34 -48
-43 5
38 -38
43 -46
16 -46
43 49
24 41
-32 1
-34 -13
-5 -28
-4 37
44 29
-6 45
-1 5
-11 46
-25 42
-48 1
-15 -32
-17 30
-5 25
-39 -37
-34 -45
-20 -41
0 -37
-25 0
-22 0
19 -11
45 -26
-21 11
-38 -46
29 23
30 -3
-17 38
-17 45
0 -4
35 -48
-38 26
-38 -31
20 -12
-47 -44
-35 14
-25 -23
-43 -24
1 -18
-8 4
46 -19
18 49
-47 -19
-15 15
37 4
-48 -41
-4 1
27 -49
5 21
-28 -16
13 -7
12 18
-10 -17
16 28
-46 -40
33 -14
-48 12
-23 -14
7 3
18 -34
-44 31
31 23
-47 -6
-7 -45
0 32
10 -11
-5 18
-34 -24
9 18
-46 32
28 33
48 -1
-43 -21
36 -1
7 0
-34 34
-28 -38
-22 34
-17 -21
25 32
-33 -31
-35 4
-45 25
31 22
-25 -11
-49 34
46 4
-15 -17
-23 27
0 1
-1 6
-10 25
-19 20
14 46
35 48
-44 31
-41 20
34 -7
-41 -2
-7 -24
-25 9
15 -29
-39 18
-3 20
40 -32
28 7
-17 -29
0 -21
-2 -1
20 16
31 -19
38 -38
3 4
40 -5
-47 -20
41 -27
-30 43
16 22
15 -27
-42 7
-10 29
44 24
-44 -17
-38 -28
40 47
15 20
-12 -5
28 28
-35 -8
-5 -17
-22 -30
45 38
37 -38
32 -5
36 31
6 48
5 -37
-25 -41
-20 31
16 46
39 0
-18 -7
-36 41
-8 -10
31 -40
0 30
-10 40
33 -30
43 20
32 19
37 -15
19 -25
-35 44
2 -48
-27 -18
36 -40
-33 18
0 -5
38 15
35 37
35 -28
-30 15
22 -21
10 -47
32 -19
-20 -12
-38 15
0 -7
13 22
-39 43
28 -16
-7 -39
-2 -36
20 10
9 -8
-32 8
-12 -22
-21 36
-35 -43
-6 -2
-42 30
-43 0
40 5
1 48
-30 -17
32 -44
-43 5
-35 -11
-4 -3
-48 -44
12 -13
-28 11
44 45
33 -34
-34 23
-21 7
17 -46
24 -47
-21 -43
-30 30
-49 34
-5 4
-47 -17
-40 4
17 -6
-24 26
-23 49
20 -10
-1 7
-31 20
-35 25
22 -37
34 9
-3 32
-29 40
11 -16
25 32
-27 32
-10 6
-35 38
46 -1
-11 -36
-8 -31
6 0
-10 46
-30 -38
46 47
-37 36
45 41
46 -45
29 -26
-9 -46
-8 9
26 -24
34 25
23 -33
-46 -10
-29 43
13 14
-5 24
47 -8
23 16
22 -16
47 34
24 14
33 13
-43 18
47 -36
-22 49
-40 40
-5 -22
35 13
-21 -20
-26 -3
-16 -2
9 -2
-45 49
-13 28
35 30
8 -44
27 -30
-45 -39
21 5
39 1
-33 -28
-44 23
-20 44
-19 -22
36 35
38 49
-22 -42
36 -32
36 -42
-15 28
-11 2
38 -14
-33 10
29 13
-23 -13
15 45
-44 48
38 38
0 35
-27 -17
-43 27
36 -9
-15 -25
-40 -21
-22 -40
34 31
3 -19
14 6
-1 15
-1 -20
-6 6
6 6
24 46
-45 -14
-17 -6
31 -46
35 -3
33 -38
-2 7
12 -25
-43 9
-10 -35
-4 -26
25 36
-43 -36
-48 15
22 3
46 -1
44 -9
-15 28
10 22
-14 18
23 -45
-15 -22
47 -43
-34 38
15 1
17 10
-16 20
45 -6
-15 3
-14 3
-18 33
16 33
0 -45
-20 12
-4 46
-2 35
28 2
45 -34
41 47
25 43
47 18
-9 -17
19 1
12 -12
16 29
-21 -44
-33 22
10 43
45 -23
16 -3
-34 -11
12 40
-43 -17
20 30
46 47
-24 38
10 14
14 24
40 -14
48 29
-34 -6
-1 47
-13 38
36 22
-20 0
-12 11
-11 -21
36 28
-36 42
20 -47
-19 0
26 -44
-30 11
-29 30
-47 -5
-6 -29
-47 42
25 -34
26 -8
30 -3
46 38
9 -47
9 -16
34 -48
41 39
-41 0
42 -11
0 41
-43 36
-9 -6
32 4
-30 -30
44 -27
9 -7
34 -40
0 22
-34 -35
-45 -18
21 -36
-41 45
26 -45
-31 -31
-42 22
35 16
-35 -35
-44 -16
-38 -44
-30 -21
28 13
-49 8
31 35
0 5
-17 27
14 -30
-43 -47
-5 -17
31 46
39 -44
-48 -49
20 -45
-39 3
14 37
-21 0
-32 -41
8 41
-3 22
47 6
18 41
44 -6
-15 -44
3 -36
40 46
7 15
-12 44
49 -4
-47 -4
24 -8
34 -11
-40 -29
-39 16
25 10
-21 24
-13 -48
0 -6
4 6
-26 29
-45 19
7 33
19 9
44 28
2 20
11 -29
14 30
-26 13
25 -27
29 -31
0 12
-42 -31
7 -38
-6 -19
48 -12
34 45
-34 13
42 -21
-35 34
-25 45
33 12
-23 -32
-44 34
-25 2
-31 3
27 32
10 -41
9 -28
40 -2
12 0
45 39
31 -43
-46 -15
-17 9
-3 10
14 -49
13 -3
49 7
-44 9
-8 -37
10 -6
-9 37
-21 -7
26 47
19 -41
38 -24
25 -3
19 -23
16 23
25 17
-9 38
40 5
-43 -27
18 -45
42 -43
32 34
-17 -19
-20 -33
1 23
42 -39
48 -15
35 20
-16 -16
-42 -36
-30 7
34 -36
21 -2
-39 -4
48 -23
35 47
33 -2
38 47
29 -3
41 15
-13 -18
-9 2
-17 -18
-6 39
3 8
38 31
19 -43
-38 5
-21 -31
28 -27
-5 -30
21 -38
18 30
-25 -14
40 -11
-2 -14
32 5
-18 0
41 -32
0 44
11 -22
-44 -11
-49 6
-1 42
-11 -23
-13 19
-10 47
3 -16
-20 5
-45 -8
2 -35
-45 -2
16 -46
4 44
49 -48
35 1
-47 36
-18 -7
49 27
-45 -2
-13 -33
28 46
22 -17
-32 23
26 29
-10 -12
-16 -41
45 27
20 31
-40 39
-10 32
-11 1
-3 35
-17 40
41 42
-48 16
-12 -2
-2 1
-3 -19
42 -49
-34 -7
-41 23
36 25
-9 -28
-24 -43
6 -8
-3 20
1 -49
-43 16
-49 -21
-37 -7
-45 -4
4 -33
-7 19
-20 -30
4 42
-13 20
6 48
27 -39
-13 38
30 41
48 3
-35 -8
42 -3
-49 33
-35 34
-49 11
20 30
-25 -47
19 -17
-22 14
10 -24
-23 -47
-32 13
-6 39
18 -44
-49 -1
32 12
-12 -42
-3 -29
-26 -10
-25 -14
-38 37
-27 -4
20 -12
49 18
34 -48
-47 28
-38 48
9 -11
23 -7
0 16
38 -18
-20 37
13 -29
-13 -44
-3 4
10 35
14 36
2 40
33 -41
15 9
-46 -46
44 13
-30 9
10 16
-41 -8
30 38
-23 38
35 -36
39 43
16 -15
2 0
20 31
-40 -31
-4 21
-17 22
23 44
48 12
24 38
22 35
-47 -17
26 -27
-7 -47
1 -2
-46 44
16 2
40 -39
30 25
28 -3
-33 -42
-20 -49
45 -44
-1 -25
19 -45
-14 -13
46 2
45 12
-1 -20
-43 19
-1 -23
-3 31
-10 -41
-42 -2
-45 -15
17 -7
47 5
3 -29
-31 25
46 13
46 -20
38 22
14 -34
-25 0
-38 28
22 -32
21 17
-37 28
-42 12
33 -4
-12 10
42 3
-3 20
34 -40
-48 -10
48 -48
16 17
-12 27
12 -17
-26 48
33 6
-17 -47
39 45
42 -26
-41 -24
37 31
7 -44
-36 47
-40 -28
-13 -46
-49 11
-24 -2
-24 22
38 -42
23 -25
19 47
-15 -14
7 -45
8 -47
-1 36
-14 17
21 -16
10 0
6 11
23 -29
-33 0
18 10
29 45
-4 -22
33 21
47 -3
-43 -26
0 -28
-37 -16
-33 3
-35 -42
17 47
5 -28
-15 1
47 14
37 -19
-44 32
-40 35
9 -34
-21 39
3 -6
38 45
44 7
-45 -35
42 22
-48 -22
-23 -5
-15 7
4 29
13 -47
21 -11
-45 41
3 -24
9 -42
2 24
-21 -6
-45 41
-31 -15
30 -12
20 -39
37 -8
-46 20
27 5
-47 1
-36 1
6 -26
-39 -6
-2 31
-38 -35
-49 -6
0 22
-47 48
-30 -10
19 -3
43 -20
-5 -36
17 32
-21 30
43 -48
36 42
37 -41
47 31
49 -47
-44 45
25 5
39 -47
41 -35
31 40
42 -4
-3 -35
21 -24
-39 35
48 29
49 -30
-9 28
34 28
-23 47
-29 -24
13 8
-3 0
13 41
-29 6
-25 49
19 -21
38 -40
-35 -29
-43 19
-40 -43
29 41
24 -4
0 18
-11 40
-48 -41
-33 2
29 16
15 -34
-30 -37
-47 -11
-47 -9
21 0
-32 -39
19 27
-34 -48
2 25
-45 -32
44 22
22 -27
-23 -29
-6 20
5 -47
-44 46
-4 22
-12 28
22 12
45 49
-11 -38
0 7
-27 28
-10 -16
-1 -23
1 39
0 1
9 10
16 -31
-34 21
-8 19
-4 25
9 43
-42 17
-22 22
-15 14
-8 49
-8 28
-35 25
15 -2
9 20
45 29
32 33
13 -43
8 17
-43 -47
41 -10
-17 -4
27 -4
46 7
32 -40
27 -18
23 19
43 -28
9 36
26 -34
27 13
-4 -6
-49 2
19 -12
-6 34
1 -20
-18 13
-11 0
-32 -24
0 -26
1 -35
47 -21
19 -45
-14 44
-44 -35
-32 3
-13 -45
-39 34
-21 34
-4 15
38 -7
24 38
-21 -8
-40 -8
-39 -39
-41 16
11 -6
-45 4
8 -41
-23 -35
-24 -40
48 39
-12 0
31 -11
26 -19
-25 -8
-48 -25
5 -47
-9 -10
-24 -27
40 -5
19 12
30 -29
29 -4
-14 -40
43 48
-16 -8
-34 13
-47 5
1 40
-13 25
-45 36
15 43
-19 -20
45 -18
34 -46
-33 -6
4 -9
26 -48
-4 17
12 -43
35 12
-29 -47
46 0
12 0
0 -36
-49 24
30 -7
-49 46
-43 -18
40 12
-37 34
-38 -28
-35 33
-44 28
7 -14
39 -24
2 13
-28 -12
26 -43
1 -21
-48 -18
-39 -39
47 4
1 36
-45 20
-28 -10
-49 25
-15 1
2 3
-38 47
-31 1
-44 -42
6 -2
-43 45
40 -1
-2 11
-25 -42
-23 29
-24 24
44 22
-14 -24
-16 -1
11 -28
16 -3
24 -7
19 -45
-30 22
-37 -25
-48 -10
40 -41
49 -4
-30 0
-14 9
-26 45
18 39
31 44
34 -7
49 41
-33 19
-13 9
16 3
-13 -30
-43 -43
-25 -40
39 -4
28 42
-10 -5
-37 39
39 47
-37 -17
39 28
43 -26
-9 49
-30 5
-45 4
6 -26
43 45
-14 -19
23 -28
38 -22
-47 41
-26 27
36 -33
0 9
-8 36
33 23
13 38
-17 36
-17 -46
0 -48
-31 -45
44 49
-23 -37
18 -33
24 45
-11 4
-38 22
-25 5
12 -15
17 -1
-10 -12
30 -45
11 -7
-19 -34
-46 -38
8 26
13 32
14 12
40 -14
-3 43
18 28
14 46
-46 -7
-17 18
1 15
11 45
-17 -28
44 -32
-3 16
38 -28
-46 26
41 10
-10 -5
-4 -45
-6 8
-5 37
33 36
-35 -27
-5 -32
46 48
2 49
27 3
-40 -45
36 -6
-41 -6
-18 45
-44 -38
39 -24
8 -26
-27 16
21 -12
43 -21
-42 -35
-32 -24
5 -39
-26 -45
-6 42
-41 39
13 -34
-20 -31
-36 44
-46 -14
5 42
-49 -20
21 -6
5 46
-29 -30
29 25
-43 35
-16 -33
-27 38
21 24
40 -7
-19 -48
30 -17
32 10
37 34
23 38
-12 23
-5 -18
-17 3
23 -23
-5 44
34 10
13 -38
-25 -21
-23 4
11 46
6 39
2 9
-2 48
37 31
-37 -4
23 -15
20 -18
30 -19
32 35
37 29
26 16
-12 8
-3 37
5 10
-47 3
-29 20
12 -17
-48 23
48 7
36 -26
11 -11
7 31
-24 -9
-34 -19
8 -4
-9 -44
-12 11
-45 40
45 -41
-30 -15
-31 -40
-10 -19
-1 35
-25 42
19 -27
18 -38
1 -21
42 37
19 12
-22 -17
-18 -29
16 -20
4 0
43 -13
-4 -40
34 34
34 27
21 48
26 -7
-30 -33
41 8
-7 -4
-31 39
16 -33
-13 16
-30 0
11 -35
40 -12
-35 46
36 39
12 -14
17 21
33 -19
-10 12
3 31
40 -6
-47 -49
-18 -46
-26 -15
-23 -40
-27 31
44 -2
35 -39
-6 32
-9 -8
-49 -26
-39 -17
-14 -33
-24 15
27 30
24 37
-20 -13
34 43
41 28
31 20
-10 34
-48 4
10 -42
-21 4
-47 -38
38 47
21 40
-7 12
-22 15
-14 -16
49 -44
-48 47
-30 -30
-22 0
12 -12
-35 24
27 10
21 6
6 -31
-14 18
12 -22
28 27
8 -9
-31 -4
-48 24
5 -48
31 -7
2 23
15 42
-35 -5
-16 -46
-20 -45
-19 -40
-24 45
-46 44
-18 32
-22 14
-10 -4
30 23
-5 -19
-36 -25
23 -17
32 -27
-18 -44
-2 27
-9 -22
-8 15
-27 -29
-5 -20
-8 15
30 -40
-41 47
-22 48
37 45
22 -46
-10 33
-37 5
40 42
30 -41
21 -21
-44 33
-5 8
43 -33
-41 -3
28 -4
-42 -36
-19 20
-15 23
10 23
-22 -1
23 11
-23 -47
16 -18
39 34
-12 -32
-42 26
-9 -45
25 26
-42 -45
23 -4
44 -19
8 -12
33 48
36 -15
13 12
24 29
-23 -35
-1 15
-39 -24
2 -45
41 33
26 0
-3 -12
31 34
39 -25
2 -24
19 12
3 -46
-37 3
-34 -42
-47 -6
-39 22
-29 -39
-40 43
-31 -14
37 -22
18 -25
-14 -31
16 -28
-30 14
-26 -25
-14 17
-23 40
12 43
-43 15
-27 35
40 -40
3 44
-7 3
-7 -7
-42 -35
33 -42
-29 2
-37 -8
17 -41
43 -33
46 -13
44 30
-46 -8
42 23
24 -40
29 -42
-21 48
10 44
13 46
45 -29
5 -8
48 -29
46 47
25 -32
4 10
-28 -27
-7 -9
-14 34
-16 -10
-23 38
23 35
3 22
27 -2
5 -17
0 17
5 -19
5 -48
8 -36
-26 13
-14 6
41 11
-29 -16
-38 -3
32 -43
11 9
44 32
8 -6
25 27
-1 25
27 -18
36 -39
31 -13
36 -47
47 39
-21 -45
12 28
14 16
-31 36
21 -45
23 -31
25 -48
18 -3
11 -32
-31 21
-31 39
2 0
0 11
25 5
-39 -41
-44 -33
24 -25
-14 -13
6 15
44 -9
-28 -15
47 39
21 36
32 34
41 42
-39 -2
28 -38
-46 40
25 -5
22 25
-45 -43
-32 8
-26 -36
-33 14
2 29
-9 -8
-8 43
-9 9
-11 36
21 -39
12 45
20 0
44 -7
15 -36
30 41
6 43
48 40
-33 -14
-18 39
-5 1
25 31
0 -40
14 0
18 1
19 19
-1 16
-1 -40
15 -38
-45 -15
-6 -47
37 38
-47 38
8 22
16 -49
5 37
11 -10
-16 -17
-15 6
18 -47
-19 47
-48 29
43 22
3 -31
47 -37
-14 -47
33 -19
35 0
-9 -41
29 -26
18 3
-49 1
7 -5
-42 8
0 -31
-49 -44
36 41
21 -19
23 40
-29 13
-37 19
-3 4
25 16
-34 -35
-1 40
-36 -15
-8 19
28 22
-8 -43
0 -13
24 -21
-29 -16
11 20
-43 -16
38 -26
6 -6
-14 -9
42 -5
28 -49
25 13
16 48
-33 -48
-17 9
-47 -17
-5 15
-29 -31
36 44
24 13
-27 -29
-16 -1
-11 -15
31 -27
-21 15
-25 6
20 41
4 21
-9 44
-29 -9
-5 -1
46 39
-14 2
-13 22
31 -26
35 36
34 -46
-33 6
-30 39
-40 23
30 -22
48 -40
-27 -1
44 25
38 -21
-12 -29
46 37
-11 24
20 -30
6 0
-40 1
30 -14
-10 -39
-29 8
-8 -19
0 -4
-37 -16
-23 37
-46 -19
17 22
36 6
27 -16
-49 33
-25 -26
19 32
34 33
-13 -34
-16 0
-43 -4
40 -45
23 19
-19 0
-37 -21
-14 47
-49 20
38 -7
42 29
-46 22
23 7
5 -21
-43 -49
48 49
-15 -16
-17 10
-36 -23
20 -12
-36 -41
5 28
48 -18
20 -1
23 -20
-1 40
31 -35
49 0
18 -21
6 -33
-11 16
-40 15
45 -23
33 43
48 -34
-11 23
29 33
29 -8
-48 43
-48 9
-21 20
19 -25
-37 32
23 -16
-24 -32
-37 -1
-2 -12
-13 8
13 2
-26 -41
-6 23
13 45
-16 -14
-41 -13
25 35
23 37
-32 12
41 -5
-25 -20
30 -42
11 34
-17 4
-32 26
-33 5
-43 21
20 5
-31 -10
47 34
-28 -44
-20 -14
-18 -40
22 36
17 -46
28 21
-6 13
21 10
20 32
-6 28
-21 -18
-19 6
45 -16
44 10
20 -14
31 16
-4 5
10 -47
48 -17
-34 35
-23 24
3 39
-15 -24
13 45
10 -8
-49 11
29 -22
13 -26
-24 42
-38 -15
-30 42
38 33
5 -38
-20 -18
-39 -3
22 48
-9 -36
5 -31
7 30
-3 21
-44 25
-21 -6
-12 47
28 3
-2 -1
-47 -44
42 -37
28 49
21 -17
24 -37
-41 6
-45 0
7 -30
-26 -38
17 -17
-48 14
-19 -33
34 40
-41 -29
-20 15
-17 -44
15 30
22 -11
38 -29
-23 -38
20 -25
37 39
-13 -11
-2 27
-46 25
-28 17
-2 -1
-33 19
1 -4
-14 -44
32 -23
14 14
29 -21
31 16
-6 -1
-17 38
34 -2
-5 -19
-5 -42
6 -43
32 -33
-20 -28
-25 -31
-16 46
-1 -39
-31 29
29 38
-4 -13
-43 37
27 21
42 1
30 48
0 -45
21 34
26 11
30 -6
0 -35
-38 22
31 -32
46 -24
23 -4
17 -29
-37 13
-10 28
-43 -48
43 10
19 15
5 -6
17 -23
10 9
46 39
17 -15
26 -32
44 3
-42 -43
-1 28
15 49
17 45
-18 -41
-16 13
35 29
30 5
30 -29
33 34
-12 -8
-8 30
-1 -25
-10 22
-27 13
-23 49
29 -4
13 -15
45 10
31 -7
22 1
-22 11
19 25
42 44
-35 36
47 11
-43 42
-9 -30
1 -24
0 -13
24 -20
-31 -38
-16 -40
33 -41
29 -14
20 13
-33 -17
-8 8
46 -46
38 15
31 3
-15 -9
-3 25
15 14
-34 29
0 27
-48 48
-40 0
17 -22
22 10
-29 1
-7 0
15 19
10 45
-13 18
9 5
21 -23
5 33
5 -42
-33 47
36 -15
45 -33
-10 10
6 -2
10 -13
45 -24
