-11 29
26 45
26 4
40 -26
22 -45
36 -31
-15 -11
30 -21
44 0
-10 27
-6 -39
-25 -35
-2 3
11 34
-19 43
42 -44
-30 -11
-45 39
0 49
-23 -40
31 18
22 -16
31 -46
-5 -26
-11 12
-32 18
-36 -29
40 47
-22 20
-2 9
-26 9
-4 -21
-30 46
-12 46
-4 39
15 32
43 -34
0 29
26 1
42 21
44 -31
46 24
38 35
7 -23
42 47
-49 -18
-23 14
26 5
-47 -14
-4 -32
-33 6
47 17
-15 19
-35 -29
-36 1
15 48
34 3
2 -39
14 -26
-48 32
41 -30
-34 13
14 -21
-34 -4
47 -17
33 48
-19 -14
-49 -29
-34 20
4 22
-23 7
22 49
31 37
-14 -14
-46 -19
15 34
-19 -10
-40 -9
0 -5
37 -49
-1 21
1 11
11 -7
41 28
16 -36
44 18
17 -27
-22 -29
-29 -44
41 0
43 -31
32 -43
25 37
-17 43
-26 6
-43 -37
40 39
31 18
-48 31
49 -12
39 -28
11 4
-48 -18
-48 16
-11 9
-35 -28
-29 43
-45 -34
13 6
37 10
-43 8
45 -18
7 -15
-7 -45
-38 27
18 0
-1 -3
26 -47
-16 17
-46 -16
-6 45
-39 -18
33 -12
24 -14
9 9
41 8
47 -30
-20 14
-48 13
32 37
32 -20
34 7
22 36
19 2
4 48
44 17
49 -42
-44 -4
-34 -13
-43 -16
-33 -33
-1 44
26 -18
-42 41
0 0
30 -41
-18 43
-30 -14
40 -18
-27 32
-30 35
-41 -4
-9 -38
8 -32
-4 -31
-47 -10
28 8
7 39
-3 37
-6 -36
32 -16
-10 38
-30 37
-35 22
41 -9
-18 49
-6 -23
-31 31
-34 6
-36 -42
26 -26
40 27
-49 18
-12 -12
40 28
37 -31
-20 26
38 13
39 -26
26 22
-43 -17
-46 2
-24 -38
-36 14
-4 -6
20 -18
38 49
37 -14
41 -15
34 32
10 -32
19 32
-45 6
-26 48
-7 11
-46 29
-35 -38
17 29
47 -33
-43 -39
-28 34
34 -13
21 -35
34 1
35 -15
-2 -28
38 43
18 32
0 37
13 -29
-26 42
-15 -22
30 -40
-31 22
49 -40
17 -2
-39 25
36 45
29 -42
15 -22
-9 0
-16 -12
-28 -8
-43 0
-29 2
-14 30
-11 -7
-22 -28
-40 13
32 17
28 42
25 -28
-48 -45
-20 -17
-38 1
-12 18
5 46
-14 1
36 -6
20 -20
30 22
39 -11
-46 -43
10 -15
-17 -43
-42 14
-38 11
-44 -18
16 23
13 21
-36 0
-48 -3
-28 31
36 -48
22 5
0 37
-18 48
-23 23
-42 -49
1 -17
-35 41
31 16
2 43
-14 36
2 8
-17 -43
-34 4
-15 37
34 41
-13 0
-5 4
-36 -29
18 -28
10 -28
-44 -3
-35 -18
36 -8
18 0
-38 8
22 33
45 30
45 -47
27 -43
-44 40
0 48
10 -42
30 -34
49 -43
2 -30
-42 -17
-13 23
-15 19
-46 -36
32 4
-1 9
-35 -27
5 -38
23 -30
28 -42
-36 7
44 47
30 43
-20 -42
-13 22
-37 -34
39 9
16 4
13 -40
-18 -48
21 46
-48 42
-19 -17
39 -47
-25 5
-34 -35
-2 17
-28 11
-25 -36
-46 -26
34 40
27 26
22 17
8 8
2 13
-1 5
-11 -31
-18 -18
16 -15
-17 -14
-11 -24
-13 2
30 5
-25 -21
-45 9
33 -24
-40 47
-29 -29
-23 20
9 -19
46 -3
38 -21
27 -1
49 -5
29 -32
-29 -48
10 7
45 15
25 -15
35 -40
-32 -3
7 -28
23 -8
-5 10
-42 39
-25 -49
-38 0
38 -2
-4 48
12 -19
41 2
-29 -45
-12 -37
-19 27
-22 -22
46 -27
25 10
35 13
2 -2
28 22
23 -10
3 -35
-11 0
29 -38
0 25
-48 28
23 -28
-45 36
42 -11
22 42
-23 -12
-46 2
9 -8
29 27
38 -32
-44 30
-38 -6
13 37
12 -29
42 -37
14 -21
16 8
0 26
-18 33
-30 -10
23 -41
-6 -18
28 -16
48 37
-28 -46
0 0
-34 25
-47 12
29 36
20 47
39 30
23 -39
2 -19
-18 -30
17 -48
-42 23
10 13
-4 4
-32 10
20 32
44 30
-22 28
34 5
-44 7
1 -13
-31 0
-22 6
-16 25
46 32
24 -37
-28 -29
38 30
-33 -48
-16 23
4 -28
-14 1
-2 -10
11 0
21 37
16 29
48 0
-9 29
-16 40
18 41
-43 45
8 -39
-39 -30
-43 -28
38 18
-46 -15
-34 6
35 -9
30 -19
24 -32
0 -47
5 25
25 35
17 0
-27 9
32 33
-46 -22
44 -33
2 -14
-30 12
-36 -20
-15 3
34 -8
-25 -28
6 22
-1 5
8 -40
-28 -24
16 -23
33 -13
-28 -32
-44 49
48 -23
7 16
26 -17
-33 15
25 -37
-44 -14
-49 -48
19 -30
-14 -22
-34 -38
28 -16
33 -46
-49 36
43 -47
-14 14
2 -43
44 17
-7 -15
13 -37
22 -38
36 25
-21 -46
25 -11
36 18
-8 48
28 20
-17 31
-13 12
47 -6
-17 -48
-25 -3
-26 -47
-45 -34
-3 16
-36 -10
-38 2
39 -45
-34 20
-2 43
-16 42
-8 10
5 5
-33 -12
35 -3
-15 42
35 -48
-32 22
-40 9
-43 -36
25 -9
-18 40
-39 34
40 -24
11 -23
-6 -17
-1 -45
14 -47
-2 -8
0 19
-40 -25
-15 -22
-11 -10
-9 14
-6 42
-39 42
24 -7
-5 -11
-29 -9
-34 1
13 -3
29 1
-1 -7
-19 -44
-14 -45
3 27
-7 1
41 0
7 44
29 -21
8 0
15 -40
37 31
-11 0
-36 -31
34 1
4 -11
30 -36
8 -29
-30 -6
44 43
-4 5
36 6
-42 43
33 40
10 0
34 -18
25 -39
-14 -34
-22 -31
2 -21
-27 -6
16 -49
-23 -42
14 -43
1 -44
-5 -32
29 29
-6 -1
12 38
13 -26
7 -35
11 -24
5 -33
-22 -35
-12 -38
43 15
38 -38
-27 -37
-29 -18
45 -18
-49 0
-36 24
35 -20
27 7
-42 -14
45 -41
-19 8
30 34
-49 -12
36 -11
-24 0
-45 -43
-22 1
-5 -2
40 -49
-26 -36
-17 21
-11 41
6 -27
46 38
28 -35
-38 12
28 -11
1 -41
35 -41
-37 -1
-32 -34
-37 -14
5 -15
42 -36
-45 33
43 -34
14 -40
25 45
-7 32
15 -33
-5 -32
17 -49
-26 -24
43 18
41 0
10 -12
21 22
29 41
11 -40
-18 -35
-32 10
26 -25
2 15
3 -41
31 -21
-8 36
22 48
30 14
-26 -21
0 -8
0 9
-2 36
20 -25
46 -11
-12 -38
-37 -7
-4 -40
0 3
-49 7
-12 18
4 42
-19 7
-30 13
19 21
-49 -7
-19 35
-25 -30
35 0
-17 39
-44 18
-15 -37
44 35
6 -41
48 23
49 43
-25 22
4 5
24 10
2 16
-13 44
49 -31
28 -25
-49 -12
-13 13
4 -44
0 -29
-6 36
22 25
44 28
-5 18
39 20
12 0
46 -32
9 29
36 0
15 9
25 9
10 18
-35 -44
45 20
25 5
-5 -18
-48 -45
0 -8
-23 -12
-48 -38
-6 49
45 2
-10 34
3 22
9 41
-2 24
48 -6
31 6
-45 40
47 38
13 -27
24 -40
-33 0
-32 -44
-40 33
3 21
28 5
-16 29
-8 35
13 44
-32 42
-19 30
36 18
-21 -29
28 -5
0 33
-15 17
-34 -23
-21 17
25 46
37 -41
6 -7
44 0
-7 -30
-15 -36
-28 20
-11 31
47 -23
15 -24
-15 29
-31 -7
34 34
38 -19
32 1
38 -25
13 33
-36 -22
19 47
-13 -12
19 -27
-21 38
45 20
21 -7
14 19
2 45
20 4
-48 -5
-2 -39
24 9
-47 38
9 -36
-19 -3
47 -8
-45 16
25 -18
33 42
-13 -1
-30 -21
-46 25
-44 -45
14 19
13 -37
0 30
48 -18
34 11
-38 5
3 9
-33 7
19 -32
-40 -5
-22 8
-7 -40
-22 16
11 21
6 22
-43 -34
0 45
-18 -16
-47 18
-5 -1
9 35
27 32
29 25
19 -47
34 -47
20 -31
33 -16
43 23
-45 39
-49 35
-49 -22
-12 -3
-3 0
9 49
-30 -4
-49 -47
-12 -31
-5 -19
-20 -29
31 -37
-12 3
-12 -28
24 7
38 26
-45 -46
-9 47
48 17
5 -40
17 -14
29 -36
49 -16
15 -41
-36 -31
-39 -4
29 48
4 -15
-38 48
33 -36
6 -5
-23 42
-22 -24
-4 37
23 -46
-23 -44
-41 -47
45 -7
-16 -24
-16 -40
-20 13
-29 -22
-26 27
34 -35
-3 -30
28 32
-27 19
-21 -45
37 -33
48 -24
-46 -31
29 29
29 42
-30 32
26 45
-26 11
40 -16
38 -20
-23 -21
26 -35
-12 13
41 29
-11 -7
-24 -5
40 -25
34 -20
-16 16
32 44
15 -35
-9 0
-3 -8
-14 -9
-46 -40
0 31
-47 49
33 -1
5 24
-21 17
-44 -38
31 14
-16 -3
-46 2
-23 -39
-12 -16
-41 -10
-37 -49
-2 -8
-17 23
-8 -46
-20 -13
-25 -45
17 0
39 4
24 -44
-4 34
-11 -16
-13 -27
-46 42
-28 21
-37 -22
-35 -31
25 20
-26 -6
1 49
-19 -37
-11 -1
1 -5
37 7
-27 -5
29 -1
-35 27
31 3
41 -2
-9 -19
-15 -35
39 -48
40 -13
40 -7
-26 29
-23 -1
21 40
48 13
33 -1
-34 -18
-25 -13
10 29
-16 43
-13 -39
-10 -35
15 38
22 3
-13 8
47 27
-39 -12
-39 48
4 0
22 8
40 0
-6 -3
20 39
20 -42
-21 13
8 -28
39 -12
21 28
-18 -35
25 28
-35 22
-8 -25
19 -14
26 -18
20 19
-32 -20
-27 -8
32 6
33 21
43 27
-6 -23
9 6
-21 -34
9 -3
-22 45
35 -32
48 -27
21 29
48 -39
49 29
9 7
1 8
-16 -37
-42 -41
36 -20
-2 42
43 10
-14 6
-34 40
-44 44
-6 44
-10 -35
-20 -12
-27 -37
18 -47
-41 -28
31 -10
-48 -24
-41 25
-12 36
-27 -8
-38 -14
47 3
0 -40
26 -30
-31 -44
1 -44
35 -16
37 27
18 -21
1 -39
40 8
-14 -29
-38 -14
-17 -43
36 46
37 -2
-49 12
-17 -9
43 -9
-23 -11
-32 -13
-36 -4
-22 43
47 -19
-42 18
-29 -46
-39 18
-11 -31
-42 -5
6 37
14 6
38 -32
-30 4
42 36
17 -19
-40 10
9 -41
-28 9
40 -28
0 -7
17 -19
6 18
11 48
-21 -27
37 -32
-48 37
-38 -27
-14 -13
-17 -40
7 40
48 18
18 44
38 -27
4 9
-34 -14
1 17
-6 -36
44 22
-13 24
-47 21
-11 49
25 3
-1 -24
4 -31
4 -2
-40 -36
22 -22
-7 39
-35 46
12 37
26 -3
-45 -8
4 40
40 7
-19 -10
18 16
19 -24
-26 -10
12 -7
-27 0
25 -5
-1 -15
48 12
30 -44
-32 -13
27 43
-27 46
-47 38
-25 -43
-43 8
13 -33
-19 -49
35 -7
49 0
-44 40
-17 -4
-42 44
6 -24
43 -15
40 -42
21 -28
1 4
-5 -42
10 -8
42 48
-14 -8
-24 43
42 -33
18 16
13 -37
-17 -6
31 -3
1 38
20 13
42 12
-44 37
45 -27
-42 -45
22 15
11 47
-2 -9
-14 22
7 -12
41 40
45 8
-45 34
0 25
33 -23
47 -22
36 2
38 45
32 -42
-14 -10
-14 47
35 -23
-15 42
33 -29
48 -40
-5 -18
4 -11
29 -24
37 14
-49 -17
-43 -17
-9 8
39 34
42 -34
-35 20
12 20
44 41
13 -3
1 -47
35 -19
-8 -31
-8 -13
30 0
-17 2
-26 -1
12 -27
-13 0
-18 -23
-42 -38
-34 10
31 -35
-49 49
0 14
-4 -9
9 20
-12 43
-28 -31
-25 27
-4 -8
3 1
22 -49
36 -16
15 43
-5 15
37 6
38 21
-35 -14
28 -37
-18 -9
-20 8
-26 8
2 -45
27 -6
10 9
-12 -3
-4 -7
9 0
0 30
-46 -34
24 -45
-47 -10
42 22
44 -21
-41 -13
-25 9
39 45
-42 -30
-14 -40
48 -13
-41 48
-42 -32
5 1
-23 -34
-21 20
-33 -3
4 -49
28 -16
-29 15
18 9
36 -41
22 7
-37 -30
23 -45
13 43
-40 18
-5 39
8 7
-13 -4
-46 5
-35 47
41 13
-41 -48
-2 -9
17 9
43 11
-29 9
-36 29
21 -19
-46 35
45 -39
43 28
-41 41
-3 31
-12 30
-45 -14
-11 11
-27 22
-35 -24
-25 -47
-13 -33
-41 1
31 -11
-6 -34
-31 -10
5 -42
-44 -26
-21 -10
28 -11
-33 48
-30 26
1 -18
-26 -38
-26 -25
-43 25
-32 -26
31 -22
-23 28
29 -6
47 8
48 23
-14 14
-9 29
5 1
21 29
3 -34
45 -19
-28 2
22 -37
18 7
39 15
0 -22
12 -37
3 44
20 45
11 42
43 -40
-49 -48
-47 -44
17 8
13 -13
21 23
43 -18
-32 35
17 -9
2 5
40 39
-35 -10
-14 -3
-14 -6
26 -29
-43 -47
41 -21
30 -11
9 -22
-19 41
-5 47
-34 -46
-4 -25
17 23
48 -49
28 -9
-22 48
6 37
15 -44
-25 38
-5 21
0 -38
29 45
-18 -22
