-11 36
32 -15
-3 -43
-28 -16
-48 33
44 16
-36 -43
-1 17
-15 -31
13 -17
-16 -7
-11 41
-35 8
0 3
40 -28
37 45
-47 1
-30 49
-5 38
-18 10
25 -22
35 -35
-33 32
-28 -4
17 0
5 -13
-43 -7
-38 49
11 8
-46 -18
-13 15
40 43
20 -16
11 23
-11 -30
44 16
41 -46
2 -20
-16 21
27 -45
-11 3
23 -2
-9 28
-16 48
16 -46
-43 -11
-11 0
39 25
10 31
-18 -40
17 42
-34 16
-4 -49
3 48
-22 34
-25 27
-19 -33
23 43
-25 -18
3 18
-36 -32
13 12
22 -24
7 7
46 41
-22 -38
-13 39
-8 -44
34 0
11 -3
42 34
-26 -1
28 -27
-10 -31
-13 -35
-40 38
34 -18
31 16
1 6
-40 -9
37 -11
-46 43
-12 43
-15 -19
26 47
-22 -17
3 -19
-3 5
-37 8
-25 -49
-29 -14
12 23
23 -23
-44 -16
41 -37
-30 33
-27 0
31 11
44 -38
22 44
33 44
24 13
38 -14
10 -25
-31 -13
-21 -46
43 41
13 -3
-9 35
15 1
45 45
19 42
-43 39
37 -21
-22 -12
27 33
26 -24
-37 -15
28 6
-23 -25
-20 3
41 0
27 41
-7 -32
26 28
9 -31
15 43
-35 -2
-42 25
-41 0
-2 -21
11 12
17 2
28 -49
30 -46
-8 5
-8 10
-31 -33
1 44
-35 -45
-49 26
6 18
-12 0
28 -6
-17 -27
27 34
20 -37
-42 9
13 37
-46 14
-23 28
37 0
1 23
-24 11
-17 29
-22 17
32 31
-26 -22
-2 16
22 8
-16 -46
35 23
15 -29
13 10
7 36
-44 45
0 -10
-33 -42
-28 46
-38 18
31 -7
-33 25
37 35
31 43
-37 -24
-7 5
-19 -9
-32 10
-29 -8
25 -11
-19 22
-48 22
-20 32
8 5
19 24
9 -26
-15 -39
46 43
-3 6
30 -9
-7 -5
-17 44
18 -25
-44 -27
-18 -48
-17 -45
35 35
3 -5
19 9
-1 -22
32 26
1 -42
4 36
23 47
1 -5
-41 -4
32 -7
35 33
39 -1
-26 -19
-24 21
-8 33
-40 -1
-19 -16
41 -37
37 20
9 40
-24 -21
-33 -33
33 -37
27 -30
-34 -1
17 0
6 -4
-13 29
36 -14
47 -49
-17 -35
3 15
-49 -9
16 -12
-25 33
21 6
-10 9
-44 39
6 24
-21 -20
16 -24
-38 -25
11 -35
30 -5
45 30
35 15
31 30
-8 -2
0 43
6 18
8 15
2 -31
21 -30
5 -5
-48 -27
-41 31
-23 48
-30 -44
-5 6
25 -1
40 -16
4 8
9 6
-46 3
-31 -36
42 43
26 -42
-32 -48
-5 18
47 -23
-29 -37
-35 4
7 10
-27 38
21 -39
-21 -37
-12 0
-27 39
-39 35
-13 13
22 -45
21 39
-44 44
45 -35
22 -20
-6 -6
0 2
10 -18
-2 -18
-8 -27
2 13
-39 -8
-12 9
46 -31
0 31
33 28
39 24
33 35
46 -13
-48 30
-21 -11
40 19
-32 18
-28 9
20 -11
19 -12
30 -6
24 -38
15 23
-4 -39
45 6
-4 -11
30 20
4 0
-20 -16
-31 34
0 -32
0 6
-14 43
-42 -18
7 -29
37 42
-44 -11
-34 38
-26 -26
38 -34
-44 18
-38 17
-25 3
-22 48
-2 0
-30 6
4 22
-46 30
-38 32
3 -49
-46 5
48 0
-21 -6
-8 14
-19 -29
-33 28
19 -48
-30 1
-10 34
6 -7
-38 -24
-49 19
38 -33
35 -38
36 -3
-3 -44
47 -33
39 28
-32 -22
30 -20
-17 -9
-20 14
46 12
-10 -21
22 -7
-17 -12
33 -39
0 23
-47 -33
33 -47
48 -27
14 -9
23 1
-32 22
2 -17
-48 3
-17 -13
-37 -27
0 -36
30 -35
-34 18
-18 29
-17 -31
-14 -8
-3 17
22 -37
19 8
5 -19
39 35
-29 -44
49 40
23 -41
5 20
-29 6
39 -32
-26 -2
-5 -18
39 -34
16 -39
-30 2
40 42
17 -3
-31 -23
-24 -6
-15 2
6 -45
46 20
-10 -44
-19 30
47 -9
3 -33
33 10
38 -30
-48 26
36 -45
48 40
25 14
-42 -22
-48 14
15 -24
0 -1
12 0
32 -4
-35 10
-45 10
-24 -6
4 -15
36 26
-28 5
-9 -4
25 -45
16 27
33 0
3 36
21 -10
42 9
41 -38
-9 47
-18 42
-30 35
18 22
32 38
-40 -49
34 -17
22 -7
-33 -8
45 12
-42 -30
-13 41
-22 33
18 -18
-25 -3
-47 -24
20 -17
-20 -44
-20 -46
-22 34
-6 -16
35 -45
33 -26
24 -21
-8 -17
-21 5
-42 39
-34 47
10 0
-16 4
21 -31
-30 0
-2 -11
16 0
1 37
29 -22
43 23
28 17
-44 26
-25 48
-20 22
-23 49
44 -20
-36 18
26 3
-7 41
11 20
49 24
-10 -44
3 -28
-23 -21
-22 34
20 27
-36 -2
18 -5
28 40
-22 11
46 24
-46 25
-49 -3
46 -48
22 8
32 -28
25 46
28 -5
19 1
6 -26
-38 48
-13 -9
17 16
48 -20
15 -10
4 -10
-44 38
17 -35
-22 36
18 -1
41 40
4 43
-17 -21
19 -3
-20 -28
6 42
22 -38
15 14
-26 6
9 -18
-20 -7
32 39
-34 7
-22 8
-2 3
-25 -4
15 13
-24 -21
-35 -22
-25 0
28 -43
-19 -34
-14 -31
15 16
-7 -9
-35 -34
45 1
-17 32
-13 -37
27 0
8 0
6 -42
-47 -26
42 -34
0 -5
-20 -1
-37 1
27 -45
-32 13
-33 -42
19 -18
-45 -41
9 39
-49 -13
-40 -17
-24 39
30 8
-22 -43
-39 7
-3 3
-41 -40
-23 -45
-30 9
-37 36
14 -10
-7 0
0 10
14 -22
-43 45
-45 -49
-37 -47
34 36
2 -31
46 39
39 27
-4 -16
24 -15
-23 -41
2 -31
-26 -27
-37 -19
-46 -12
39 -23
-3 -33
0 34
6 23
46 44
35 -11
2 -25
25 -26
-5 -12
-44 0
7 -9
-3 1
-27 -12
-3 -2
20 22
-39 -48
-25 22
38 -22
49 -2
16 -13
-14 27
-30 -15
-4 -2
-39 11
-32 21
-22 -18
-35 -36
19 -29
-36 -23
19 -12
-22 -17
20 41
-26 37
40 -42
0 12
14 -31
-35 -1
-48 31
8 34
37 -9
8 4
-11 -45
-41 36
-17 -20
-16 34
4 44
45 -20
2 -16
-37 -17
-27 -20
-48 -10
-4 27
-20 39
6 9
23 -21
8 43
-40 45
13 21
33 -12
-15 15
30 -27
44 17
10 9
34 -43
-23 42
15 -17
43 36
0 -29
-22 1
-9 47
3 22
-48 48
-34 0
-26 -22
20 -24
28 10
-13 -42
41 42
22 14
12 3
32 1
9 46
29 49
6 -14
5 9
23 24
38 -23
48 -6
17 6
2 35
-36 -9
-21 49
36 -16
2 1
4 -37
-46 -43
34 44
46 -14
-40 34
-38 6
-1 -1
-42 2
18 22
-11 -27
11 -48
-1 -7
-21 37
48 -13
13 -36
-28 20
-12 -37
-43 0
-7 -16
-30 -25
5 42
22 -3
-19 -30
-32 -25
28 -22
3 3
38 -38
-12 11
23 33
10 0
-31 -44
-20 -19
-32 -3
-4 44
-18 8
13 -8
-6 42
38 -33
0 -29
-37 45
-25 4
16 -32
-4 10
26 28
10 45
36 -37
-37 1
25 -39
-4 -17
40 38
7 -34
-40 -10
-25 10
41 5
-11 5
25 31
27 23
28 -14
25 -35
16 -10
29 37
-47 48
-12 0
-29 0
-16 -41
-2 -4
14 -44
21 -3
17 45
-23 47
35 -33
-18 -6
0 -33
17 3
-19 42
-42 7
3 -45
32 49
11 2
-28 -11
38 -5
-22 49
9 -37
47 33
19 14
47 -41
1 -7
-17 -15
35 -47
-24 17
8 4
11 49
-32 26
5 30
44 30
32 -11
28 28
-13 41
9 2
-36 -37
-48 15
-7 44
47 -49
26 29
42 -22
-45 9
-33 -31
0 40
-31 -5
-7 1
37 22
-20 -34
-41 24
49 18
19 3
21 -42
23 -26
-19 -5
-9 43
-5 28
31 44
-42 26
-42 45
31 1
1 -31
-32 18
-4 2
-37 -39
-10 -39
43 -31
34 1
-10 1
-25 -46
39 38
-11 41
12 -14
-8 10
34 -36
-2 6
34 10
-44 7
47 7
27 -22
-15 -23
-35 39
-24 -23
-38 -27
-44 10
-10 6
0 36
43 40
48 -42
-10 -41
17 -12
-2 -31
40 -20
-3 18
-2 14
14 -43
-47 -3
-23 24
-32 4
-29 -19
-33 -26
42 32
-27 -10
35 48
18 37
-12 -6
-25 -18
-18 10
-26 -28
-29 -7
-26 -18
0 -7
-45 23
46 -4
-21 -5
-27 -46
-20 32
-43 -26
48 -21
-21 -15
31 -46
-4 -27
-9 9
24 10
-27 27
28 -45
-19 44
14 -42
-37 41
39 43
43 6
19 -14
-49 -28
2 32
17 24
4 18
-46 -2
39 43
-30 11
9 11
36 31
-11 43
-42 -42
14 34
-42 12
-6 -27
46 -31
27 -35
40 43
10 13
23 -21
-34 27
-5 -22
-37 25
-28 23
22 8
-3 -7
3 19
-6 44
-43 36
-17 -11
-15 38
7 -41
29 21
47 13
12 -12
32 31
-31 -25
26 -2
42 5
-42 20
-37 -39
9 -49
-26 -9
-39 -27
-9 -44
22 -49
8 14
3 12
48 5
-30 32
5 -12
36 -47
33 20
20 -40
44 -40
-20 -18
-21 34
-18 15
-30 -33
-25 -48
-26 28
0 -24
-10 -32
10 -44
1 -10
-17 33
48 21
-25 49
-29 -46
9 -11
-10 0
-19 -12
34 -34
10 23
-10 39
-15 -38
21 35
9 27
21 -24
-28 -47
21 -8
-49 -47
-26 18
-18 -42
-8 48
-15 -9
-44 -44
26 38
-3 43
-37 21
36 -8
-17 -1
-24 16
-36 -27
18 -37
-12 -2
9 30
-39 -25
28 -8
-34 -46
39 48
2 25
-7 -40
-41 -5
46 32
-39 -22
21 16
38 -49
-5 20
-26 16
8 -43
37 11
11 0
-20 7
45 32
2 -10
45 -25
27 13
-19 -19
-22 47
16 5
9 11
-9 -19
-33 -1
-23 -28
-49 -26
37 -23
18 -20
16 -32
37 -24
25 26
-38 -44
9 -46
-2 -40
-7 -32
45 13
-41 9
42 -41
-16 1
3 40
0 -34
30 -45
6 44
17 2
-17 5
36 43
-36 -3
-45 -31
8 -19
13 10
-3 22
20 -49
26 -45
-12 49
6 48
29 41
0 -10
29 -14
31 19
-1 -18
-11 40
-17 -37
-18 -30
10 -15
28 -2
-49 28
-22 1
4 1
-8 25
-30 23
41 -23
-2 5
-48 -29
19 42
27 -42
25 20
7 26
46 40
0 -34
-27 33
20 3
1 -3
-16 34
31 -33
-20 23
26 -42
-31 -21
-2 -19
1 38
31 21
19 0
1 -39
9 -47
44 41
23 18
24 -15
-18 -12
39 47
-1 -24
-33 -10
36 28
-45 30
25 -37
43 -21
0 26
-23 28
-24 -17
36 31
-14 -39
49 3
-34 15
37 31
-37 -17
7 11
42 -26
39 -16
11 -12
-16 3
-18 -38
-18 25
-18 -9
8 -9
-30 -30
43 38
0 6
19 -12
-18 -35
43 3
0 -47
34 0
-12 -25
-1 -29
-25 29
-32 29
44 -41
31 40
49 -46
-8 2
-38 15
-48 -36
-39 27
-39 49
36 -12
38 5
-26 -5
-26 6
10 41
-9 -49
-48 3
11 -8
-11 42
43 31
1 -27
7 -13
13 -45
-46 -2
28 49
10 34
0 35
0 -20
-16 -22
-35 31
-34 3
-31 -4
-9 41
10 -45
5 -14
-12 18
-28 40
-21 -13
19 3
-33 -2
33 9
42 2
-40 31
43 -10
-35 -3
28 37
-23 27
17 -33
43 49
24 -45
-12 -47
-36 -10
0 0
26 -20
-33 6
34 -34
32 10
1 -30
-40 35
-12 37
9 -47
-22 29
-33 18
12 -40
-11 20
-25 9
26 25
37 -32
23 -11
40 22
20 -14
34 -42
-20 -6
-36 -17
-26 39
-40 -3
34 -34
-42 -46
-2 44
0 -29
-40 -29
-39 45
45 -40
5 18
4 15
-12 8
37 36
30 9
29 42
16 17
-12 -17
19 -22
-47 4
10 27
48 -22
0 -6
11 6
11 -35
-49 -38
-25 -31
-36 49
34 -33
-6 31
32 0
-37 7
-30 -4
21 -6
3 10
-13 43
-32 -7
11 -25
35 33
11 11
-48 23
12 -1
-19 -43
-44 39
0 -30
48 -40
-5 26
34 -39
-12 36
-27 -44
3 -35
-2 44
-43 -11
11 -28
-4 -44
48 -37
-2 43
-33 20
20 11
-37 -34
37 -21
31 -15
27 9
-48 -33
46 24
-28 1
-37 -24
42 -31
49 -36
-42 6
2 49
-27 -34
-17 48
41 20
15 47
13 0
27 7
49 31
48 31
-25 -12
19 8
-14 28
0 18
-41 4
23 -4
11 -28
30 23
-41 19
-1 16
18 11
-3 -6
25 12
12 11
18 0
42 -17
37 8
-14 20
26 41
-36 -12
-37 27
49 46
-13 -21
25 24
-7 7
-33 -27
1 28
16 38
-22 -20
47 5
31 -6
-42 -48
5 -10
-40 25
-6 16
-4 8
-9 -18
8 43
-26 -33
-33 -20
-16 9
34 -11
27 -34
-13 6
2 39
-26 1
36 -12
20 22
45 39
-47 -8
41 -2
39 -17
-47 -14
29 -23
-17 16
41 -32
7 40
0 25
-8 20
36 -38
4 -45
25 -22
47 9
-14 14
28 19
-44 -13
-29 10
-41 40
10 -27
-44 29
15 5
-42 8
-38 14
49 -10
2 -18
1 24
6 9
-48 -37
-16 -48
-7 29
-44 -31
48 -2
42 5
-10 33
-10 35
33 35
-29 -23
-34 -16
-38 33
36 12
-40 27
36 31
18 32
-25 -42
22 7
-31 39
4 -44
29 -18
20 24
11 46
6 21
27 46
-45 37
19 -20
45 0
-28 -32
-42 -39
47 0
29 38
-39 -27
-9 30
39 -10
11 -45
-22 34
38 -9
49 32
28 31
-42 45
39 -15
-44 -40
19 -38
48 -2
15 -42
-42 36
30 0
25 -7
-28 21
-23 29
-32 45
35 -12
-12 30
-3 -21
-43 -43
-33 -31
28 49
-3 48
16 -36
-16 -21
28 -49
-10 -48
-43 39
-38 -33
37 39
-37 -31
43 42
14 30
37 9
-40 -10
25 34
9 -41
-43 -23
-19 -40
-15 48
-7 0
49 31
-18 21
-46 -44
-12 27
16 33
-17 -41
44 42
31 -43
-26 2
38 0
45 31
-35 43
9 13
21 35
1 -34
-16 -24
-11 -15
18 -47
-19 -40
29 25
-32 8
44 -1
-20 5
-33 34
-36 -12
21 14
48 -48
-21 42
-22 40
-16 13
11 6
-21 -19
44 31
0 -12
17 -46
17 1
0 9
22 -34
-31 -49
44 6
-47 -43
11 -30
-21 -34
24 -13
20 18
-11 25
-12 -22
-43 2
-40 22
16 25
21 21
18 -30
0 27
19 -28
-38 -13
43 7
-26 -35
-27 17
-6 -25
-1 -21
-31 -41
47 8
22 -23
29 35
-5 32
-25 -23
-14 47
-15 38
0 41
-34 42
-5 -39
30 13
-9 -10
5 41
-1 -14
28 -33
47 20
12 -45
38 19
33 -19
35 -6
21 31
39 -34
30 46
-45 -21
32 27
-38 36
17 10
-32 31
46 -8
1 23
17 48
20 41
-38 -23
26 -31
-46 -13
18 49
11 -34
-32 26
36 32
-48 -5
-20 27
17 -5
46 -2
-44 23
-8 47
-1 -36
4 0
-38 -24
-1 1
9 2
-36 2
-10 33
-6 -39
-48 -8
-25 22
-45 -12
14 49
-1 -41
-4 0
10 -24
42 6
-24 -14
-42 24
-40 -24
-12 -10
29 3
4 -32
-22 -25
18 -45
39 -44
-38 44
-46 35
-6 -6
-18 44
13 20
35 41
-13 -6
41 -38
-13 38
29 -15
5 -22
-37 -31
-25 19
-1 25
-19 19
43 -7
36 -27
-45 -44
36 49
-48 42
-21 11
44 12
-12 0
-9 -42
-15 -37
-30 -38
23 47
-46 -48
-49 22
-12 19
-25 -41
-43 22
-39 -10
-11 -14
-32 38
4 12
-18 -29
-44 32
17 45
-25 -30
-11 -37
29 31
12 18
-17 27
39 35
48 45
-16 29
-6 5
45 -25
47 3
-14 -38
-24 13
31 -40
5 37
2 -33
16 -18
-26 -9
5 -45
-28 -31
-48 -23
39 -10
37 -44
-6 -1
-32 -30
6 26
40 -46
-45 -19
-13 -45
-4 -44
-9 28
-6 25
40 46
-37 -29
-31 26
-14 -25
-4 3
45 -1
-38 -5
24 9
-22 44
37 -5
-15 13
23 29
21 -32
49 19
37 -41
-29 -49
27 -6
-28 -1
6 2
2 -17
23 -26
-37 -5
7 -46
-5 -10
33 40
14 -47
8 -22
-32 40
28 15
-36 -5
-15 49
-37 -3
0 -38
-32 -29
0 43
41 0
-20 -26
-43 -14
0 49
7 -29
-5 41
21 -19
-8 -32
-43 3
44 11
16 25
9 38
0 32
24 -42
-34 32
15 -8
20 16
30 8
21 40
-23 26
-38 36
43 21
4 -10
21 -32
45 41
46 -24
19 6
-37 38
-16 -43
44 34
36 -33
32 -35
12 44
-18 6
-21 -2
-8 -6
-12 4
-23 -7
45 -46
-19 -11
-2 24
26 7
-19 -46
33 37
-10 26
41 6
-49 -16
-10 -16
29 -9
11 -36
-6 0
46 -31
10 19
25 -24
-31 -20
-45 46
19 -7
-9 -11
-12 0
46 7
-11 29
9 -25
39 -43
-45 16
17 46
36 4
26 -48
40 -34
36 -20
3 -7
-37 -3
-32 -18
35 17
-12 9
12 17
-25 -46
-1 -35
-30 -12
-11 -25
22 -42
0 6
0 -26
0 4
-47 -5
-39 -13
-31 -9
35 -30
43 -12
-23 -17
-44 20
-48 -33
-23 -24
-47 -44
-6 24
49 16
40 15
20 17
-20 45
-8 -33
42 -5
6 21
24 -19
-7 44
-10 -24
-2 -15
2 7
-24 -39
-30 -38
6 -11
-31 0
-20 -42
-46 49
32 38
35 -33
-36 35
-18 -16
-9 44
33 13
36 6
4 -42
24 -30
0 -6
18 -29
16 6
-46 -22
-27 -2
9 -4
-23 4
-1 40
-37 19
0 -42
2 43
0 15
-33 -25
-5 -22
17 -40
17 -11
17 -33
-13 40
44 -46
-17 44
-16 31
26 1
-10 -5
25 22
-14 8
-14 13
-15 17
10 49
-31 -1
-27 26
45 -44
-35 -25
-37 25
-14 38
-19 -42
42 38
13 22
-3 1
-34 -5
12 -45
-30 -23
-9 25
49 47
25 -12
-44 18
28 11
-23 28
-1 -48
-34 -34
-13 25
26 -18
48 -31
-39 9
-2 -20
13 -33
38 47
-42 39
3 -8
-3 22
28 -2
30 37
-22 45
-17 -43
45 -33
-26 -31
3 -48
40 10
4 -32
-5 -20
-10 0
-47 6
-35 46
33 -42
-32 46
-48 -40
-22 0
29 19
19 -14
-47 21
-17 42
-20 40
4 -19
-37 -3
49 -20
-39 29
-2 -35
6 17
-38 47
11 15
-42 43
48 8
11 14
-7 11
-13 49
-44 48
39 -40
-26 -46
43 34
45 21
32 -28
15 43
31 -7
32 10
-31 44
48 43
-26 -35
32 -17
-9 39
-45 -11
25 -44
20 -36
11 -36
12 26
19 -36
32 -9
12 -28
-20 4
26 18
-39 22
-26 -7
-17 -48
-39 -44
-13 11
-46 48
-33 22
-2 -14
47 -22
3 -4
29 25
-37 46
37 -48
-17 27
19 24
0 21
-28 -30
16 5
-7 -7
-45 -18
-13 19
8 12
39 -18
3 -18
47 1
-3 48
49 -7
33 9
-32 34
16 0
-41 2
-48 -19
-7 14
18 -25
-9 -42
-43 16
-17 33
41 -42
14 40
40 -46
-5 -18
43 44
48 -8
-30 -26
-36 18
46 -29
2 7
-32 49
19 -26
40 8
33 -19
24 46
-4 7
-47 29
-45 39
-25 23
16 -46
-17 46
23 -11
30 25
-37 22
-41 -21
1 -14
-31 -38
-36 29
-39 4
-40 -15
-5 9
-45 -18
19 2
-34 40
43 -6
3 37
-17 -14
-4 -46
-8 15
-4 26
16 -14
30 -7
-30 -45
25 -11
-18 41
-46 40
29 48
42 -41
-17 -1
42 30
-12 28
40 41
11 18
33 -17
44 -20
-4 9
15 -37
-5 -46
-29 29
-7 45
-42 -1
31 -39
-12 0
-19 11
-43 38
33 41
-4 -20
-30 0
26 5
6 -46
37 -17
45 16
49 -1
-40 39
-27 21
-43 -11
-46 -2
-42 7
16 4
28 6
-33 17
39 -9
-12 20
-24 34
-7 22
-43 0
26 -6
39 -47
15 43
13 -17
11 7
-29 20
21 -28
-19 34
-19 32
13 -34
10 2
28 -46
12 11
-8 39
26 -15
4 14
-35 -20
-22 0
33 -33
44 2
33 30
10 4
8 -41
-3 -47
-2 -47
-13 40
44 -38
-15 -39
-20 -7
38 -8
-36 7
-31 -30
7 29
-20 -46
-2 43
49 -32
-27 -43
-20 40
-13 22
34 14
16 10
-1 16
-5 6
-25 12
5 -1
-17 -13
49 -13
18 -22
46 0
27 0
49 -31
-38 -25
-27 48
29 -40
4 -7
-25 31
13 40
1 47
-6 -23
41 30
-4 -1
21 0
-40 3
-46 -40
-33 -16
29 -2
-20 -4
14 -40
25 -28
6 -48
-25 32
-18 10
4 -1
-14 3
41 27
26 22
43 -39
-6 -29
39 -44
-4 47
32 14
15 -1
46 -4
18 28
33 19
22 9
-30 38
-28 18
2 19
21 -44
-5 -33
10 -20
-41 41
11 14
-24 12
23 16
