29 15
12 21
-46 9
39 45
-24 37
25 22
0 15
0 5
18 -8
46 -14
-13 -16
-16 -17
2 47
-20 -6
-43 -11
-12 -1
23 1
43 26
-22 -27
-20 -19
9 -21
38 28
22 0
-31 0
40 -41
-4 -32
-38 -15
34 -29
23 39
29 -29
19 46
3 -18
35 -39
-26 -44
-2 -2
0 8
-4 -46
-46 -9
-37 -34
6 32
40 -15
31 40
-39 16
18 -33
5 10
40 -12
-4 18
-27 -49
37 -41
-27 47
-12 -41
-8 -13
-10 9
-3 -1
3 29
-40 14
-20 39
32 3
16 11
37 41
12 42
-13 -4
46 36
-24 -5
-8 -42
34 -47
-21 20
-26 49
-31 -41
16 -11
-29 -22
20 44
17 -22
-40 19
-9 -41
-19 3
28 -18
-41 7
43 -7
36 18
45 20
-18 -32
-9 10
-6 -46
7 7
-36 3
-43 -28
6 -13
-29 6
24 5
-21 46
-19 0
-6 43
18 19
-42 5
-34 -27
-49 -47
-11 -14
0 18
41 46
-19 34
1 -17
-42 -14
-40 -25
-11 -9
-17 -48
30 26
-4 -45
-28 37
-32 -34
-43 12
18 24
11 -48
40 -21
17 24
-4 -35
-13 -27
41 -30
47 -46
-26 29
-27 -38
43 -39
1 -6
17 19
36 23
42 -18
39 -6
-11 43
-45 0
11 -1
9 46
-8 49
3 24
4 46
-36 -43
41 21
-1 -23
17 19
25 6
1 -37
-11 -14
41 11
-10 7
13 14
24 -30
-36 11
28 14
19 -4
-34 7
2 -3
30 25
32 38
-15 -18
-20 -14
13 16
22 -27
-4 37
-30 26
-42 -34
18 -19
5 -43
-17 47
-26 -29
37 19
-37 15
-48 -8
0 -24
-7 -9
-33 11
-39 6
-23 37
-39 -8
-46 -47
12 -26
-37 21
-21 0
-35 39
22 -16
-17 -4
20 -45
-30 10
3 -1
17 -43
-27 34
12 12
-37 -36
-22 29
3 -25
-20 9
30 49
24 -5
4 42
26 -34
-5 44
37 -45
27 -29
0 36
10 16
18 39
-28 27
-49 -16
2 33
3 8
-19 -31
25 -20
-16 -1
22 8
-42 -2
-34 -41
-38 34
2 -22
-1 20
-21 -37
3 40
40 18
20 3
33 -43
-25 -13
-35 -9
20 24
14 19
-19 34
-33 -37
-15 14
29 -46
-26 -7
-10 -47
-29 10
44 46
8 41
-27 45
-21 -30
14 -16
45 -1
16 44
27 26
11 7
46 -9
13 21
-12 -32
-16 -46
17 -31
37 -44
20 -9
-16 22
-22 -15
16 -18
-42 38
-37 -33
-33 -3
12 -10
-2 47
8 -6
23 -7
-13 40
3 45
-18 18
-5 30
31 -1
39 -19
-26 23
47 -45
-14 -17
-24 -23
-9 -1
17 23
-24 -2
40 38
38 -26
-5 -44
39 1
23 -38
-39 -32
28 -6
32 1
25 12
-35 12
30 25
17 1
28 -20
17 36
-27 27
-2 39
43 29
18 -1
25 7
31 -12
27 -4
-34 19
-8 -26
41 -2
-1 -2
-20 -43
18 44
18 21
-2 -22
48 -1
-10 -14
-38 39
49 -34
11 -3
41 39
33 -28
47 -45
-8 49
-42 -34
-10 -47
-49 29
44 11
19 37
30 12
-35 -45
-13 -13
27 40
-5 -31
-35 -37
17 28
25 -25
-41 36
-41 -31
-44 -28
-18 -49
41 17
10 -6
35 38
18 49
28 7
-27 7
-39 30
-11 -31
37 -47
-10 -7
-14 -31
35 -31
16 21
-12 -7
-9 48
2 24
38 2
41 21
-38 46
-38 5
29 16
-6 18
-10 -38
-18 -29
46 9
-21 -13
-42 0
-42 36
-3 -13
-46 -41
-29 28
-27 48
-41 -22
-43 -44
-37 -47
-33 -6
42 48
33 -46
-37 7
15 -6
15 15
16 -27
27 49
-26 -7
-30 7
30 28
-47 1
12 37
0 -5
-33 44
35 -19
-45 -23
32 -24
-42 -4
48 15
15 -35
27 -11
32 26
35 37
-36 31
19 -5
35 -10
49 -17
-15 -48
-4 39
48 -33
-8 -34
16 27
17 6
38 -11
28 -2
-38 -35
24 0
23 -38
-17 -46
21 21
-2 33
41 -35
23 24
4 39
49 6
37 -29
27 5
-9 -8
-21 0
31 18
-47 4
-43 18
10 18
18 32
-36 -34
7 29
4 -38
13 -47
12 47
-37 -19
-4 -1
49 48
32 18
-22 -30
9 -11
-20 14
26 19
18 10
-26 -38
-44 -33
39 40
21 -30
-6 49
-24 -7
-33 3
-18 -26
-14 49
21 29
12 34
-28 30
-18 40
33 -27
17 -20
-4 27
32 -9
-10 25
25 2
-4 -25
0 29
-4 -49
27 -44
-7 34
3 -24
-14 0
40 13
24 47
35 37
5 8
-9 26
3 22
15 21
25 -18
0 7
18 -5
3 34
-2 35
20 -12
41 31
-4 -48
-42 49
39 -14
26 -45
3 -20
42 31
-38 -27
0 14
-42 -39
-26 31
-47 47
-14 22
-4 -32
2 37
-23 42
16 33
37 5
-38 39
-22 12
17 36
44 20
31 -47
-15 1
-34 -3
19 -32
30 26
38 -20
-33 37
-4 -5
-8 -11
-25 -25
1 -6
17 49
-29 -2
0 -19
24 39
18 20
17 1
-39 -10
30 -18
45 43
-11 28
-19 -26
7 -15
-21 -36
-9 -42
18 40
-48 -45
-49 26
-21 41
-19 18
16 4
-22 25
-39 -15
-32 49
6 -29
30 40
-33 -6
-28 -1
48 -34
24 48
-15 -43
27 4
3 -28
11 -15
-8 19
-5 31
-6 26
-21 -22
7 -41
21 3
-41 43
19 1
-37 -18
21 16
-23 -32
8 16
-42 -12
-40 -28
0 -24
-1 -23
48 -17
26 -27
-5 45
34 42
-6 33
-40 -18
-5 -27
34 22
43 -15
20 16
-7 10
-4 21
-45 -1
-43 49
41 46
20 -13
-33 -19
-5 30
33 -47
-23 -30
-30 -5
45 39
-20 -29
23 37
43 -13
26 -34
11 15
-22 23
-32 -22
14 32
-31 17
4 -21
9 -20
0 43
-43 27
45 -35
48 -40
7 10
-19 -48
30 33
2 48
-18 -14
-15 9
28 32
-48 -35
-19 7
-35 9
37 -31
-19 8
10 41
32 -1
14 6
-14 -48
-8 -29
28 29
-2 -16
19 11
-48 -44
45 45
-19 -24
-39 -10
-26 -9
-15 -19
24 30
42 28
-43 13
-45 29
27 -30
-25 0
49 41
14 28
-11 13
32 30
-11 43
-13 48
30 -10
10 38
29 -12
5 6
-26 14
-35 29
-40 -6
-17 26
-31 -15
-23 -33
44 5
-1 26
36 -10
30 33
23 -44
48 -6
-26 41
-31 41
-29 -27
8 -13
11 1
-14 48
-13 -21
0 -18
-44 16
-31 1
-16 -40
-41 25
19 23
-19 2
-22 14
-49 0
-46 -26
-34 -18
4 3
-16 -27
18 -26
15 15
25 -33
-3 22
-44 -26
19 11
-20 -19
-48 41
-40 19
-12 -17
4 -37
35 -46
46 -33
34 43
43 -47
-46 22
-13 17
-49 20
-13 27
-16 7
28 33
-9 -30
29 24
6 18
42 27
-26 12
-45 -9
37 -38
-35 36
-28 -32
49 -33
30 -20
11 48
15 15
30 -14
22 32
-4 7
-39 32
27 48
39 -24
-27 37
-13 -17
-38 -12
-12 17
-14 -45
25 42
6 47
-3 -23
-1 -44
37 28
19 41
-10 -34
32 10
-23 2
-3 -43
-4 -31
44 -13
30 18
-39 24
27 4
10 -13
12 23
13 -30
1 -31
2 -15
38 7
-3 8
-41 8
-17 -23
31 -7
44 -27
14 -13
38 0
24 -12
26 -49
-35 16
39 -34
49 -37
8 4
-2 -17
-10 29
-47 -2
-16 -19
10 -15
6 -14
-39 35
49 31
23 -33
-48 49
-20 33
37 25
39 6
-17 -18
21 -23
14 -14
-9 -1
21 -36
-26 28
12 20
-30 46
45 19
-30 8
-30 11
-49 33
38 44
13 29
-33 -31
24 -40
-15 3
-32 39
5 -9
15 -43
-31 -14
21 39
-24 -23
-37 12
11 42
-15 -18
-27 -30
-33 -27
-8 42
-26 -35
-7 41
45 -6
-15 18
-5 -10
8 -47
45 -17
42 -5
37 22
1 21
2 28
13 8
26 -3
-1 17
-46 14
38 -14
-1 -48
44 46
32 -22
-8 5
14 -28
21 -11
19 42
-34 -9
5 -9
-41 20
2 -49
-8 -6
13 -32
37 22
-8 -42
-38 -37
2 -45
-35 -42
-12 -15
-5 24
8 0
-44 -34
-10 26
47 0
-8 -23
-18 17
3 -40
-11 47
-12 8
43 21
-21 7
-44 -1
-26 -47
-7 -29
-16 -37
-10 36
13 -49
14 -19
8 48
6 22
17 -49
25 -44
42 -6
41 -22
-41 -17
-35 -28
-29 44
-8 -36
14 19
-10 -18
-10 29
34 46
34 -31
-17 -30
27 -22
-3 10
-45 -34
37 12
31 12
0 -45
-12 -22
2 23
47 13
24 13
-7 29
-30 -6
14 5
31 -25
-12 9
47 44
26 -9
-25 -36
38 26
-33 -31
-32 -22
-28 43
-17 9
-4 13
3 46
11 -49
27 -7
-31 36
-20 49
32 44
-45 8
48 47
-31 -45
-13 -44
21 -11
-17 -3
-27 -32
-17 -41
25 -49
24 -12
-35 -4
-37 9
-8 11
31 29
18 41
-35 6
-21 -40
45 41
-23 29
-23 -14
31 -28
33 -22
46 11
-22 46
23 -24
-48 49
26 9
15 -30
47 -35
28 -48
-2 -23
-8 -21
-25 36
13 11
39 -3
25 -49
-22 11
23 39
-40 -49
31 -10
-19 39
-27 28
26 17
33 -4
0 9
-5 45
-36 -11
-11 14
-35 29
-32 7
38 15
9 46
-41 26
7 24
-45 24
-2 37
5 -18
4 -19
29 -47
29 -3
-19 21
-7 -49
16 -2
-48 0
44 8
3 -6
0 0
-10 -8
14 10
29 -21
-14 -21
-27 -35
28 -48
-9 4
46 -12
15 12
-44 47
3 47
6 -14
25 -29
-29 10
-28 43
-18 27
22 -22
-5 -41
-37 -33
-19 4
-11 -49
-42 -45
38 -5
-25 7
-24 29
-47 -10
41 45
-42 -7
-40 48
-28 -40
-28 37
-38 -38
-4 43
46 7
-4 12
20 -4
29 -15
-46 36
-28 5
-35 -2
-33 14
24 11
-5 -24
10 38
-13 23
-12 -4
-24 6
-17 12
-10 -25
44 5
29 -35
-48 36
-19 -2
27 -20
18 -42
8 -39
38 -20
23 -27
-15 25
2 -25
29 32
34 46
-29 -13
-4 13
-37 30
23 11
8 -11
22 12
-13 19
-30 27
19 48
-38 -36
-12 -33
13 -16
-37 -10
-42 -44
33 -8
-10 14
31 1
42 26
-33 -10
-41 11
-33 -23
40 46
-47 -43
-2 41
-43 6
-21 -5
28 -39
0 -7
18 48
13 34
15 27
3 -11
13 -22
-42 -28
-21 28
-49 -35
12 -5
-40 -44
-44 2
32 -24
16 -39
-19 -33
-7 29
-14 -12
26 -32
-33 -9
49 -46
43 -15
-19 -29
-2 -21
-35 19
-49 -27
22 43
-12 40
-9 -37
0 -27
-28 36
49 24
-48 -19
-44 32
0 29
45 -25
-30 -38
-49 7
40 28
-4 -30
-34 -44
0 -23
-25 -48
23 -3
39 18
-44 -3
-10 -21
39 -5
-31 -45
-22 24
-5 -13
7 -16
0 37
30 42
27 -20
38 -35
10 -1
6 -26
-1 -13
13 45
-41 0
34 -17
-36 -4
20 44
-29 31
42 -24
8 35
-38 -43
11 9
-32 -33
-14 33
-27 5
48 -40
29 -32
-48 0
41 1
2 -3
26 10
-25 32
44 -19
47 -27
14 19
31 22
17 0
1 13
-40 -11
1 18
27 14
14 -10
6 31
20 -8
33 -49
-39 -10
-20 7
-28 -30
36 -38
-25 -20
12 45
6 -29
-46 36
-4 -14
-16 13
41 45
-24 -25
14 11
-4 9
-47 -3
-3 -32
31 0
22 -22
-18 39
9 44
-34 -16
22 -43
20 32
17 -25
-16 -17
-17 28
24 -15
8 30
35 -30
39 33
2 3
-23 45
7 -17
14 48
43 -21
7 44
41 -43
24 48
15 -29
-49 10
-28 25
-22 19
23 -23
37 19
-15 -2
-29 -32
10 -3
41 -36
2 17
25 47
-35 -6
-30 33
33 48
-48 22
32 -45
27 47
-39 -33
9 10
-24 -28
27 26
47 27
17 -19
7 16
-2 -35
-16 -49
29 7
2 -36
22 -44
4 -48
-31 13
-26 -6
39 49
-44 -14
-4 23
38 -18
47 -37
-23 6
-41 37
38 -46
15 -27
47 48
37 -10
-21 -42
-3 -34
0 -17
-17 47
-9 -12
-18 8
-9 3
25 -29
-45 -31
48 -30
3 -49
-11 23
19 -38
-3 24
9 -24
43 35
7 -19
-34 0
21 0
-25 29
3 7
-20 45
-8 30
-33 -33
49 -48
-31 49
-28 19
11 -12
6 1
-44 31
21 3
-1 43
-44 49
15 -35
20 39
-48 44
35 -7
40 33
46 31
7 -31
-48 41
-36 21
1 15
-39 9
6 2
30 -34
12 39
18 -31
25 -12
32 -42
31 -24
33 -7
-20 -16
18 47
19 22
16 37
38 2
-45 -5
-23 6
42 1
-2 -46
17 -29
-38 -14
0 -48
-37 41
21 4
15 7
-42 48
-10 -25
16 32
-23 -15
35 29
9 31
14 -21
-46 -21
6 19
-14 21
31 -5
-14 16
-22 -31
-8 36
44 31
32 -22
9 41
-7 -11
5 7
41 13
-13 10
-23 -29
-35 11
-3 10
41 16
-21 -13
-10 -44
-39 -12
-1 5
-29 40
-8 -49
44 -1
-17 -37
27 -19
-22 -17
-24 -18
13 -9
-8 39
6 12
44 -30
-10 7
-9 12
22 22
-39 -35
20 -36
-21 -35
-34 -17
36 25
-43 -1
12 -31
9 13
-16 36
44 -10
-14 -4
-23 -37
-7 41
-4 -34
-35 33
7 28
28 -20
37 -17
18 -14
3 -3
-32 37
6 -9
34 -16
-29 -28
44 15
-19 30
46 19
22 9
5 -22
-27 43
32 -29
30 5
-32 12
34 -6
-41 -13
14 -24
41 49
33 14
-39 46
34 39
-34 -7
5 44
6 18
8 -4
-47 -32
-1 15
-15 -26
-30 45
-41 -2
-42 -9
-18 36
49 10
9 -46
22 -13
-21 -23
34 39
-38 45
29 19
-27 -30
40 14
-27 44
33 -47
-26 -15
4 -13
3 -46
16 41
-26 -18
-12 14
-7 -22
22 2
-33 11
33 -22
-36 47
45 -44
-36 -31
26 -13
-44 3
-31 11
45 26
-46 22
-7 38
12 4
32 -34
-44 -30
29 -27
-47 -12
-26 -34
17 18
45 -11
21 -42
-13 21
47 -32
-41 -44
-12 -40
-14 24
30 37
-2 35
-15 -15
-2 -16
-32 -13
-47 28
38 -15
42 5
25 -16
-20 16
13 -49
29 -48
-32 -24
36 0
-32 14
0 38
32 -29
-12 -49
-12 7
11 45
-8 4
-15 6
-36 -40
43 -46
-9 -26
18 7
2 12
-14 32
-43 46
12 28
-4 21
18 34
47 -3
-24 -49
-6 25
1 -22
41 1
-35 3
-47 31
42 17
12 16
1 -41
-45 46
-6 47
49 13
-46 42
11 41
14 -26
-9 40
-18 17
14 36
-10 41
-9 40
-5 41
-18 34
-10 38
-38 41
-21 4
15 -37
14 -24
21 9
-9 8
-18 -23
-34 24
-38 10
28 26
-46 40
23 -15
16 32
16 -25
2 -2
32 -25
-7 -22
-27 -36
17 -5
23 -4
-7 0
-49 29
-11 10
26 7
34 -39
-42 -42
-16 14
35 4
-36 34
8 32
8 -46
-43 -1
-2 -25
-42 7
21 37
33 27
-45 32
19 -49
-48 -18
30 -43
-37 -25
-26 18
43 14
28 -45
36 -42
9 -23
8 -29
-49 30
-24 -45
-40 48
-24 13
36 -15
28 22
26 -25
-26 -23
17 13
16 -21
10 8
-34 0
-20 -42
15 18
-30 -7
38 7
-4 -14
31 -20
-8 -34
9 -42
-20 -37
38 -49
-39 18
5 -49
-11 40
41 -25
24 -4
26 -14
-21 -42
-3 0
21 -2
-9 2
-20 -43
0 -42
9 42
41 34
-42 46
19 -1
0 -12
45 -27
-21 -40
44 3
12 22
21 20
-19 -12
-40 41
-17 -17
-27 -24
35 14
-12 -42
-13 37
18 -24
34 44
44 -1
-22 -28
-44 -3
-40 20
2 27
-46 37
-33 -16
-4 -28
-42 -35
-24 -31
-15 -39
7 34
49 -36
24 -20
-19 43
-8 47
-23 16
-29 -27
3 -45
-29 -10
-1 44
-21 -48
20 17
-8 38
34 6
-20 0
33 -33
39 -47
-12 44
-19 -17
47 18
-7 12
48 -46
4 -45
37 -23
-33 -32
-19 19
-39 18
42 -28
30 -23
-35 -11
1 -44
-43 -42
-6 42
-32 -44
23 -8
30 15
-14 -26
-31 -22
-6 15
-22 36
-4 25
47 -49
32 42
-42 -15
24 0
19 11
-19 -21
-16 -39
-18 15
-28 -44
13 49
-27 22
21 -25
45 -25
3 -9
33 24
3 -28
-41 48
33 5
-34 -16
22 44
-40 -30
4 48
17 0
36 -48
-30 -37
6 -6
10 -37
-2 27
44 31
35 -25
-49 35
-41 46
-34 -46
-28 25
-36 10
16 -5
49 -6
-34 -35
38 -49
0 -48
13 21
-11 -29
-36 -17
30 -1
-35 40
38 -28
-21 -2
3 29
-21 -34
20 40
-5 -28
-26 26
0 16
29 -44
39 25
38 12
-35 2
24 -19
44 -30
-44 14
42 23
47 -30
-31 9
34 -11
45 8
33 6
26 16
-4 -21
30 -33
37 19
-17 -20
-23 34
36 29
43 47
0 -14
38 1
-15 -5
38 44
-13 15
2 36
-37 14
-10 37
-48 39
4 48
-31 -15
28 -13
-24 44
-29 46
-31 19
39 11
-27 35
30 36
13 30
25 -22
-37 -1
36 29
14 33
-39 -45
7 1
46 19
-42 -36
-12 5
-13 -16
-10 -43
25 -34
8 47
-12 -46
33 40
-46 -17
-39 9
-43 0
2 -23
25 -29
0 -28
35 -12
27 -1
0 17
22 -47
-31 -21
37 36
16 27
-4 7
-33 16
-1 -20
29 1
-20 16
-44 -33
-25 -16
-48 48
-33 -3
49 -21
-25 -3
25 -25
-39 -23
20 31
-12 16
46 -43
-20 -9
-32 -15
45 4
-1 -5
-42 4
-7 16
41 15
-11 -13
-38 -32
40 -47
10 18
-16 -10
-28 -49
-30 3
47 19
-15 47
-20 36
46 -35
7 6
2 2
-1 41
-12 40
29 -11
4 19
1 4
0 15
-26 -11
-47 -9
20 -30
-26 -32
-48 9
-36 7
-19 40
41 -5
4 3
46 6
44 -1
21 14
-42 -13
0 26
6 -7
-28 46
40 -6
-12 42
37 -45
-43 -7
-27 -26
0 -46
-9 3
-5 -33
39 47
0 -46
14 32
24 -48
13 -1
0 -2
18 -13
23 -20
-8 -39
-14 41
19 -5
-36 49
-37 21
46 41
25 -5
-19 -45
14 -39
34 17
-37 -19
2 -32
-46 -13
49 12
48 45
-43 0
-9 45
-27 29
-48 6
44 47
16 12
-40 8
5 48
-24 -11
-17 -9
-37 -29
-31 -13
-24 -22
34 -26
-37 -41
38 -17
18 -26
-6 -38
24 38
-42 25
-42 -10
-36 14
-2 46
-8 -21
42 34
11 0
29 -6
45 -48
49 15
-38 -37
-23 -39
-44 49
-34 0
-15 20
5 -44
-24 12
5 -47
-19 -26
44 5
39 27
46 14
-11 -29
12 2
-21 7
9 -19
-32 -28
33 44
13 45
29 -18
30 8
35 14
-46 -7
-13 -3
30 23
-42 8
-21 29
-10 41
33 40
45 6
-14 15
41 3
13 4
-2 23
9 40
25 32
-34 -20
-21 15
-25 22
-17 1
30 8
36 9
19 10
-24 -14
47 -37
-21 -19
2 -4
-28 47
15 37
-18 5
-2 39
-30 2
2 -18
-37 -35
7 -30
-40 16
34 40
25 -42
-21 -3
0 -37
-14 -14
-48 -23
-2 -30
41 22
0 36
12 32
-24 -41
35 24
-40 -5
19 39
-22 30
4 48
-42 -24
32 0
42 -32
-42 45
46 -30
4 48
5 40
-3 34
-23 -5
17 38
8 30
28 -3
24 11
48 -15
-32 -34
-20 -30
6 12
-23 5
38 21
-13 4
2 13
-3 10
-12 -7
9 -48
42 3
27 36
-33 38
-16 -20
37 30
12 26
42 -39
3 45
-49 27
-38 8
47 -35
28 -26
37 16
-30 11
22 11
24 3
9 35
16 28
-5 -28
-6 24
-4 -25
49 14
-3 17
-39 -3
6 22
-26 -12
27 35
14 33
20 -34
18 43
14 39
22 -1
-45 -33
-38 41
5 1
-41 23
-10 41
13 -8
26 -39
29 -19
-43 5
0 -41
-24 46
-17 32
2 37
0 -29
30 45
19 -33
-1 11
27 -12
-1 -3
-38 -12
-40 -23
46 -19
34 -21
42 -4
-14 -8
-17 1
1 49
11 17
35 41
-38 -19
-40 28
-16 36
7 -8
-27 -47
-1 44
-29 43
-18 -37
-38 4
46 -13
-34 19
47 29
-15 8
38 33
-13 4
20 -30
-10 -32
4 39
-18 22
20 23
-9 1
26 12
-40 -33
-26 49
-34 28
-32 11
6 -37
-45 -41
-7 -47
-30 41
-14 -36
-24 -13
-5 35
-10 34
43 -49
0 38
-35 16
-7 29
-36 26
27 -4
-2 27
48 2
44 -49
-11 -16
34 -7
-15 11
-5 34
33 38
9 25
-5 43
-36 0
9 16
-44 -39
11 -12
-47 -34
-27 40
-7 -26
-7 -25
-10 33
45 -20
28 -11
-39 -49
43 -35
-38 -16
21 -27
21 -22
12 -26
18 -44
8 -41
47 -22
31 2
-49 3
-20 -40
-28 -37
-37 18
-1 14
-42 -40
-35 20
-31 -29
8 -44
26 -14
-20 47
-12 -4
24 -38
-8 9
-19 42
-32 -47
34 0
-11 34
-18 16
3 24
-16 11
-34 45
-14 -35
1 32
-26 44
3 47
-6 15
-21 29
7 -35
-46 24
-2 -41
37 -14
-48 -1
-1 -23
11 7
0 -29
20 16
-23 14
-7 45
-14 2
6 5
22 -49
43 -28
-38 22
9 -43
9 -15
15 42
4 -3
49 -22
2 -22
47 -33
46 -25
47 8
46 -17
8 14
6 45
20 -3
-31 45
23 31
21 -25
32 -41
48 24
17 -20
20 11
-26 34
-5 -31
-7 -49
27 -6
-13 23
35 -40
19 7
-38 2
47 34
2 25
32 -39
-8 38
-33 9
-27 -49
25 -16
-48 10
-20 3
-8 -45
14 23
20 -20
35 8
0 27
5 -38
46 -17
0 -21
30 26
-20 27
27 33
44 -15
-48 -32
-9 -23
22 -19
-33 -1
-30 -15
24 -27
32 -42
-20 0
20 34
-7 -43
-36 -29
-23 43
16 -40
26 -26
-1 -3
15 32
13 47
9 -9
2 -7
30 -9
33 44
-25 45
49 40
33 26
48 17
36 -11
-31 -29
-29 29
3 -37
44 15
8 45
49 41
49 7
-29 5
-4 0
-45 -1
6 -27
-23 10
27 -45
4 34
-24 -44
23 -41
24 -31
26 -18
-28 -18
2 -29
37 -18
-36 31
-48 27
18 0
-28 -34
11 16
44 -2
-39 44
-10 1
-19 42
32 36
5 -6
-4 19
6 -23
16 -23
-21 4
14 1
-28 -34
-29 -19
-49 34
18 17
1 -43
-18 15
38 46
-32 38
48 22
13 -41
-47 -12
-41 -35
-12 29
-48 46
-1 8
8 -49
-33 -4
4 -2
29 -43
11 18
5 19
-7 -29
10 -26
-49 -12
31 -4
21 -44
32 -26
40 -34
-21 29
34 -11
-8 -4
49 -13
17 22
4 47
29 31
18 -28
-24 -4
-15 -20
-14 1
-31 -33
-48 -34
38 39
16 15
-19 -26
-29 -2
25 -27
-17 27
-27 -23
0 -9
11 -43
2 0
24 45
33 -16
14 -30
30 17
4 48
24 -29
28 -22
11 25
20 11
5 -30
-35 -48
0 -33
-11 18
45 0
14 34
-28 -44
-20 25
14 36
29 47
46 25
18 42
-31 -42
-44 -8
12 7
16 -3
-27 9
-28 -16
16 44
-27 -16
19 48
38 41
49 -44
-20 -10
17 35
32 -9
-36 -13
9 0
47 -8
30 -23
-16 26
-23 -32
28 39
-19 -5
3 -30
-8 -9
26 -4
-48 -28
-20 48
-38 9
-7 -16
-26 -36
-30 -16
-4 -48
35 -23
-11 -48
-35 3
23 -38
44 0
-12 48
22 42
42 -5
31 -44
1 -36
3 30
31 -21
49 30
-34 -38
-47 3
19 -38
2 12
-20 33
-2 30
-15 -8
-25 35
33 -39
36 16
22 11
16 9
-24 35
-45 26
15 -38
-12 15
29 -25
-16 -46
-16 8
36 -27
-3 34
-13 17
2 -34
-46 0
6 21
45 -37
25 -36
-46 47
-17 48
-23 -3
33 -29
-42 44
-48 -18
7 -3
2 -2
-26 5
20 -15
-24 -42
-24 27
18 -3
-30 -47
46 -25
-40 46
13 33
-34 -10
-34 -33
0 -32
41 -20
-15 -33
-28 12
-12 -10
-30 -36
-9 -20
-46 24
15 14
-48 30
15 -14
23 -9
-8 24
-15 -4
37 -18
34 -14
-48 -8
-33 -34
-42 -39
-28 -11
-46 -40
-13 -45
5 -44
-16 -14
45 -47
-45 -2
44 -32
-45 48
15 -44
30 41
38 23
12 3
-5 5
31 -23
16 8
27 26
49 -19
9 21
44 -14
-39 49
0 -37
40 -9
-32 -10
-49 -45
49 27
-33 0
21 44
-45 -19
-17 -23
-30 -15
-3 -38
-17 -12
14 28
-17 43
12 5
-9 35
-22 8
-42 36
38 41
18 -17
-48 36
-41 -16
-37 -3
-7 14
15 -21
31 -42
5 -6
27 45
-37 14
-23 -35
14 -42
-5 -37
-12 -46
35 -49
1 -8
43 6
-34 -22
-46 -19
-2 -42
-4 1
-31 13
-8 -17
45 41
46 -20
-13 47
-23 47
-44 -31
39 -29
-47 -48
-48 26
-25 -11
3 41
-8 -33
30 -28
-23 -26
-32 12
36 -35
-18 10
-47 -24
-4 -12
-9 11
0 49
-44 42
-4 -35
13 -37
32 39
-47 -4
5 22
-23 -18
-23 -34
-44 17
-37 1
14 -24
-49 26
-40 -10
-3 18
45 -25
29 25
5 -10
10 -19
-32 -12
-28 -12
32 41
44 4
39 37
-10 -27
0 -27
27 36
-2 49
48 -48
-7 16
-34 36
-23 20
-14 -42
33 -30
22 -18
37 35
-25 40
-28 0
-6 -13
8 -18
5 -15
26 44
-29 -45
1 -27
32 -43
-15 -28
-41 12
-39 9
8 6
3 -30
-15 -25
-49 11
33 35
-36 -6
11 -41
-3 5
-48 0
-45 -2
-44 43
22 -28
-1 16
15 19
49 28
-33 -40
-20 -10
41 -3
22 -46
-40 29
17 -23
41 26
-15 -17
-10 0
21 -43
0 14
14 46
2 -16
46 -22
-21 -33
22 20
6 48
-45 -14
-22 5
14 -29
-24 -46
-2 -24
7 36
-20 -14
-28 21
-23 2
-24 -16
-3 -3
37 -37
-44 -47
-25 -24
2 41
20 -44
34 -42
19 44
-6 26
32 -44
-8 4
-12 -26
38 -12
-34 -17
-24 -16
34 7
30 -33
-1 0
0 47
22 10
1 41
-19 12
48 10
-45 29
-16 -11
-22 13
33 -12
7 4
-12 -47
3 -21
25 -43
27 38
20 -43
-15 -15
-27 4
7 0
-9 -10
27 -11
-24 -32
-34 40
49 39
-20 16
-28 2
-1 46
-31 -40
19 30
-40 36
-16 42
-37 -5
-3 -32
-45 -26
39 33
2 2
19 -4
-22 -26
-17 48
-20 38
-28 8
-12 21
26 13
8 6
-29 -48
35 -45
24 -19
-12 -26
36 -25
-8 10
-49 -25
-48 11
23 26
-33 20
-47 -40
-11 20
9 49
42 -34
41 4
0 30
-19 48
-31 -47
-1 21
29 -1
39 25
3 -2
7 5
-12 49
13 3
-2 2
39 -10
-48 11
-36 5
47 -12
-38 1
16 -39
9 36
-21 -2
40 -21
16 -22
14 -14
16 -10
-46 -9
-35 -38
6 -29
-25 -5
44 -37
-44 -27
30 -35
-38 -10
-26 0
43 -7
47 -15
-31 21
-45 -32
-9 18
28 45
24 -12
-24 -27
44 42
20 -6
1 -47
-46 33
-17 -29
-28 -30
8 44
-37 -33
46 -13
32 -10
28 -14
26 -3
48 -32
1 21
-28 33
-5 -14
14 0
-47 -5
35 42
11 38
10 -31
-28 -12
26 -32
-36 14
-47 -5
-2 -33
-38 -26
-41 -30
10 -41
33 -21
-43 31
-18 -1
46 40
-12 13
-14 -6
17 -36
-49 44
33 -3
36 -9
42 12
-34 6
37 -28
31 5
28 30
11 1
-41 -15
-28 -3
-2 -15
-41 -16
28 -15
20 -24
47 47
-6 36
-10 0
40 -22
0 8
-2 29
5 46
47 -21
-27 17
22 -18
12 -13
-42 24
-35 7
22 -4
-42 48
12 1
2 0
-3 10
33 -36
38 -44
-1 -11
35 -18
29 -12
-37 28
-1 -48
-11 -7
41 10
-13 -11
48 43
-12 -43
11 -19
0 -41
-18 -45
-13 -45
-8 -20
-21 -24
14 -47
24 23
-40 40
-1 26
21 46
0 -5
23 -9
-26 -39
-16 21
22 43
-6 -46
-21 -45
-23 39
-10 -4
5 -40
23 -7
23 24
-20 2
32 23
0 -8
16 45
-18 -7
17 14
5 -40
7 -11
-1 42
2 16
13 0
-3 -22
-12 41
48 40
-48 -18
-6 -25
24 30
-26 -31
15 27
13 -21
14 42
43 7
4 22
30 3
-19 -9
-10 1
-20 13
16 5
-6 -43
-40 32
-28 -35
24 -21
48 -18
8 -6
-11 -4
0 -48
-23 -15
-23 27
4 -1
27 -46
-44 32
41 -39
28 43
46 25
-34 44
10 -25
-26 -24
-6 -4
-1 19
9 -4
-2 -4
-42 -42
9 -2
-19 -7
-31 -25
49 -3
-19 10
-14 17
-25 23
29 -23
29 -22
-9 28
-3 39
37 -26
-15 43
-32 -25
-1 -8
22 7
12 -21
-48 36
11 18
-29 25
-44 -23
24 -43
11 -47
-32 34
36 32
21 -8
26 -15
-43 -23
22 -32
-16 -27
8 41
-28 -4
-39 -49
-4 -20
-32 -47
47 -34
24 29
-11 24
-47 -4
-37 34
44 -39
-3 31
14 -23
42 39
-11 15
-10 -49
2 -26
28 -14
43 -6
29 30
-30 48
18 -16
-2 -24
19 -33
-6 10
-3 17
20 -16
38 -42
25 -25
29 -49
13 48
-9 -23
42 -34
4 13
39 0
9 18
-43 -48
13 37
-1 19
-20 -19
1 3
21 4
-24 9
-6 3
6 20
-22 -47
-14 14
36 -49
30 -30
-48 35
4 -42
-26 35
8 24
-3 36
42 -29
-20 5
31 3
-13 -3
13 -20
40 42
-14 41
-25 -27
-6 24
15 49
-13 44
-48 -22
-12 48
25 20
2 20
32 40
32 -12
38 21
-33 -30
-15 -6
16 30
31 27
-11 -9
-39 -22
-12 46
-30 -6
45 28
24 26
-21 -10
30 -42
1 -20
-20 -30
-15 33
-37 -11
-21 14
22 46
48 -5
-47 -47
-13 0
-12 -47
-39 36
46 44
-10 24
-35 41
-26 -18
42 -1
-43 49
3 48
-26 -31
-47 0
22 -39
21 29
-17 14
12 45
-29 -28
-4 6
-35 -14
-37 24
-1 17
0 -15
-35 -4
-46 21
41 34
17 -22
12 -40
39 -32
46 14
36 36
-37 -13
-45 -23
39 -22
14 0
45 -5
-2 -39
27 12
-24 -11
-38 -28
-29 2
14 -36
-48 17
46 15
36 26
35 -27
4 7
-22 30
0 0
27 3
-3 1
5 -24
18 -44
4 3
-34 35
34 -42
14 16
-2 -10
40 12
-21 -46
21 -27
-26 48
20 -28
-33 -15
0 21
48 0
-33 -35
-13 -28
18 -16
-34 -37
5 -27
-20 -40
46 -33
-13 10
45 27
20 -14
45 13
31 26
28 25
-45 19
39 -21
-35 -26
0 33
-13 11
-11 9
0 -46
-43 44
11 25
18 31
-15 14
-14 19
-38 26
-36 -45
-12 34
48 28
3 -14
32 -40
-15 -11
32 -25
-10 -14
11 32
28 -27
-16 -44
-17 48
49 45
-39 -46
14 25
-25 36
-8 8
-40 -45
22 27
-9 -19
-25 44
-19 6
-19 25
33 39
-17 -40
11 16
-27 -44
23 3
22 -3
29 38
3 -19
34 -19
-12 22
-25 45
-13 2
18 39
-3 -36
40 44
0 -20
-6 2
49 -5
-34 -29
-39 -49
15 -4
16 -43
-33 -39
-38 -38
-32 15
-40 41
-43 -3
-31 42
42 -39
-41 -10
34 -44
-36 -12
-7 37
-13 -33
23 22
-3 37
-23 47
49 26
35 39
-22 -48
27 3
-4 -13
42 5
10 42
25 41
-40 49
7 42
-35 -10
40 14
-13 -33
10 6
27 -36
-15 0
-40 20
47 -4
-19 33
-5 48
22 -36
18 -17
16 26
18 -48
-24 -33
9 -10
46 -34
-8 12
-19 24
41 -35
5 16
16 48
3 -41
47 40
39 6
-2 -41
-13 -2
-12 -22
21 -4
-31 23
24 17
32 21
-46 17
35 40
-19 -1
-45 42
27 30
19 -4
-19 1
18 8
-28 27
-37 32
-41 -13
-42 30
-3 1
44 -25
-49 30
-15 -10
11 -26
6 -10
-49 -1
-42 -2
-10 23
0 29
-14 -5
18 -6
-13 -22
-9 -26
-30 -11
-41 -44
-38 44
-6 45
42 -9
-14 -23
32 17
17 9
1 30
9 44
-25 -40
40 38
-16 48
35 26
-45 -45
49 24
-35 24
-23 35
40 -2
23 -25
-32 -16
-9 34
41 41
28 3
7 -34
17 21
-35 31
48 32
9 39
-25 -27
-5 -8
6 31
-16 14
23 -44
28 -47
6 -16
35 -41
30 43
29 28
22 -42
-47 35
-29 -26
-30 -26
20 4
-4 35
-36 46
-9 -4
-28 32
-29 33
26 -44
-6 -5
9 6
-14 13
-14 -5
34 -48
27 -13
0 -46
-15 -22
-8 -3
30 9
19 46
-16 -34
33 16
-29 -34
6 -6
37 4
-6 0
46 22
3 14
-17 -1
42 10
47 11
-15 -40
-15 -26
10 48
-44 -28
-20 2
35 19
-11 39
48 8
-38 -47
-20 8
29 -40
-35 32
-44 30
12 21
20 -20
22 -40
32 -11
5 36
-9 0
13 13
0 -46
15 -35
-15 0
-8 42
-21 46
4 32
13 25
43 45
49 0
-19 41
-37 -9
18 -13
8 -35
17 -36
15 -46
29 14
-48 -4
25 49
29 26
-27 35
-16 45
-11 -40
-30 -11
31 5
30 15
-28 36
-22 35
38 27
-20 24
-21 -11
-46 -15
33 -9
1 23
9 -43
-44 7
32 -40
12 39
42 -37
-49 -29
-6 25
-13 41
-49 -10
-16 -1
-42 -27
14 -37
14 27
33 -4
-25 -3
-7 5
9 -22
-21 -16
-30 21
-29 41
-44 11
-6 49
-3 -35
-11 -47
-19 24
46 5
-17 -36
0 -4
16 37
-35 3
-35 -33
42 -12
45 10
-3 -34
-26 31
12 23
-44 0
-14 12
14 15
-43 -6
-30 -32
22 10
42 24
-12 -36
-28 9
-38 -46
44 -42
-31 14
30 -23
0 -28
-33 -13
49 -27
0 -3
-38 21
-44 25
43 -24
41 24
46 -8
0 3
-42 47
12 -14
12 -48
-20 42
37 -14
0 -26
14 0
-19 -16
-15 -26
-8 25
31 14
19 38
49 -20
32 -1
30 -11
-19 -44
20 13
-2 -3
-41 25
-25 6
43 30
-30 39
-29 20
-43 -43
-37 17
16 -33
22 31
-22 -33
-38 5
9 16
-7 -48
45 34
29 -16
7 29
7 12
17 -17
5 6
19 -42
-10 -15
-33 38
-41 32
12 -14
-45 -41
-22 -20
13 30
18 -5
12 22
-32 25
31 32
-20 15
-35 -33
48 9
-3 29
4 -29
3 -26
-34 -48
-19 41
-49 -14
35 2
-26 25
-22 -4
-44 16
7 40
48 -11
28 3
-46 47
-2 -4
-48 5
-10 25
-16 32
-7 -33
-37 13
1 47
-40 -17
-14 -10
-18 -25
-26 25
-41 46
39 -30
-44 34
-20 -42
-48 20
14 25
-31 -16
36 0
-19 -23
-45 26
19 -20
18 37
-43 14
-17 -11
-40 -13
9 -35
31 -36
41 -47
-21 27
13 42
-19 -6
-18 -20
48 -25
-32 48
-31 14
-4 22
-22 3
31 16
17 -37
36 -43
12 4
45 36
-6 16
-30 -7
19 8
-20 -14
-42 -15
-48 -6
12 -13
17 -22
-25 -43
44 -32
3 24
-47 -35
-35 9
-14 15
24 -28
-22 41
39 13
-15 -42
6 42
9 16
-37 -16
27 -49
43 -12
-25 -45
15 -41
-5 -11
-32 -22
34 21
-19 11
16 49
8 -20
-45 -36
47 26
-45 5
23 -3
19 9
16 -8
46 38
7 6
-43 -10
-41 -6
-30 18
36 34
32 -8
49 6
18 26
-5 30
14 10
-7 27
-16 46
-23 35
20 -43
-18 -10
-11 42
-5 -31
12 30
-2 47
16 8
1 -35
-18 -23
20 39
48 46
25 36
47 -21
-7 48
-34 11
-18 -46
-27 -38
-9 23
11 48
-10 -48
45 -5
-30 42
20 -23
28 19
2 34
-4 15
30 15
-2 33
-15 42
-16 -36
-40 -31
-29 15
45 -43
-4 27
13 -17
-40 -39
-32 15
-19 -16
44 -31
26 49
39 -38
46 -21
-18 46
5 25
9 -34
9 0
0 42
30 37
17 -47
48 -45
15 -28
-25 42
-29 22
-29 26
-1 -45
-48 35
11 0
-43 10
-46 -25
31 -42
-1 42
49 -32
19 -25
-32 -13
-6 5
2 -48
-29 25
-47 11
27 41
-8 -20
26 40
30 -42
-5 -31
-21 -34
10 15
42 3
-19 -39
-42 25
5 1
-10 0
-49 13
34 40
0 -45
20 5
23 17
19 21
27 18
5 -22
31 24
30 17
21 30
28 -15
29 -11
38 -38
-24 -43
18 39
2 36
4 40
-44 -2
14 -31
-2 -27
-14 49
-7 23
12 -47
-39 39
5 39
-11 27
48 19
-28 -8
39 0
-12 2
28 -31
1 38
28 6
-2 -12
-6 -43
23 -24
33 49
-27 32
-22 -28
-27 15
17 8
-13 -15
19 -16
28 -29
-25 37
-41 -15
4 44
-49 -38
-20 -7
11 35
-20 -33
10 46
8 -4
-29 -19
44 19
-3 7
-42 29
44 0
15 11
-22 22
-32 4
29 11
32 49
-48 18
16 44
39 41
32 -3
26 -14
-43 -31
-44 0
16 -37
0 -9
-10 -9
34 -41
1 7
40 34
22 46
34 -44
7 37
-26 14
37 12
43 30
35 20
49 16
-35 4
4 -14
39 -39
26 36
-35 42
-1 39
-13 -6
-5 -9
24 30
9 -13
-28 8
47 -10
-46 -4
-17 11
17 1
44 -27
19 -35
-30 -4
-7 6
47 22
-44 -2
-2 29
3 -21
16 18
-45 -12
19 25
-27 12
-17 -8
-5 3
33 -35
-5 15
-39 -11
-16 34
-33 -42
16 -15
49 -36
28 -40
-22 -20
16 48
37 46
38 -37
12 20
-42 -32
16 -31
31 47
15 -46
35 11
-40 35
12 41
-5 17
-37 -39
34 -28
25 -22
-26 -26
49 -14
35 -3
16 2
-3 -45
-24 14
-23 -8
33 -41
-42 -44
-42 -5
-33 -34
-19 6
-26 4
-35 -4
-42 37
-14 21
28 25
42 14
49 -2
38 -31
45 -23
19 -10
-17 -2
42 22
-21 28
41 24
41 -9
46 10
12 22
40 -23
-20 36
-21 -12
40 5
28 -32
15 21
-10 -36
28 48
-13 26
-41 -42
-26 -49
0 -8
-23 -44
-14 -16
29 -4
2 -34
12 -14
-48 -37
-27 23
37 -13
43 -18
27 48
28 -3
-39 34
-37 -22
-17 -21
46 -34
-21 41
27 -16
-39 7
21 -17
27 -36
-41 -15
19 -13
24 -17
-28 19
-45 10
29 -42
-37 -36
-20 -3
37 -35
-47 15
31 21
-31 -20
26 35
44 -40
20 21
9 46
-12 26
-43 36
-8 2
43 26
12 -23
26 37
45 -41
-41 29
36 -44
-18 21
34 39
5 -17
-9 -32
4 -44
-11 -41
-26 36
34 -7
21 6
-26 5
-49 29
36 32
22 28
-7 7
23 12
-12 -37
18 15
-10 -23
13 -21
-34 4
-2 24
32 37
39 -34
-11 -43
38 -9
-23 29
-44 -3
16 -42
-15 -16
31 26
15 -9
1 -33
-11 -20
-3 13
45 -33
-7 -14
-4 39
18 17
36 17
37 -29
3 36
1 -22
-11 12
42 -22
27 -41
-28 4
-35 -23
-12 -32
-32 -24
-37 -28
39 45
2 -44
37 -32
-3 23
46 -7
46 -25
17 32
-40 0
-34 -18
-34 4
32 22
-3 17
-6 -16
-8 -40
-27 -8
-13 -46
1 -22
30 -37
4 44
-32 12
-31 2
-46 41
43 11
12 -8
38 44
-32 7
-20 4
-8 -43
49 -24
48 29
-20 15
-40 4
20 -27
-38 -4
16 -21
-40 -24
8 -14
-5 29
-14 -13
35 23
-33 34
-22 6
13 47
-17 -9
-44 -48
-18 -18
-25 23
-11 10
0 2
-1 34
-35 -27
40 -45
0 -49
-49 -24
0 4
7 -2
12 43
-6 -11
30 5
12 49
-12 43
3 -10
14 5
-47 6
20 30
-48 35
-43 -17
-49 -4
40 39
26 8
20 32
27 17
-32 24
43 -45
-5 -47
32 32
-18 -45
-44 -31
29 7
-21 18
18 -21
-41 35
-7 -13
-41 10
-38 23
43 -20
23 -36
49 0
-5 11
-38 -15
-30 21
26 43
-38 2
-26 -25
33 1
43 31
3 6
26 -18
-32 -11
48 -17
14 18
-30 32
2 48
-47 -6
7 -28
-6 33
-12 -29
-46 49
-11 10
-33 33
-23 -17
-2 -23
-10 28
0 -10
-3 46
24 -14
-7 25
-36 -14
-21 -44
26 40
-40 -26
31 48
32 -30
22 -34
45 2
36 -15
8 -13
24 48
-46 46
-46 24
-35 22
47 26
-31 1
49 44
30 -49
-12 49
-25 -10
-37 11
-41 15
-16 -38
38 36
7 -40
-22 35
9 45
24 8
9 3
0 -42
-11 22
-37 46
17 41
-47 4
20 -1
-13 16
-46 10
21 -30
-46 -2
22 -38
-8 -17
44 11
48 32
-11 -3
-19 31
-19 -26
17 -6
30 22
48 -2
36 30
36 -35
17 26
-45 28
48 22
-43 -14
-40 -10
-27 -8
32 44
-28 34
25 38
36 -46
-47 2
10 -14
-16 -2
-39 5
-23 35
-28 -27
-26 35
29 -30
19 -18
0 -31
-5 8
21 -10
-9 39
-6 -49
-27 40
-2 36
-15 32
-20 18
27 8
-17 48
2 4
-7 -19
-34 5
10 -8
-13 -12
-31 33
-39 4
28 22
-6 14
-3 -5
2 -48
-45 -21
42 -12
32 -45
28 -42
-44 33
35 10
43 -25
-41 -32
-20 -14
6 49
40 44
5 21
-35 -28
-44 -21
27 -40
39 44
7 32
-6 29
-40 -2
4 23
-44 -49
-26 44
6 1
40 -33
-27 -39
6 10
41 0
46 38
-28 -12
-19 21
24 8
-12 30
33 -30
22 -19
38 12
42 10
42 -31
-9 -26
-9 21
26 37
8 -32
-26 37
9 18
49 -28
-28 32
25 32
-26 -10
0 -5
-15 -42
-7 -19
-34 -23
38 6
33 37
-23 23
-49 -18
-26 2
49 40
-37 33
-7 49
32 8
3 -43
0 -49
-20 -20
-48 -48
0 -36
14 -45
20 42
-36 -14
2 35
-11 -12
21 23
33 -5
-27 -33
38 -24
-29 3
-6 -40
-18 0
-19 30
-23 41
-38 37
48 -10
48 23
44 43
-45 13
5 20
35 -43
-13 11
21 4
-17 -24
41 -18
-2 14
-37 35
-11 16
-42 39
44 24
19 18
3 26
30 23
48 9
33 0
26 28
-18 -21
-35 -20
16 -43
39 -36
-33 -4
-23 21
-15 -42
-20 23
4 -23
-30 -28
46 24
24 36
23 -38
-48 16
42 -41
-47 -24
-16 39
27 15
-18 2
13 34
-15 4
-46 -21
21 -19
23 -26
-27 18
17 -36
-15 11
-14 -45
-10 -11
31 -42
17 0
-25 2
40 -26
36 -39
12 49
-37 -35
-22 -25
39 -7
-24 -48
-36 -41
8 -12
37 -14
1 47
9 24
-6 2
16 38
-29 -49
8 33
-18 -8
8 37
8 3
44 3
-1 17
-48 -26
-47 -11
3 32
0 48
-13 11
28 22
41 -45
28 -26
-14 0
16 -4
47 -35
-29 42
5 5
-28 45
39 -13
-33 -24
-8 28
32 -17
15 -38
41 29
-16 27
18 -16
38 -7
-35 -2
7 -36
3 40
31 -25
36 -6
48 35
27 30
10 -20
-26 40
35 -36
-23 28
-16 -3
35 -35
-12 -33
31 -3
-10 40
24 -30
-3 5
-14 9
49 -36
30 38
-43 11
-25 7
-18 48
22 -12
-43 21
-45 -18
-40 -22
5 -35
-3 -26
45 31
-47 -20
-14 -13
-2 49
14 -43
-36 14
9 30
14 -34
-47 -30
40 -46
-4 40
-28 41
0 33
-49 -47
43 14
-23 0
-9 -27
31 25
2 -26
-8 -7
49 12
-43 -19
41 38
-41 22
46 26
-25 -33
35 -36
9 37
-14 17
31 31
-23 -11
13 18
7 -43
-39 14
-36 33
31 49
4 48
3 -2
39 32
-6 -18
1 4
22 11
-34 -29
11 15
34 40
-17 -38
-37 1
-10 -44
35 27
24 4
-42 27
-1 21
13 -33
-23 20
11 -15
29 19
-24 -34
-46 38
20 -33
47 1
37 33
46 21
11 -27
-13 -32
18 29
4 10
-17 -27
-12 0
17 22
-35 -13
-47 11
-49 18
8 -40
-25 14
14 10
-38 2
15 33
18 -46
25 23
11 24
43 10
41 -45
-33 -34
13 -20
-14 -37
21 2
41 23
1 15
24 -3
-40 41
26 5
49 -7
-4 -11
-41 5
-27 0
-49 28
-1 -34
30 -46
19 41
46 13
-46 -8
44 -45
-18 9
1 -14
45 41
3 -1
16 9
44 17
13 -17
23 13
-23 14
41 -47
-43 -10
39 19
6 44
-30 -22
-10 -35
-30 49
49 45
-13 40
49 43
7 13
-41 -21
47 33
42 -3
32 -6
38 14
-15 3
-11 -32
49 -6
-46 30
-41 -29
-14 4
-6 -26
-18 29
-27 -40
33 -22
-24 -44
8 25
-33 -36
-49 -16
-48 -25
-17 -17
-41 17
-6 -13
24 1
-32 -6
-2 35
-23 46
28 -18
-21 31
44 37
15 22
-45 -46
-11 12
-8 -17
-28 -27
6 40
20 -47
-19 -26
-34 -33
4 33
-10 17
4 6
-22 -2
-27 6
41 -14
-29 -31
-42 -42
-19 35
1 -36
-15 23
16 0
15 9
-48 -45
-16 30
-29 23
18 -47
-29 -48
-5 -22
49 35
8 1
20 -13
42 46
9 -17
-35 4
-29 2
9 19
-1 -35
-44 32
-22 -11
10 -3
-38 -41
34 21
-30 9
-37 3
-5 24
27 -2
4 35
43 -8
-13 -26
-4 26
0 19
-30 -48
-13 4
47 17
48 14
-48 16
11 -39
21 -34
-18 3
-9 18
-30 -45
-20 -8
23 -16
29 3
-40 46
-28 49
-38 -43
-18 41
-16 2
-36 -19
33 -23
-12 -7
-26 -49
44 43
-11 -15
-20 -15
25 7
46 -38
-18 27
-47 40
-15 -37
-46 -49
12 21
-27 -40
32 16
-30 18
10 45
-27 14
-32 34
-19 -37
29 29
10 -40
-22 -44
42 0
14 4
-6 22
45 48
47 0
30 30
-1 -47
41 32
-18 11
-9 -12
33 37
-14 -3
-34 6
9 31
27 -2
-7 -29
33 -21
-32 36
32 -42
29 44
8 -44
-24 -32
-8 12
40 46
-43 43
-39 -34
-1 -39
30 3
-44 -9
18 37
42 -29
7 -30
-7 32
9 -20
32 -5
21 -20
-31 -16
-19 -25
30 -47
-39 -36
0 -44
48 -48
47 -47
-22 43
25 40
-16 -8
-24 12
-30 -17
-31 -21
-44 8
-40 1
27 -33
-2 0
-38 -33
35 18
30 33
2 21
25 -23
-11 -16
-47 -15
-17 3
45 11
4 -7
2 40
-13 43
32 28
18 -30
24 26
-22 41
-41 -31
-7 26
16 1
6 42
16 -1
-34 -4
47 -36
10 -23
-41 -4
-45 9
-1 -3
-26 36
-45 -1
17 39
29 37
11 -47
-3 -19
-7 16
-35 -11
-13 -24
-48 -2
-24 -9
-45 -4
39 -37
16 42
4 16
31 -33
4 26
30 0
-38 -45
-3 8
-47 12
-26 -34
10 39
-11 -5
-38 -15
30 -2
31 49
22 5
33 49
0 9
20 -34
1 -5
-19 -37
1 11
-38 39
42 -24
-42 -26
-23 -35
-7 -31
-32 32
36 9
19 9
30 -35
47 -4
14 19
-40 -19
13 -18
1 45
21 4
-11 17
