41 27
28 22
-45 -26
-3 43
46 13
42 3
-29 18
47 25
-25 -49
41 -49
-10 35
42 -37
10 -30
44 23
-7 -30
-42 -34
-40 -9
24 19
-35 -47
42 -47
13 14
-1 -43
45 46
38 44
6 18
23 38
5 21
-41 21
47 -24
29 -20
36 -30
-29 -33
49 11
-38 3
22 1
-36 1
30 -25
1 49
23 -5
-24 -18
35 -28
-20 49
0 -12
27 2
3 3
14 -34
44 20
-17 44
-4 7
38 -10
25 8
29 37
37 -22
-14 -47
20 43
-46 -45
-42 29
-46 0
28 5
-47 39
11 32
-20 15
-20 14
6 30
39 13
-20 10
-40 35
7 -48
-11 15
30 14
-42 -46
4 -35
-13 -28
25 25
-31 48
37 15
-32 5
1 8
23 -41
39 13
-17 -6
33 -47
37 -1
-47 23
31 31
46 22
-23 -26
-22 -29
11 2
-24 -29
6 22
45 -24
-29 29
1 -14
-35 -48
3 -26
-1 -29
12 0
-45 -40
30 -5
7 -16
-17 -12
-16 -25
31 -8
-17 -44
-20 10
-29 30
-21 -46
-11 9
16 5
-4 -27
5 47
-14 -6
34 26
-17 -41
-40 -42
-18 32
-33 -43
20 -1
-32 28
11 12
21 -14
-23 -41
-13 34
43 -4
0 11
-48 1
26 18
34 11
9 -14
-25 -42
-22 -16
-8 -36
-43 43
-49 48
-21 23
16 46
38 -24
0 -9
0 33
34 -35
42 31
-42 -39
37 27
24 -10
40 -47
5 19
42 -40
25 19
34 -4
-17 -13
19 28
-29 -2
-20 -11
-18 40
-21 4
-33 18
15 1
14 -12
31 13
45 42
-48 -29
32 4
45 -35
26 -27
8 -22
9 -30
14 10
-11 -32
6 -26
40 22
7 -25
24 18
49 15
0 21
-7 -21
40 -9
41 35
-20 -3
-42 -38
18 7
-46 -20
-20 1
-22 -23
37 41
3 -28
33 28
-11 -2
-41 32
27 -4
4 28
-21 -27
-17 46
-34 -4
-47 -46
0 17
-46 45
-31 -45
-16 20
-33 26
-33 36
18 -25
23 49
-15 40
-4 15
9 -9
-22 40
40 13
-37 21
32 -14
-27 -20
38 -49
-3 -23
-39 -21
-20 -4
-44 26
-33 -29
32 20
-19 5
-33 -10
-13 11
-19 1
17 27
-48 17
17 -36
41 -22
37 29
-1 -1
23 29
-42 39
29 -33
37 13
-44 -41
47 9
2 13
1 -19
-36 -18
18 27
-32 -14
-19 -27
-29 13
29 -40
9 27
13 11
46 -37
39 41
-30 -3
-49 19
-18 37
5 46
-29 -29
-41 -38
34 -42
-4 40
-44 -38
-29 17
5 -9
-49 45
28 20
-6 -23
-29 -25
1 46
3 49
22 22
-38 10
26 9
14 -34
35 -31
-6 18
0 -18
41 -7
-42 -35
-37 -1
-16 -2
44 -46
18 -39
-33 -49
37 31
19 1
-43 24
38 19
-23 37
19 23
24 40
-35 -6
-15 -16
0 -24
6 30
-45 -34
-44 -12
-20 -34
-41 -21
-23 21
49 -23
31 -29
21 -49
-39 39
-40 49
45 -43
-14 45
-36 -8
33 24
28 -38
-24 6
20 -3
-1 -30
18 19
15 -7
36 -39
-18 -29
47 -31
-14 -21
-5 2
31 -11
-23 -37
-43 40
-13 -48
-31 -5
-29 -28
1 42
-11 -38
28 -10
15 46
-2 26
32 -5
-15 -45
-33 -13
-41 -13
-43 45
42 -14
-4 27
-15 -43
28 22
-37 -3
-20 41
16 -35
-22 4
47 11
32 25
7 18
-21 43
-6 -23
-11 0
-24 30
-27 -22
2 -48
-14 -29
-14 2
19 -35
-7 -31
-7 -5
-19 9
12 -24
-28 -27
0 -20
-33 -18
11 -9
44 -22
-35 0
-7 47
-43 -21
-27 -3
47 1
20 -2
-10 -21
9 34
36 27
-47 -5
-22 -7
-14 -33
6 0
-46 6
26 -32
4 5
-43 46
12 -22
26 24
-17 -31
-43 8
6 32
-40 -42
38 -24
-37 32
-31 -1
-19 21
22 38
4 2
-19 -20
25 -28
34 48
39 49
38 19
30 26
-31 23
28 -28
47 49
-43 -35
-2 24
-4 43
-37 -17
-49 -9
-33 27
-48 -6
-16 24
-7 9
-27 -6
11 -19
44 6
8 8
44 15
27 1
-10 49
48 37
46 -2
17 -1
3 25
-40 18
-19 7
-31 -27
39 -22
-1 -44
43 18
38 -2
-19 3
-24 3
-13 14
-20 -4
4 24
15 12
-39 34
-28 39
-47 -13
-32 -21
-40 -23
29 -38
15 -22
27 48
-3 -4
24 2
-5 37
30 -29
-46 45
31 34
-4 16
32 -16
25 -26
-6 26
-43 -1
-6 -19
13 -42
-30 48
34 -10
27 3
-39 30
0 23
-13 47
-11 46
29 -40
18 -16
29 0
-7 -26
-38 -44
-34 -18
-38 -23
13 -19
-35 26
22 -34
-29 49
-8 -46
33 24
45 21
-20 -38
36 13
-14 23
-36 40
-7 -11
35 40
-30 36
-1 -40
45 -39
-24 12
-19 -30
-15 -13
-31 31
-47 13
-12 -42
25 16
24 -4
22 0
-26 36
5 -11
-25 -32
21 5
5 45
32 37
-12 -25
-48 -49
25 -40
-3 -46
-11 45
17 -26
11 -2
-35 -49
22 -17
-39 -3
40 -27
42 -8
-28 -48
16 4
-23 -46
-27 39
49 21
4 -7
41 -37
-40 28
-26 -43
15 11
-39 41
37 -37
-20 22
-37 8
-28 47
10 -1
22 -33
8 -32
-39 -28
40 -26
-5 -6
-13 -31
49 -32
-31 -39
44 30
-23 32
49 -30
-15 -3
-25 -42
-1 23
-43 11
-20 -11
-38 -40
43 17
-40 -28
-43 2
23 10
-41 -27
-20 39
-25 -5
20 1
33 38
-42 37
-44 33
-33 -23
-19 9
-21 -37
-21 26
3 27
-3 6
-33 41
43 38
36 -15
33 26
21 -1
-28 -9
-37 -29
46 14
-31 -19
-22 48
20 36
-29 36
31 -6
44 -45
45 -20
-46 -42
-34 -48
-42 -37
19 7
-46 -40
7 24
6 -26
40 23
-41 45
22 -47
-49 -14
-48 20
11 21
-38 -43
-6 0
6 13
33 -48
-44 -44
42 -37
-36 -32
-20 20
15 -11
18 11
31 -24
-28 -43
10 -10
-40 -29
5 5
-12 3
31 -46
27 20
-24 30
21 26
-8 12
12 8
-3 -13
16 10
-5 4
-1 11
36 41
46 -19
-24 -12
20 40
-41 -28
8 35
16 -44
46 -45
0 -39
36 3
-34 38
-47 40
47 -18
-45 43
18 9
-27 45
23 34
33 42
-47 21
48 -5
41 24
16 10
13 42
9 21
-10 24
21 44
-2 -26
-45 -8
36 -41
44 25
-29 -30
20 3
0 -21
21 -17
27 -24
48 -18
-7 44
18 4
-12 -28
-1 21
46 15
-44 24
-41 -13
-31 26
-11 20
-9 -28
38 5
6 -39
5 -38
16 -11
21 4
34 3
30 -32
47 -47
34 -31
24 -17
25 5
-2 38
22 -8
-17 15
-34 9
-26 33
-49 -47
41 -15
30 0
41 -32
1 22
-27 45
-46 -14
41 37
-24 46
47 18
13 -20
44 27
32 2
29 22
37 -28
-6 -39
24 35
-27 -43
-41 34
-31 34
13 9
46 31
-28 -30
-43 21
-29 43
27 14
38 -7
26 32
1 2
18 28
-37 41
43 -15
46 -26
-9 20
43 -45
-34 25
43 -48
-48 7
49 22
-3 -14
-39 -7
-4 43
-3 49
19 -29
37 41
-12 -29
6 -38
5 29
-20 12
-31 -39
-8 35
-26 40
3 -5
12 46
-13 -43
-26 2
32 15
-42 -1
14 17
-15 39
-17 -37
-17 13
-21 14
-33 42
-16 -23
22 -1
-7 16
14 5
38 38
26 -22
14 -4
-9 34
13 32
12 -38
28 -45
31 44
-5 46
-31 42
-9 -6
-30 -42
-21 46
0 18
-43 -9
11 -32
-33 42
29 44
26 -2
48 -43
-18 14
5 -18
-10 -30
10 -47
38 -10
-48 -19
-48 -14
-15 -25
14 -30
-14 16
-15 26
44 7
30 -41
-8 -13
23 7
-18 -2
13 39
0 -3
-2 1
26 -33
9 -5
41 30
-24 -10
0 -29
-17 -16
46 -21
-35 12
26 -21
-9 0
29 42
-6 35
13 18
43 -7
-21 -36
-40 32
-23 32
-16 1
27 -48
22 -49
45 37
37 -28
-14 -23
-10 28
4 -25
30 21
-45 -18
8 -44
43 3
-38 -22
-36 24
-34 12
15 -35
-13 31
-15 39
-39 28
40 35
-44 44
32 -8
2 39
-8 20
-7 26
39 -38
-46 34
-47 -16
23 -37
-33 -8
1 25
47 0
-7 -39
3 -42
-48 -16
-38 -22
10 43
-46 -30
-36 15
9 -15
38 12
8 10
-26 -20
35 -14
-1 43
-32 -39
-22 -34
37 -23
46 17
47 -26
-30 -9
37 44
-22 -30
-12 -8
47 -22
-25 20
34 22
-43 27
-48 17
-35 0
27 40
7 47
-13 46
-48 31
11 8
29 28
31 -21
-23 12
-34 37
7 -25
-40 -34
-2 34
-41 36
-7 19
9 -4
-35 -21
20 8
13 -48
-15 36
23 34
42 -35
18 31
-31 -5
1 14
-35 -43
10 -4
-17 38
7 -25
37 -19
4 -47
29 6
29 -43
-30 -14
-48 39
-3 10
42 38
-21 12
-25 -20
5 -9
32 25
28 33
22 41
44 -13
4 41
8 -41
-42 37
11 41
-49 0
-8 -44
-4 -35
-47 38
-31 -43
-26 -21
-6 -4
-18 38
-26 -30
-22 2
40 -12
13 -16
42 36
0 19
4 31
41 -34
-24 -22
-6 41
29 -5
37 -9
-31 -32
34 4
-3 3
-17 -27
36 -44
29 -20
-7 -11
16 -47
23 22
45 39
34 -28
-4 18
-6 -47
-35 22
-29 -19
-18 -34
-11 40
0 0
33 19
5 45
-11 36
46 41
21 11
-16 -37
29 12
13 30
37 30
-34 40
42 10
-11 -24
17 43
-41 -42
35 -10
39 16
8 -33
49 23
21 -8
22 32
0 -15
17 48
-28 -8
-28 -19
-1 -4
8 25
40 2
-10 41
23 -15
23 28
-5 -49
-33 43
40 22
25 -3
47 35
-20 -9
-37 -34
-11 -45
-28 48
-28 12
14 -23
24 -3
48 17
-1 19
0 20
-35 23
-29 -13
-6 31
39 -10
-6 19
18 -44
0 2
-25 48
-48 7
-42 49
-43 -34
36 37
-47 5
47 -20
38 -19
32 -47
-9 -1
-48 10
3 41
14 -19
30 -23
-25 -33
-19 -15
10 -15
-7 8
-3 21
-4 14
37 -49
0 -37
-45 -33
46 11
37 46
33 -19
-4 44
45 14
3 46
11 -36
15 -1
7 -12
-30 33
-3 -45
44 -27
48 -2
7 -22
-9 -15
48 -39
11 -17
33 47
-19 47
47 -7
-43 -22
24 12
29 12
-9 3
-35 21
11 37
43 -16
22 30
43 -20
-32 -23
44 -27
33 18
42 36
35 19
31 39
-17 45
11 -41
-36 -48
28 20
27 -9
-40 17
17 21
25 43
19 6
-6 39
14 31
-28 12
19 -33
-40 8
-12 4
-17 -12
-39 9
-5 37
-28 -24
-30 17
-27 -14
-24 0
-22 16
-7 -10
19 -12
27 -20
-10 11
2 2
31 24
6 -33
4 12
28 -25
26 -43
-6 21
0 -48
14 -43
-37 12
-44 -3
0 11
19 2
-45 -48
-49 -39
-33 47
38 1
43 -49
-3 -23
47 28
0 13
18 4
26 40
-45 -48
44 26
22 4
-1 -37
-47 26
2 30
-20 7
28 -38
-22 38
24 11
34 11
-24 0
26 -44
15 -38
9 19
-11 -28
-26 14
-5 -12
-15 40
-4 39
14 11
-20 -31
-24 -39
2 -31
46 -11
49 -29
-22 -15
15 2
19 -25
-35 43
-28 43
19 -14
36 42
18 39
33 0
-22 32
-24 -25
-29 40
-22 0
15 -16
-37 -45
-22 -13
38 -27
27 3
24 32
15 17
-34 45
9 23
-8 20
-26 8
-20 46
-3 14
36 28
49 33
26 21
-21 -42
-27 33
-9 -17
18 -43
5 38
32 -49
47 -44
-45 1
12 -10
10 -42
36 -37
-48 42
30 -41
-48 -34
37 28
42 -40
-44 -42
-4 -36
-30 -22
6 -38
-8 -46
24 -31
5 45
44 -1
0 -18
-27 -44
41 46
21 -21
7 -14
-11 -40
25 -18
34 -43
-33 44
-30 -41
-8 -13
-33 -42
-34 19
0 -1
-18 32
49 -42
29 30
-35 3
41 48
46 33
-35 -47
12 -13
10 14
19 -47
32 -9
14 -36
-43 43
43 -20
-34 -23
23 20
25 -29
-19 -6
46 -20
15 -3
-2 -9
41 -41
22 48
2 -19
-25 33
-20 3
26 11
29 33
40 -41
-4 -26
22 -1
-5 -11
-27 3
-41 -15
1 -17
47 -22
-8 36
-25 -11
-6 32
-16 1
-28 -24
35 14
-35 25
8 42
-34 -11
-45 -32
32 -13
-48 -29
1 -19
-42 -17
0 22
-39 7
-37 37
-12 -28
2 -22
-10 40
-49 -19
-46 14
11 44
-17 10
3 41
9 -27
42 -12
-2 10
16 -20
-36 37
-23 -36
34 -43
-28 -7
42 32
49 -39
49 40
-2 -16
-33 36
16 -20
-13 -35
3 3
15 -2
-26 31
42 14
-45 -28
-27 48
-12 23
-40 26
-8 34
-8 -45
-16 -40
1 48
7 33
30 42
-23 -21
-45 14
37 -12
20 1
-47 1
-17 -36
14 0
-5 46
37 -28
-6 -11
13 49
-23 -12
4 -13
23 -9
-24 43
0 -43
16 -13
38 -38
-21 9
34 -38
-13 27
-4 -48
18 -15
3 -8
24 49
37 -41
-5 12
41 -13
-2 39
0 -32
18 -44
31 33
0 31
43 31
3 -5
4 -28
49 -2
-32 45
-10 -34
-6 6
15 24
48 -17
9 -48
-13 -35
-19 -14
5 -13
16 38
6 49
-29 36
4 26
12 -4
23 -37
0 4
40 -24
-41 46
-25 23
39 -41
-39 -36
49 36
35 -17
-12 -39
17 2
-13 7
-11 14
0 -48
-25 6
-13 -47
-30 -48
20 11
-12 46
0 -11
-17 -31
11 5
48 0
26 -8
31 -45
-32 1
-46 0
-27 -31
-1 18
-17 17
41 -1
-42 -39
-43 7
-11 44
9 -30
-18 10
20 -42
-18 40
0 -48
17 36
-41 -17
18 1
29 -8
-34 -11
13 -11
41 -47
-27 25
10 -22
23 -43
-40 6
-40 35
-43 25
25 28
5 0
30 41
24 -49
-13 17
38 -13
49 35
-49 -9
0 -12
-35 -42
-17 -39
10 -49
40 -5
-9 23
-6 -9
-42 -2
-46 -4
40 -40
1 -32
-38 -43
41 40
1 20
14 -3
-27 -26
-39 21
-38 -42
25 11
-49 -39
39 40
-23 6
43 -43
38 23
-1 21
-26 34
-13 46
-29 40
4 -25
-33 38
-39 12
32 -40
12 -12
-46 -40
11 24
30 6
-21 4
19 49
15 -37
28 39
28 25
-39 -4
45 -13
-43 -12
28 17
0 -5
19 -3
4 -41
-8 32
-20 38
-49 13
-47 0
19 -13
19 40
14 12
10 -44
-47 7
6 22
29 -25
-45 46
-13 0
37 47
7 -37
-16 -30
-22 -49
30 48
19 22
-47 -1
37 -5
-13 6
-6 -31
31 12
8 5
-43 -21
14 1
11 15
42 -30
-46 -39
32 -26
-46 -3
45 -9
13 -42
-42 -2
46 47
-41 -4
-12 -18
24 -37
33 -34
-20 -33
21 1
-44 0
5 -37
45 4
-28 33
32 16
-23 -6
44 0
32 8
-22 1
6 -32
11 -15
8 -6
2 38
9 -13
30 -42
27 36
-35 15
-21 -43
-48 41
-12 -44
38 5
21 39
0 -4
0 6
17 36
-37 46
16 -19
47 -11
-32 7
-15 5
-23 -13
-17 -24
15 1
5 37
-28 38
28 -14
-40 0
0 25
37 41
-30 25
0 8
27 -30
-10 49
28 -35
48 41
26 -40
-30 -40
-22 33
-19 33
-24 0
35 -43
30 -43
-6 -40
39 -18
38 -23
1 48
27 0
46 -28
-22 -48
46 46
46 -17
-28 -20
15 -45
9 -49
-24 -44
8 11
-3 -28
35 4
-34 16
-22 17
16 49
39 25
5 -14
-23 12
18 11
29 -29
25 -20
-14 0
9 30
26 9
49 48
-5 48
46 4
31 23
-14 -22
-21 -3
18 -18
29 -41
-24 -49
-21 -25
19 13
32 6
41 49
46 -17
4 47
0 -14
-15 23
-47 -40
-37 -13
-5 43
39 44
-18 25
49 -36
45 15
-8 -41
-47 -3
-29 27
-48 -1
-13 -30
45 -13
1 27
26 20
25 38
23 -42
-19 35
-24 36
0 -30
-32 -19
31 -35
-42 -36
5 24
-17 18
-23 -48
-34 28
-31 -16
25 40
-42 24
42 21
39 43
-22 29
-13 -27
-1 46
-42 25
-46 46
-27 -24
9 27
-7 26
11 -40
11 -16
3 13
6 43
32 -45
33 32
-20 -18
-8 49
-41 -21
40 49
-4 40
-12 6
10 -8
-26 -23
34 -18
-13 31
46 21
6 21
35 18
-46 -32
1 -48
-45 13
29 29
-47 21
39 -14
22 12
-47 -7
37 -46
12 -41
-44 22
-11 -45
-49 -45
-21 11
-41 -18
-14 0
49 32
-41 27
-1 45
-49 4
27 -5
19 -1
2 -14
-6 -16
30 5
0 -10
8 -38
6 -33
-27 39
37 -2
-41 45
-22 -28
-8 -19
-41 27
13 5
-21 -49
13 21
27 46
33 -23
-18 33
12 -30
-23 -34
-28 -25
-8 -6
-22 -36
-35 -20
-45 32
-1 -2
34 -39
36 -37
-45 -29
-14 41
-23 37
-32 -21
-21 15
-49 -44
4 24
29 -20
34 40
23 45
-26 -29
15 -3
33 -2
-11 11
14 -10
-8 33
49 45
43 31
-40 -43
-22 26
-48 9
-45 34
-6 46
-25 31
-37 27
-6 -13
19 22
-15 46
29 47
-38 -48
-1 35
-4 -6
-8 12
25 23
10 -12
19 -3
-11 31
47 32
45 -46
19 48
-49 5
-36 -39
18 -14
-46 44
-44 -5
40 32
-42 37
19 28
47 17
29 -28
38 -21
-9 -20
45 24
-9 17
37 -15
-35 27
0 -8
-47 -39
29 33
-30 -7
-34 24
28 40
-35 36
-4 -34
2 -36
22 1
-7 -12
-36 -10
17 38
-23 16
20 0
20 9
18 10
43 7
19 -21
44 -14
32 -8
-3 40
23 39
-1 5
20 43
14 -39
-28 -29
46 33
-12 -9
-14 -1
8 1
49 -30
-47 -13
22 -32
24 29
-16 35
-36 43
2 27
8 8
47 -19
40 -6
-43 -11
47 5
-25 -9
-9 44
-39 -25
-15 -13
38 40
32 -39
34 -18
43 -32
27 21
25 -33
29 -10
49 -31
43 35
-17 -31
-40 18
25 34
19 35
16 25
16 29
45 20
-10 -42
-44 26
-28 27
-42 -39
39 -30
9 -44
-46 -2
21 49
22 36
-7 44
46 -2
23 27
30 -29
29 49
-35 -21
-46 36
43 26
-15 1
-18 9
-29 -16
-4 -48
11 14
34 26
-27 45
38 2
7 -49
23 36
-26 -15
-4 -8
8 -13
-34 41
31 -37
21 18
-26 13
0 -35
-21 -14
15 10
39 -27
31 -4
-24 4
-29 -34
39 17
-25 -17
-41 44
28 -21
24 40
13 -48
-33 -33
-8 -4
25 15
13 0
-38 -38
13 14
-49 36
45 32
-4 35
-45 49
-1 -44
-15 18
-37 36
-14 7
33 -39
32 -19
-47 36
-29 47
-35 28
46 -48
2 -35
-29 31
5 -41
-16 -31
-7 -47
38 -19
24 -36
-9 -16
-49 44
-1 -12
-2 -23
10 0
49 -24
34 -33
38 5
-34 -24
28 31
36 29
-46 32
-49 -42
48 31
-34 15
-45 45
-49 23
-23 0
41 27
30 -46
49 -48
-30 30
-30 44
47 22
16 -49
-22 45
-43 6
40 19
-33 9
8 0
-18 7
15 -24
38 -38
13 3
18 25
-30 -17
47 -39
-12 38
38 -14
-4 -9
-12 20
-5 9
20 36
42 -10
7 -31
-38 49
-36 -21
32 -31
-24 0
6 -34
-24 -21
-31 -17
-2 -41
-20 2
-25 -41
-32 1
-11 -48
44 -42
38 -49
23 -3
-30 -6
36 -29
-19 33
-24 -18
-34 41
-45 -23
36 23
21 40
23 40
-16 -6
1 -35
30 -8
-35 17
-39 -14
42 34
20 -26
-37 -15
25 18
-27 -7
16 48
-22 34
13 -1
-29 4
10 -34
24 43
-16 -29
-23 28
-37 28
31 12
7 3
9 -41
47 -45
22 19
35 -3
-41 44
25 28
37 -47
29 -12
-23 -44
-31 -22
-39 -47
26 35
-36 26
1 28
31 -13
-25 19
13 24
35 19
-40 21
-40 -29
-32 34
-19 -18
-46 -13
-8 29
-2 16
-17 13
-45 29
-48 3
22 22
26 0
23 3
-3 44
1 47
-16 -30
14 -48
-24 6
-4 -34
10 -21
-40 -29
14 19
-39 -25
14 -39
19 -35
-41 4
29 44
-43 5
-12 30
-7 25
-5 -47
48 21
-39 27
-26 30
-13 37
-44 19
-7 30
39 43
35 24
40 18
11 -39
-11 9
24 -23
-21 49
-34 44
36 -1
9 0
46 27
10 -37
1 18
43 0
-37 -3
-13 -43
-29 6
24 -41
27 -18
12 32
38 -22
-23 -19
0 2
13 -28
47 -30
12 42
-6 25
-37 30
39 8
-48 38
-5 -36
-4 -1
22 -29
-21 -18
28 47
29 40
-1 31
-18 39
25 30
-5 46
8 22
-2 -2
-40 8
-34 -33
0 32
42 -23
-27 44
40 -3
7 23
29 47
1 -48
24 42
9 -41
-22 28
-42 -31
-16 -4
11 -48
-21 47
-49 19
7 -27
-47 -12
-24 13
39 -43
-14 18
36 -23
-41 25
-46 28
-31 -25
-46 33
-7 9
26 8
4 -48
19 11
22 -32
21 -23
38 -31
-32 16
39 -20
49 -32
28 44
-49 -23
-18 -13
18 -7
21 -44
-38 -30
10 -47
41 10
-11 -12
-33 4
-3 -20
4 19
3 -46
-3 19
-12 18
-15 -29
28 -44
-22 -44
-39 18
45 48
33 13
-45 -7
-29 -21
-34 -48
-41 -23
-33 -17
44 22
-27 -23
14 0
-31 -1
-4 -2
-9 -12
-47 -36
7 -5
44 -36
22 24
-26 44
0 41
-20 30
18 -16
42 -22
-35 -21
-13 -41
16 -33
37 -29
13 10
41 36
44 -1
46 -46
4 19
32 -14
22 33
-14 -11
2 -8
-38 -31
6 24
3 48
-1 -32
45 -2
-41 18
11 -40
11 -39
11 -35
43 -7
33 -37
31 18
-41 -46
-24 -42
-36 35
10 4
24 -8
-28 -20
4 -21
-3 37
-2 48
-16 16
-10 -40
-34 12
35 8
18 47
34 -26
7 -13
7 -39
-38 -48
-39 -45
-41 4
-42 -21
-31 -25
-11 -48
-10 5
43 -4
-1 -27
3 -44
4 25
37 -5
-25 28
18 41
-11 -7
-47 -43
31 -16
9 47
23 -22
43 -39
-30 24
-7 27
-41 41
18 0
11 24
-45 37
1 17
25 -17
-44 23
-27 37
-29 -25
15 20
-43 -8
-15 30
13 -6
12 16
-12 24
-20 -39
-1 31
8 25
46 -43
30 46
28 49
-10 24
32 -11
1 27
22 -43
-39 39
-3 -33
-25 35
-20 -39
2 -7
30 -37
-1 25
14 47
3 -10
-27 44
48 38
24 42
41 48
20 29
46 -33
39 -7
0 29
-6 -37
-10 42
-47 -5
-40 47
-20 -37
-27 -12
36 -32
-23 41
-37 28
18 -20
-1 10
-34 -39
16 4
37 20
21 34
40 -25
-3 31
-13 29
0 24
-46 20
-12 47
5 -19
-36 -7
-21 -37
-22 10
34 -41
-47 26
3 -17
-37 49
-39 20
-15 26
35 -17
5 -19
26 -40
18 11
24 31
9 33
15 20
32 12
-32 -11
-25 -24
-6 33
30 3
-38 8
38 35
-41 29
-17 23
-14 -17
42 -42
-49 -24
43 2
-49 -7
-45 38
0 43
6 -15
-39 -31
38 36
30 -5
-8 14
39 -14
-25 42
-47 43
-30 34
39 36
47 -41
-16 37
-16 3
43 -37
-41 29
14 -37
-1 36
3 36
43 7
-5 -42
8 24
-12 23
-8 -36
-11 15
-23 -10
41 -24
-2 -34
-33 -25
-18 -21
-33 10
-8 -16
-9 -44
8 -1
-24 10
33 0
28 -16
-6 -46
-6 25
-34 32
10 0
16 36
-10 -36
-43 0
2 -38
6 -22
-22 13
-16 -19
-39 -26
-3 -35
15 24
31 44
-6 14
47 -33
-18 46
15 -21
-40 29
15 -45
23 -10
40 12
43 26
-43 -17
3 -25
-27 15
24 -18
-30 -37
-30 -23
-25 35
7 46
28 -18
49 -24
20 0
-9 14
-30 2
41 -21
18 -12
-9 -20
4 -18
27 -29
-11 43
33 12
3 -26
-31 2
-32 7
9 17
-40 8
25 43
-41 -27
26 -40
19 -14
31 33
31 -20
19 -32
-49 -26
14 20
48 39
-1 -42
-16 49
27 -14
-27 26
-46 27
45 15
44 -43
-29 -29
27 18
-38 47
40 -7
36 -27
39 -47
16 -12
-48 -19
-11 -4
27 -25
-25 -20
-28 -28
10 14
22 -24
23 7
-37 -49
48 27
-14 -36
-22 -9
-38 24
-20 -37
-31 14
-49 37
17 -35
12 27
-18 25
10 -33
-13 27
1 -6
-28 32
39 46
-18 -22
-44 6
-46 -15
-17 18
42 41
-9 -32
39 -14
-30 -8
-21 -12
-27 22
-37 34
14 31
-4 18
16 -38
-8 28
44 -16
10 10
-43 9
-13 12
16 3
29 33
5 -37
26 0
15 -24
6 37
-31 2
21 -22
38 47
-44 3
-33 -15
2 -27
18 25
47 -22
-9 0
16 -30
40 -15
23 36
10 37
-2 -23
45 -3
25 -28
-25 11
-2 -12
36 -3
-12 -33
4 21
-31 -7
22 18
-18 16
-41 -43
48 35
-31 -21
-22 19
11 -20
-2 19
39 -7
-25 32
-5 35
-29 -5
49 45
25 -34
-34 -31
38 3
-31 -39
29 -38
34 -44
-12 -44
28 31
0 0
35 -12
47 -48
41 7
11 -3
33 39
-48 -14
31 -43
-10 8
20 31
14 -1
20 40
-9 47
7 -30
-20 -45
32 -20
-2 -24
43 0
-23 -34
17 -9
23 41
7 33
-9 -11
-14 16
-11 -42
-38 23
39 -33
17 -1
28 45
48 -5
-13 -9
-7 49
39 2
-17 -43
-28 6
42 21
-23 43
-37 -36
14 -15
35 -5
47 -49
6 -16
15 33
23 16
-22 17
-4 4
-14 27
41 -29
42 -32
-44 -14
-39 -26
13 -41
-17 -4
32 28
-20 42
14 18
-46 -43
39 27
44 28
2 24
-23 0
-29 30
-10 28
-4 23
-15 12
13 7
12 -49
-16 15
-6 -45
13 15
-34 -19
-10 -12
35 -49
-37 16
-3 -20
13 44
21 8
18 -39
-6 -12
28 5
42 -28
-19 -28
-32 -39
24 -39
22 7
-34 -28
-22 -48
-3 -3
-39 13
-19 -47
-3 23
36 46
-49 -21
-26 -28
-49 -29
-17 26
-41 31
-3 14
-9 43
13 40
-14 -28
41 -12
-12 -48
11 -3
-35 -38
13 3
42 -43
23 41
-47 13
44 -25
-37 -11
-6 22
22 22
-9 46
49 -35
45 31
-27 11
38 20
-11 -39
45 -26
-2 -6
22 48
47 -7
-29 -11
-8 -26
34 2
10 1
47 5
-11 32
-24 -42
18 37
-34 11
40 -17
-25 27
-15 -2
-41 -44
1 -29
-25 47
5 -37
15 35
-27 -21
-23 6
-1 37
-34 28
14 45
-32 -46
8 -13
35 -36
34 3
-11 33
-5 9
2 43
12 15
24 39
-18 24
-36 -19
16 45
0 -15
22 40
0 -21
18 5
33 13
17 18
17 -4
29 -47
-27 23
-6 -19
-8 -33
-16 39
20 -33
28 12
36 -42
-31 42
21 35
-27 43
-29 -3
-24 4
-37 -25
12 31
-15 -3
0 -16
19 -44
-32 -29
-6 -37
35 -5
38 13
27 -3
44 49
33 -28
-46 35
-44 -30
23 19
23 -4
-40 40
32 43
-39 4
17 -26
0 1
3 -29
44 -14
34 46
43 -11
-45 -18
-12 27
27 -23
-48 44
37 -48
0 -49
5 35
-32 20
13 47
-22 12
-34 -6
-31 12
-7 -8
-1 35
-10 -18
-31 10
-27 15
-21 10
-38 -22
-24 29
20 -16
-47 -48
27 44
13 -21
48 -11
-34 -13
-14 0
-14 10
-28 -23
-13 14
-20 25
25 39
46 41
-9 -47
-48 26
-24 18
38 -11
-30 -39
-44 -4
-21 26
-40 -31
-38 22
47 -40
-26 1
-23 33
17 8
5 3
39 15
-16 -42
34 -44
44 -11
13 -19
-20 24
30 36
18 28
-6 28
5 -20
47 14
40 -9
-8 17
34 -3
-9 -6
-36 7
3 36
1 9
-46 8
-21 -48
-2 27
33 0
-10 28
-48 -6
-40 38
10 -47
9 -40
-2 33
38 -20
-33 12
36 -36
43 4
-36 49
18 9
-49 46
-36 -40
47 39
-35 26
-22 -32
-38 4
-2 -45
15 40
28 -22
33 48
-20 -7
28 -48
-5 -10
-39 -39
29 -24
-32 -22
34 38
-9 -32
-12 21
7 -8
31 -14
6 39
11 6
-43 23
-13 -33
19 32
-1 -43
-34 42
-8 1
0 -11
3 -43
40 7
-2 2
-42 24
-44 -21
-8 -44
-46 -41
18 45
-7 -35
-25 32
7 -27
-25 -36
-26 6
2 31
-28 -11
-2 31
42 23
-45 -37
8 39
33 -15
47 20
-12 -26
-10 -24
34 -18
34 -27
32 11
16 -9
-15 -23
-17 -17
48 -28
33 38
33 -44
39 -1
39 -16
44 -4
34 33
-22 -12
-21 46
30 32
-37 -17
-18 7
-17 -8
25 -7
48 -48
26 14
35 29
-4 -14
-36 -15
31 9
-42 41
32 -47
33 -49
-27 5
-41 -5
48 49
-31 45
-3 -36
32 -3
47 -29
46 36
-16 42
-24 25
-3 -3
-31 45
34 43
42 -2
28 35
-10 -10
-17 -38
-44 -49
48 16
-9 46
-37 -38
-42 -27
28 19
32 -5
-12 -47
49 -9
3 -26
28 46
0 13
-34 -4
11 -44
9 -11
20 6
-21 -12
-49 -42
-23 -22
-2 -17
24 42
15 30
-42 -31
23 44
11 -49
-38 -10
22 -21
0 -42
29 -16
14 -34
22 -2
31 -11
-11 -32
-8 29
44 9
2 25
49 -14
35 16
8 -18
-35 23
28 43
-39 38
-42 40
33 -40
-19 49
-34 -47
-7 41
-23 -2
-4 9
-40 36
-25 -16
33 -5
-29 43
12 -34
-16 -45
16 11
38 48
24 19
14 -6
-37 -4
-46 -9
-34 48
48 -2
49 47
-14 -6
44 -26
19 22
-3 5
-41 43
1 11
-19 -48
-4 -9
32 49
32 43
26 33
-34 4
33 8
-9 -34
38 8
17 -18
-37 -20
24 0
44 -29
-33 23
38 -37
-48 37
20 47
34 -31
-29 20
-41 -37
-18 -6
26 -12
-48 20
7 -38
16 9
-15 -6
22 -41
-34 24
-12 -42
36 14
49 -4
-12 -2
-9 29
5 -32
11 36
42 26
40 -29
39 27
-2 5
29 24
44 -11
-20 -13
-47 22
-48 32
49 -13
-13 38
17 -28
29 -34
10 9
-23 39
-26 7
-18 -37
-2 -20
43 36
-37 -30
-9 -15
25 -29
-25 48
49 -33
44 22
6 49
-22 -47
-33 -27
22 13
32 -26
-18 8
23 43
44 -15
45 22
-20 25
5 37
37 -45
-36 20
20 -45
-26 8
-38 -21
48 -36
-23 46
36 -6
-1 10
-45 49
29 32
-21 33
20 20
-14 -3
-24 4
42 -29
-38 -10
39 -20
16 -4
13 38
-22 -38
40 36
-1 3
49 23
-31 43
-29 7
29 -1
49 -39
-18 -29
45 17
-47 -1
-35 7
41 -25
23 21
-8 29
-11 -8
-39 31
13 -46
-18 -17
-22 43
25 -26
32 -29
39 32
-5 38
-20 -13
34 -27
-39 1
-21 31
23 35
1 35
28 -35
-31 48
24 -15
-26 -4
-24 27
-48 -39
-10 2
-48 -31
47 45
9 -31
-41 -21
18 -7
34 42
-26 -36
14 -21
38 32
-4 -47
24 -44
6 26
42 -26
-28 0
-9 -35
-37 -19
13 2
-29 -7
30 27
3 46
16 -41
-19 -16
8 -22
7 -46
-47 -21
16 25
-4 -28
-21 -33
22 -7
40 43
-48 -1
16 26
24 44
-14 -30
-23 -20
2 35
31 25
-21 40
34 42
32 34
28 -47
-42 46
-7 47
-29 30
-20 42
9 -39
11 -26
7 -22
-22 -49
-23 22
3 7
44 17
-1 -29
22 33
32 -10
30 41
44 28
42 -17
15 16
31 12
-40 13
-48 27
-29 -8
9 -34
-48 14
15 -6
-6 -21
31 -3
-40 -23
-24 -47
-24 6
48 -30
31 -15
-10 12
3 24
6 33
24 27
13 26
-21 2
-24 17
26 29
-36 -18
-39 26
26 37
-37 27
-48 -40
29 49
-32 -45
-44 31
-16 -44
6 -27
40 43
19 10
-44 1
-9 -19
26 -24
28 -9
-5 34
-10 -35
17 27
-6 36
24 5
-41 -11
-48 -38
21 -26
-45 19
-18 -8
12 35
-45 -22
25 49
44 32
-39 -47
0 8
-45 -32
-8 18
11 -47
17 -4
-34 -18
-25 -25
15 -6
8 -8
3 -18
17 44
-10 -10
22 43
-45 21
-35 25
-10 3
-4 -42
30 -4
-6 -10
-46 4
-36 -44
-3 -14
0 29
34 31
22 48
34 -9
-19 42
3 41
34 -31
-24 -36
-8 41
1 26
-3 47
-41 8
44 38
-33 11
17 25
-26 23
-45 -37
-42 -4
-16 20
19 -3
-14 0
-40 -21
-14 15
-27 -29
36 -44
47 -15
-42 14
47 -47
-47 0
20 -3
-47 -4
-1 27
-18 17
-37 33
25 -39
-8 0
-1 0
-32 -47
37 42
48 -25
-45 42
-49 -39
-20 43
32 -47
42 9
26 -45
-23 -5
-49 4
-19 31
28 28
35 -27
-40 30
-47 2
-7 28
38 16
21 48
-44 2
43 27
-3 13
-46 48
43 -24
-48 -38
8 -38
43 6
-24 33
33 43
3 26
41 -44
-1 -41
39 -49
-43 -49
46 47
27 20
32 -49
2 -33
-48 -39
-2 -43
-36 3
-18 48
10 27
6 -41
-18 -22
8 -13
36 -1
-22 -39
-44 36
43 -33
-37 -37
-7 41
-18 8
-11 3
3 -18
-6 -24
-3 33
-35 47
10 25
48 -10
48 -46
25 -30
10 -1
17 20
-37 -3
22 -11
-40 4
-15 -21
20 49
18 3
-31 -7
28 -46
47 -46
13 40
-34 -29
44 22
-43 35
-45 27
10 -12
-45 -39
9 -27
4 -49
-22 17
-46 38
-11 -39
17 -32
-32 0
-7 -28
-10 17
-49 -23
14 11
-16 -34
-26 -40
-22 -44
6 -11
-16 42
-45 13
18 41
27 8
-6 -22
-9 -32
-2 -6
-15 2
-24 -41
16 -35
-40 -28
0 -21
-20 44
39 -1
42 25
-45 -48
27 11
-29 -35
-14 -36
32 8
-3 -17
-14 -37
-4 -34
-6 -15
7 -4
12 -25
13 38
-29 1
-3 -44
9 -48
-30 39
-15 -4
35 -28
-25 -14
-3 24
5 -43
32 -27
-3 -46
44 -22
11 26
14 -42
40 48
26 32
24 -45
-15 26
32 -49
-18 17
18 -1
6 -16
-18 -4
30 -49
40 8
49 31
47 34
-29 -25
-24 48
3 -27
-36 16
28 33
-41 32
48 7
-49 5
-39 1
8 -10
34 -11
-13 40
-8 22
33 -28
5 -41
27 -7
10 27
42 -25
-25 5
-13 -35
-37 43
-44 45
38 -6
19 -41
31 -10
0 -15
-16 -47
-29 -12
-27 44
29 -38
21 -49
-27 24
-47 27
17 22
-47 -29
21 -4
16 12
-9 38
-36 -39
-39 -24
-33 -9
21 33
-18 46
27 44
39 27
-4 -8
-42 7
-19 -7
10 0
9 20
-47 -34
-15 5
-32 -5
-32 39
38 35
30 -40
20 12
1 0
46 35
22 0
-48 9
11 -26
20 -44
45 -2
17 -43
0 46
-43 32
9 -6
-38 16
-24 33
43 -11
26 -17
-18 -36
7 -30
32 12
-28 -6
-9 -13
-6 -40
-10 10
21 -22
42 -36
-43 -5
30 47
-6 -8
10 -12
-30 -47
19 45
5 -46
-39 -11
6 -32
-1 35
43 11
31 -17
40 -2
-28 49
6 31
34 33
46 -38
-45 23
-36 16
21 17
-16 5
-17 38
34 3
-10 24
-40 17
11 8
-5 2
25 34
4 16
-23 19
-44 -25
-4 49
1 -30
-12 -46
-32 -41
44 -24
-38 18
-33 -37
-35 -5
-38 -13
34 21
-33 -22
21 19
15 9
-15 33
26 -34
14 4
-29 7
-14 0
46 -33
-4 -20
48 -40
15 9
-13 -26
29 -35
-18 -29
45 -43
32 -48
42 -5
-27 40
-49 -9
-19 -14
-14 9
-28 -12
2 -42
20 14
19 49
24 3
8 -16
31 7
-29 -19
-49 -11
16 8
25 -45
0 23
-40 -8
-11 10
-12 8
10 -14
15 48
20 -29
2 -14
-37 1
4 0
-35 -45
-17 14
-17 32
-27 25
-28 20
8 -4
-4 -6
20 46
-32 -14
-33 0
-16 -7
0 48
23 -4
-45 34
-10 7
20 -49
0 -7
49 31
-6 41
-16 22
-48 -25
8 -33
38 19
-8 21
40 -17
13 -6
-11 25
-9 -11
-7 -38
-16 47
27 -5
-26 46
-17 -5
41 -26
-43 1
13 -14
49 -9
-30 -31
33 15
38 5
-37 -23
21 38
-43 13
49 -16
1 36
-38 25
6 -36
35 -33
17 -18
-45 49
-20 34
-37 12
-20 -44
23 -43
-22 -10
23 23
37 15
42 -13
-42 46
-30 -42
48 17
-47 -1
29 -45
-22 4
48 19
-10 4
-29 -13
11 -42
-38 -20
-17 16
0 -42
-12 26
-13 -2
-36 -5
7 26
-49 -35
8 44
-23 -44
-40 24
16 19
0 -31
-7 -13
14 31
-48 10
41 -32
-31 -41
8 -7
-32 0
49 -17
7 49
7 38
-10 31
5 41
-6 9
45 -47
-4 12
30 49
22 36
-30 14
41 2
26 28
-42 43
-27 -11
35 11
-1 29
-35 27
4 49
3 27
20 -19
11 -17
-41 -28
-21 28
14 44
39 11
-9 10
-9 41
-48 -2
-49 31
33 -44
-44 -33
-11 49
46 -27
-22 38
-30 -35
13 -24
24 13
-39 24
-21 -17
-46 18
25 17
-16 12
-35 -30
-33 -6
-26 -47
24 39
-21 0
27 -3
-38 0
46 43
0 9
-19 -6
-29 -1
0 44
9 9
10 -36
18 -14
-29 46
16 44
-46 -5
-3 6
36 -36
49 -6
-29 -30
23 23
15 34
27 36
26 -1
15 47
26 -38
-40 43
-35 -27
-14 -45
-2 1
43 45
-32 39
-14 -15
-9 -3
49 6
42 -47
-26 15
27 14
33 -9
-31 14
-32 -29
36 33
-5 15
-3 33
10 -3
-46 0
-30 10
-3 -39
-28 19
47 49
-40 48
-16 -29
40 -17
-46 45
-10 -10
-35 16
4 -8
36 1
-21 -19
-2 -46
9 -47
19 -17
-45 -10
-45 28
47 -41
34 -10
41 -39
17 -26
15 -32
2 -3
23 37
-38 44
40 -19
40 -28
28 -27
0 4
-25 3
43 14
18 27
-6 39
-6 -40
4 -13
-40 34
-48 47
-43 -15
-38 17
14 -27
-20 46
7 14
-16 19
-10 -24
40 -5
37 -41
39 31
7 -26
46 10
22 16
13 -19
14 48
-5 47
17 -30
-46 43
18 38
3 43
-32 -36
-33 24
31 27
35 -36
-38 -25
9 -3
-30 14
-11 11
-48 5
24 -22
4 32
1 -45
0 -39
23 13
2 -22
21 16
43 5
26 19
-19 46
0 7
-41 -1
-1 -10
-37 27
28 15
0 -39
43 -38
17 -43
49 -34
37 2
-45 23
22 49
-31 25
-17 -46
23 -21
-35 -16
-31 23
28 30
-41 16
-14 -31
23 -22
15 -32
-34 45
42 43
28 -6
-11 -22
-2 1
12 -19
5 48
40 23
-37 20
-10 -6
-34 -21
28 21
-44 49
37 -24
17 40
13 -8
-34 36
3 8
-36 10
-22 -43
38 5
6 29
26 46
-9 17
33 37
43 42
-19 10
-41 -16
-7 -9
-1 2
4 -43
-41 24
-6 26
31 23
-38 2
38 -19
-18 48
-20 -13
-24 -46
-41 34
-17 -45
17 31
-19 -49
-16 36
-46 -47
33 -22
22 46
-46 -43
11 16
42 6
-19 -46
0 -34
-38 -49
22 -11
10 -5
-16 3
1 6
-41 45
38 -37
-28 -24
-18 -21
29 -15
-34 -27
-31 -27
46 -43
-42 31
26 -46
-15 30
-19 10
30 -33
-30 21
1 49
47 48
45 35
0 21
-42 -42
-21 -25
45 -29
18 43
-16 -18
-29 12
37 -28
-23 35
41 -48
-31 5
23 18
-18 -18
-44 -25
-18 -14
-11 14
-43 8
40 24
26 -28
0 -19
32 43
-35 -42
3 -35
46 -37
18 33
-3 45
-27 20
-5 -1
-12 8
32 -30
43 24
-47 -16
-37 31
-5 39
35 15
-22 11
4 -17
-42 17
49 21
42 -12
28 -33
32 -32
-38 -9
-25 42
-5 34
19 -47
38 -39
12 -12
-37 -28
12 -40
22 -20
-47 -3
-4 -23
13 18
46 -36
-15 -5
-39 44
-7 44
-27 -17
27 9
-45 32
-8 24
-42 -18
25 -10
-47 -45
-31 22
5 -2
-41 12
-27 47
33 -19
48 16
-23 35
-26 9
8 31
-38 -11
-28 -47
-37 -17
20 -40
17 -4
32 -30
-35 49
16 -33
28 28
-40 14
-32 -44
43 31
29 39
27 26
-28 -11
-44 -14
-1 -41
19 13
-12 -38
10 12
33 -8
-18 -47
-31 -13
-3 -29
13 44
-38 -12
-27 45
-9 -11
15 44
39 41
-21 -22
27 -25
-25 41
-46 45
22 -45
-43 -43
7 18
-18 -37
15 9
-15 22
31 43
43 35
-48 32
-36 45
39 42
21 19
32 -43
46 4
38 -35
14 -44
-38 2
28 42
47 -11
-23 -7
-13 40
-46 12
-1 -15
14 -14
-20 -3
43 5
19 8
27 10
5 18
-13 -24
-39 33
23 -27
3 -38
-14 -14
8 15
45 12
-18 -18
-33 44
8 48
-6 22
9 17
-26 24
-33 -22
17 35
-47 27
26 -39
14 -44
25 49
-24 -3
6 -26
-36 -39
28 -9
24 33
-8 -16
-26 30
18 41
-41 24
-41 -16
13 -37
49 -26
-22 7
33 6
-4 -11
-41 -26
-10 -5
-48 7
-6 20
-23 48
1 43
43 20
0 46
-22 36
25 -27
-15 -10
-30 -2
-14 -20
33 48
-36 -29
49 17
49 19
15 4
45 -43
6 34
27 32
13 -22
-49 -35
-8 -24
-36 5
27 48
-30 -3
0 3
39 20
40 39
-10 -31
40 -45
30 17
-13 7
-9 47
-19 8
6 21
-39 14
44 -41
-32 18
-39 -18
-30 -3
33 -42
36 -11
31 41
35 32
-43 -42
31 -37
-16 43
22 0
0 -26
27 -23
-47 48
-44 -27
-22 24
15 -13
43 -7
27 -27
-5 -9
0 -42
-21 -49
36 20
-41 37
2 2
15 46
-12 16
-46 30
-8 -20
-33 49
-49 47
-36 23
-36 11
17 42
-31 19
-3 -15
-42 -35
10 35
44 48
44 -16
-19 12
41 -11
-41 -37
-9 -21
-37 -26
-11 49
-2 -5
42 -42
-20 -13
-30 19
-15 -24
48 15
8 -26
4 2
-39 -48
45 -1
5 5
15 15
37 -15
15 26
22 -42
-1 -46
33 15
-26 -22
-3 25
-47 26
-35 -5
6 2
-17 -41
48 38
33 8
27 -5
13 -5
-33 -45
-30 -39
30 41
7 29
40 -23
-11 -12
-49 29
-41 -48
-9 43
-23 4
-38 -28
-25 14
30 2
31 27
-29 -6
-48 41
-28 30
1 13
-1 -12
6 -27
-25 -2
16 5
43 20
-2 10
12 3
-12 -15
-30 -37
-5 9
-49 36
33 -40
-24 -39
10 31
49 15
-45 -47
27 -17
-23 -45
49 32
-46 -44
-38 11
29 2
5 6
0 -35
-7 46
-44 45
-40 4
-42 24
-12 -44
-11 -25
-21 -7
27 36
-19 -10
-17 -39
9 35
5 8
-49 32
-18 -48
2 47
18 -44
-22 -23
-29 -43
20 -41
-3 -23
-47 15
-21 28
43 -42
26 -32
9 18
-29 -47
10 27
-47 47
2 26
39 -10
-19 -24
35 4
47 -41
-11 25
0 25
0 -12
-4 -45
-22 49
2 35
13 4
15 -26
-43 46
-20 46
-18 9
1 13
20 -35
0 -23
-49 -32
28 -46
47 27
-23 21
-39 -48
24 -1
22 -31
-19 24
-14 3
34 0
44 17
-16 20
49 -42
-14 -13
-27 -13
-39 -20
8 16
-7 -4
-46 0
-17 -9
40 25
-41 35
-46 -15
-6 -32
-26 -17
46 -14
-29 36
34 -24
-40 -22
42 24
0 -17
-23 -7
-37 -36
36 44
-10 31
-34 -30
14 -16
-18 -5
1 0
-13 49
-25 12
9 -44
-30 20
12 -44
-23 3
21 34
10 -15
-7 -45
-35 18
-28 -43
40 -13
-24 -26
44 1
19 -43
-4 -41
5 13
0 34
22 18
-32 13
17 -23
-44 -41
-21 24
-8 45
5 23
-20 -39
-48 -17
-46 45
-21 14
-30 -31
46 -25
3 28
-5 7
-45 -3
5 25
1 -2
41 4
1 29
37 -14
6 -24
32 -19
25 48
17 -7
13 -27
-2 35
31 18
13 35
-8 0
8 -46
35 19
14 -48
-43 20
-24 -47
-46 -36
-12 16
18 -1
-17 -36
38 40
-26 20
-47 10
-30 -22
16 -7
-2 35
8 7
-35 45
-35 -9
-28 10
42 49
27 10
-8 -10
-7 -35
41 47
-30 25
-39 -44
-23 44
-22 0
38 -32
32 18
-13 -14
0 -16
5 -35
32 -23
28 -10
-21 -44
-20 -4
-28 -38
36 -13
14 -27
40 13
-44 42
-32 -25
24 18
-33 29
-2 21
-21 42
48 29
-2 27
-13 -36
-49 9
13 20
-41 25
-19 37
-10 -49
-2 -23
33 -16
48 -10
14 -12
42 -43
-29 28
-34 -37
11 -41
23 16
47 -41
21 21
25 7
-29 -36
38 25
23 -32
-3 42
-2 -18
-37 22
-8 49
-17 -36
-4 3
-10 29
-30 -8
17 -31
-18 12
48 -21
15 -2
-1 -44
12 0
-32 49
30 22
-3 15
18 13
17 16
48 -7
36 -30
-6 -28
-34 -10
-6 32
0 -15
-34 29
49 28
-23 30
32 -13
35 22
14 34
-10 34
-40 -45
31 12
1 25
16 -16
-38 -49
46 33
-34 -32
-31 -3
41 34
-48 -1
46 16
22 -11
-5 -36
-13 5
48 -25
5 -24
-42 -34
-22 -24
-12 -5
-40 -13
5 -45
48 -1
11 -29
-6 12
24 11
2 -30
6 -16
-18 38
-38 -40
4 36
37 24
-19 46
-47 -2
-9 12
-5 -13
-23 -7
-39 -18
-22 0
47 6
-20 -14
-7 -47
-42 36
7 2
19 31
-39 -31
-9 -24
-26 23
26 3
12 -18
44 39
2 37
-10 -31
-47 -42
31 13
26 -15
21 -15
25 47
44 -13
9 -6
-6 23
24 45
0 29
23 -49
-1 3
-46 -5
28 -16
-22 40
-41 42
-33 28
-23 7
23 19
-4 47
42 -37
15 -23
-49 -26
26 10
-23 -37
-40 -37
6 -6
47 -24
6 -43
46 28
29 -46
20 -1
-4 -10
33 1
-26 -24
-22 18
33 1
6 28
-39 25
11 0
45 -3
8 28
-9 -42
11 16
7 47
40 -29
-1 30
-44 9
8 28
-19 -32
36 30
-9 4
8 -23
26 -39
11 -10
36 -7
-6 39
-29 21
19 -10
14 16
14 44
39 7
-44 -18
-25 -11
-47 0
-17 44
-18 -38
-26 -39
-18 22
-31 30
-15 -11
39 8
-17 34
40 -38
-31 26
10 0
44 -9
33 -48
39 -49
34 -32
-25 24
45 -14
2 -39
-20 0
-29 17
44 13
-36 -30
-18 16
-46 35
8 -1
9 -26
31 0
46 -9
-29 -32
8 29
-21 -1
-37 11
2 20
-46 -27
-5 27
25 42
46 1
-45 -26
-46 8
38 -6
-2 43
21 8
-19 -45
-11 21
-15 32
26 -15
-1 -17
27 6
9 -44
18 -39
-13 -4
-15 -41
35 30
29 32
-1 -16
-1 -32
33 25
11 0
30 30
-26 -20
41 23
-32 19
28 21
-6 -34
-14 -13
-11 -7
-29 -7
-48 12
-49 23
-3 -10
-33 -33
-21 -40
37 -29
-37 -29
-35 -34
-18 44
14 31
48 -49
-44 -1
23 -48
-40 46
-14 -42
10 -48
0 -33
48 -28
-5 42
-8 47
-5 -24
43 8
15 -40
30 44
35 -26
-18 -1
-15 23
-39 -23
-34 -39
-45 -29
-7 0
35 -19
0 -49
-39 32
12 12
-6 47
43 11
42 6
-36 34
28 -8
-8 14
49 -24
-28 37
-17 31
23 -34
-6 -5
20 -7
-10 27
-26 42
-18 -48
29 42
4 8
40 -37
45 18
-17 13
11 -5
-41 -47
4 17
-7 7
9 0
-40 -6
28 -33
-3 11
-1 -42
-25 -25
-18 15
-8 16
20 6
-28 -38
-18 -24
-21 17
26 -48
34 -27
-14 -12
-47 45
-9 -38
10 21
-6 -4
-26 -37
-31 -32
-12 -41
42 26
0 1
-20 -2
-13 35
13 -16
-38 43
-29 41
-24 -45
-19 0
29 -30
-21 36
39 0
-11 18
-27 14
5 17
-37 46
18 0
29 21
-36 -23
4 -4
-21 -43
-47 -29
-29 19
-14 -10
-44 -23
-39 31
-7 18
5 2
-16 -6
41 -38
-37 -8
-36 3
20 -9
-18 49
26 -26
-49 43
-40 -24
1 -15
-4 43
33 18
0 43
47 -18
5 24
-37 -4
45 16
47 15
6 -21
49 15
32 42
41 30
42 -36
12 13
-25 -34
42 25
-10 14
-4 5
-2 32
-13 44
-34 -24
-17 40
0 -29
-13 18
21 -13
-22 18
45 -38
-17 23
-12 10
30 24
-1 4
-31 -30
27 -48
17 23
34 23
29 31
26 -5
-1 15
2 -13
21 -20
22 -29
31 -46
16 20
-21 -27
39 31
4 -26
0 -46
29 26
0 -10
9 -26
15 10
-38 -30
19 40
-16 -39
-45 41
47 40
2 -2
-24 43
-40 -23
-47 3
4 -12
25 39
12 10
-36 -31
24 -4
-40 27
13 -21
9 -39
40 -44
42 -44
22 -23
-21 -33
7 25
34 0
-46 25
43 40
-30 -1
43 26
29 -6
37 -20
-28 21
-22 -5
46 27
-27 -34
-37 45
37 15
1 39
-39 -46
26 17
-6 -48
-20 -24
0 -44
-19 -17
44 16
17 48
35 31
29 -26
-41 11
-23 0
-19 7
-20 -15
33 13
-8 -46
9 -24
17 -29
30 0
-16 47
5 34
42 24
-34 -39
-39 -26
45 -13
-13 7
-24 -37
30 49
-23 8
-35 37
-27 31
3 9
-27 41
-49 -22
-33 -5
-38 0
11 -27
49 -38
27 -10
28 -16
-2 23
37 49
-5 17
-48 24
19 45
-32 20
-32 29
-11 -11
19 -14
-23 13
48 44
-27 -26
16 -1
32 1
-5 43
-31 -15
4 -10
15 47
15 2
-30 -16
18 31
24 -30
30 47
-4 0
-45 -14
28 39
48 40
-28 -24
-41 13
40 -34
-40 40
24 -18
43 -26
-43 36
42 -9
8 27
-7 25
-4 -47
14 25
47 -48
-48 -4
38 41
-5 15
-24 -29
29 -33
39 46
-45 -42
-22 11
-45 10
-25 40
-33 14
-1 -33
45 -35
34 -10
-12 -45
-48 47
20 10
-17 -15
25 16
44 10
24 45
42 6
-15 40
15 -3
-36 7
-22 -9
-8 17
34 7
-20 17
-24 10
32 47
25 0
-5 -38
-45 3
-33 19
0 -18
8 0
-42 -10
-11 44
25 26
36 -7
