-40 -28
46 -47
-32 -17
-49 21
25 28
27 19
-46 46
25 33
-18 -39
-35 21
-9 21
32 -12
-9 -11
48 4
-23 -23
-44 17
21 0
-41 -43
18 -20
-12 -16
16 -3
46 33
31 -33
-6 31
25 -27
34 -22
36 45
19 -29
-18 -18
-23 48
-9 -38
-3 -4
-30 -40
16 31
-19 -38
3 -39
5 23
-37 13
46 27
0 -47
-41 -36
42 32
24 -24
18 -44
39 -7
19 42
21 20
8 -22
-28 32
-18 46
-33 -19
-47 -5
14 33
26 0
-4 -47
-8 28
-17 -35
20 -27
-34 -20
-49 -37
7 34
-10 28
10 14
31 -29
20 9
-31 -31
-25 22
29 0
-39 42
41 35
-2 -1
-23 44
22 47
19 -24
25 -22
30 -15
18 -40
46 11
-19 -26
-47 5
10 -21
46 -19
9 -27
-49 0
23 -13
33 14
-1 -40
-23 7
-31 -23
-45 -11
11 -34
3 -16
22 -49
33 -29
7 -43
27 -38
45 -44
-49 22
35 -1
-38 -28
35 -24
-48 -44
2 -22
21 32
49 1
-12 36
-13 -36
23 6
37 37
35 -10
13 27
38 17
-23 22
21 -40
45 -35
-29 45
-4 -31
-14 3
27 -9
-38 -43
26 -42
33 47
0 -9
40 36
26 37
-38 26
-17 -36
-37 28
-43 4
-24 -27
-35 -27
0 -1
8 -19
20 46
-16 -1
1 -21
16 7
-17 10
-43 -32
22 -42
3 17
-39 -10
1 -13
-25 27
26 -35
-5 -23
-29 17
-27 -4
48 6
0 -30
-20 -41
-31 20
35 -5
-40 -47
-2 37
-1 -48
-47 -9
-48 -43
32 18
-25 -49
20 23
40 -38
45 -22
18 41
-48 -22
34 22
-47 1
0 21
-30 31
0 41
11 17
30 20
-13 22
-13 2
3 -38
38 -9
1 11
-3 -42
47 29
4 -31
27 35
12 24
24 -21
49 45
-28 4
-48 19
-23 -24
4 25
22 -16
30 -33
22 5
-12 -31
17 33
34 32
10 -19
-9 39
0 36
-45 -19
-21 25
35 23
-16 13
9 -43
14 26
-48 -35
-16 0
-23 35
27 -43
-2 39
-11 -30
8 1
-31 32
15 -18
-28 -17
-14 34
-30 -40
-4 16
-22 24
-37 26
-17 -42
-7 -38
24 -41
-19 -47
46 -3
17 18
9 -4
-36 -25
4 -26
-2 47
13 -30
29 40
49 -4
-22 3
31 -40
-24 14
-17 -20
4 -10
-14 11
16 -44
-4 -38
23 29
-10 30
-16 19
22 -19
-26 -9
-19 -33
33 -40
27 -8
-45 -2
24 2
-6 46
-2 0
17 12
-30 20
-35 37
-6 46
-7 -17
5 6
-43 -41
-48 -33
47 -19
47 19
13 -13
44 15
-40 -16
-47 32
-33 42
-44 26
35 -40
42 21
21 29
6 41
5 -25
-11 -33
-37 -21
-37 37
-21 28
-21 -20
29 -6
-18 40
49 -22
-18 -12
9 -4
9 -14
-25 17
-38 18
33 14
15 -19
-31 19
27 -14
-8 -19
21 -19
-12 -49
13 -46
-18 7
-7 -40
-4 24
12 41
-25 -22
-42 -24
38 -49
27 -6
-40 -38
5 29
-32 -7
10 17
-15 39
-35 -26
-17 47
-17 -15
28 4
-48 34
-9 3
-20 19
-42 -33
-27 43
8 47
-37 48
49 -13
-9 -12
42 12
-24 -33
0 0
-5 28
23 10
47 -48
43 36
42 -40
-4 -27
-29 30
27 5
-32 -21
-33 -12
7 -27
-39 37
47 17
-14 41
-3 -15
6 -2
2 49
0 -40
-35 1
-22 -23
-42 -41
-6 27
-25 23
-20 -25
-22 44
35 41
-43 33
-7 6
-8 5
-29 8
-8 -9
-5 -12
24 19
35 -6
-25 -1
-37 -6
28 0
-16 -6
49 -25
10 3
-22 23
49 -14
1 -14
39 -35
-37 40
0 -36
-40 18
19 25
7 12
25 -21
18 1
32 49
-14 41
-8 41
19 -5
28 -4
13 -7
-47 -48
16 19
-16 21
47 19
-17 -46
30 -8
-28 -47
11 35
-11 -48
-23 -28
-30 23
33 2
9 19
-4 -34
-23 -17
-33 26
11 -8
-46 22
2 11
20 -22
33 23
-42 12
-39 13
33 -15
-48 -43
29 -6
-23 -39
-42 -49
-43 23
22 -5
-13 6
37 15
-38 -22
-28 -32
0 5
12 47
-2 41
20 -8
37 -3
-41 34
-45 0
-46 34
-24 41
-44 25
-31 -16
48 4
-38 22
-39 21
-19 20
-9 32
-28 47
1 34
4 -49
-42 -11
31 5
27 -48
-18 31
32 18
30 -16
-9 -21
9 -23
18 37
-24 27
37 -49
-23 14
-31 38
-15 9
31 29
40 47
28 -10
19 47
43 30
21 -45
-4 29
-6 -34
-25 45
12 -34
1 -6
4 17
0 -48
11 4
-2 14
-6 -14
-44 35
47 -19
-4 -4
14 47
-10 -42
46 -41
-16 38
-24 -28
-32 35
38 -34
30 -15
-21 -37
-2 42
43 -13
39 -10
-32 -4
2 24
-44 -25
31 -48
-16 0
-17 -6
16 -24
40 -39
48 -33
16 -46
-31 29
-25 22
-39 14
5 -41
-3 24
-26 5
-40 23
-28 18
23 -10
-48 -8
-13 21
43 -8
18 -39
23 27
-37 -5
1 40
14 -36
36 28
-49 36
-34 28
-45 -5
-28 -38
-18 -20
46 -5
23 -10
-23 4
45 -41
-2 32
14 3
47 -6
-4 1
20 43
-44 -34
-26 -34
14 -45
42 -26
-17 -42
3 -27
20 -18
42 19
36 46
8 38
33 -10
-2 -17
30 -39
43 -38
28 -17
-2 10
5 -12
39 -5
37 41
16 31
-32 -49
-35 -30
-27 -28
-29 0
-21 -34
46 20
-8 -22
-23 -10
-41 7
-43 37
37 -43
4 4
-3 29
-40 -34
1 14
-10 8
-11 12
22 3
0 44
30 -31
-48 40
17 -3
-31 31
15 -14
-10 27
-49 8
18 -35
24 -47
-4 44
24 19
-9 -27
22 -49
13 21
1 -4
20 16
32 -13
20 23
32 12
-8 1
46 30
-27 15
-42 43
34 -9
27 9
37 -14
12 28
17 45
0 45
16 -26
-20 -3
12 4
33 -23
10 31
-30 5
49 -8
-23 -26
-8 13
33 23
-8 12
-22 -46
-5 -35
32 -49
-19 -27
11 49
21 -30
16 -21
-46 37
10 -22
33 -29
-11 26
16 4
34 37
-22 -34
-44 -9
27 -28
-39 5
-40 44
-1 14
38 12
-30 30
-27 41
6 -49
-22 -3
49 27
42 -12
-44 -14
-12 10
45 31
37 -1
28 31
43 -24
41 -28
-40 49
21 31
15 -31
39 -49
28 -7
-45 1
-37 -29
-35 -33
1 44
6 24
-49 33
32 -7
10 37
33 -23
46 18
46 8
-2 6
32 26
32 41
4 -39
-21 -28
-19 -39
37 44
41 -29
-12 22
31 17
-29 -26
36 42
-49 27
-14 27
20 28
-37 23
8 7
31 -3
-43 13
-48 24
-5 -36
41 -10
18 9
3 4
20 48
-21 -15
10 45
-32 -22
34 0
24 10
30 43
-27 -12
-45 -1
49 0
-18 -49
-17 -26
-9 14
-10 0
-30 -1
5 6
5 42
-9 44
-27 47
-22 -20
-9 -49
30 -42
35 6
6 -18
33 -3
-46 -41
31 30
-48 -23
22 -26
45 -7
-14 46
-47 -7
17 -2
-38 -16
-39 -48
-37 -43
-41 48
-32 2
43 -9
28 -37
18 20
-37 -3
-10 0
22 43
9 -37
2 20
3 -23
37 -15
-5 -19
20 -46
-26 22
-19 0
-31 -33
37 15
-20 46
31 -41
20 -34
-6 0
-48 49
-38 45
-27 -29
49 -19
38 11
15 -28
-34 -43
42 -7
23 -43
4 -27
-49 44
-17 -47
-13 -22
-22 -12
-24 -19
34 -5
2 24
45 -31
5 -20
29 32
40 5
-7 -14
4 41
-23 -29
-26 -49
-1 27
-35 -36
-12 33
44 32
46 0
-39 -8
37 -37
26 48
-4 -13
-27 1
10 32
-20 11
43 12
0 -20
8 -34
4 -3
10 35
-43 -40
30 45
17 34
20 47
28 36
42 -25
25 -19
44 -39
24 -47
-9 5
-39 -38
-44 18
-41 41
40 -48
8 -9
1 -45
41 -45
37 -29
31 28
-15 -23
-29 26
18 44
-18 -4
19 -34
41 49
25 28
-48 -23
-2 9
30 -46
5 29
0 -16
-7 12
11 12
-18 36
-35 49
-39 45
9 38
40 17
31 -15
-48 36
8 26
-19 -47
47 8
8 9
-39 47
-7 -30
-36 42
35 22
-37 24
-13 0
-27 26
-38 -27
4 29
-20 -19
-27 -12
16 48
1 -19
3 37
-45 -6
18 -32
-38 36
11 -20
15 45
19 18
-41 13
-21 45
39 2
-29 -4
-2 -29
27 -9
-12 49
-4 10
11 44
32 23
-2 43
-9 -10
17 18
-28 7
-5 -4
-11 16
4 -31
39 11
43 -17
46 -23
-30 15
42 39
0 -6
-42 -5
-9 -22
21 12
-40 -48
-11 -5
5 0
-5 -38
-18 -35
-8 7
-37 0
5 46
-41 9
-44 10
34 -12
15 36
-41 32
-23 -16
14 -9
-10 -6
38 31
-32 -8
49 46
44 -48
37 -38
-41 -40
-24 29
-25 -13
-22 -40
25 -25
45 -8
-27 15
28 -7
-38 44
-16 -13
0 -23
29 -21
-3 -8
-3 -34
-14 -30
-29 21
-3 -36
28 -14
49 -43
-44 -34
22 -5
39 -42
-11 -30
31 -28
25 31
37 31
-37 -41
43 -47
-3 34
12 -1
-31 -23
26 22
17 -5
29 44
5 0
-15 -33
-34 38
-4 -2
41 13
-4 16
-35 9
3 -48
-39 15
30 -12
9 44
10 -46
38 33
7 30
-17 -7
13 -12
-28 30
-6 -20
43 33
24 2
-25 -38
29 26
-26 0
-37 -47
1 18
48 34
-8 15
4 -46
-37 40
10 -36
-21 -16
-19 -20
-47 8
-33 0
-16 14
-16 48
-1 44
33 -12
-17 -34
41 -38
-4 -30
45 13
30 12
-21 14
-2 11
-7 -14
17 8
45 -19
-34 46
-10 19
20 -13
11 40
8 34
24 20
16 -4
40 2
-41 -26
-31 2
-11 4
-8 45
-34 -28
-33 21
-40 -6
23 -24
3 36
28 -16
10 20
-6 -26
30 13
-14 -36
-19 43
-31 -13
34 21
-2 -48
-30 20
0 -24
-34 -22
12 0
-38 28
36 31
28 1
21 -46
-46 -27
46 22
-4 -49
-46 -22
-22 -31
15 34
-45 13
7 12
13 29
14 4
6 -36
19 18
-49 -12
43 -16
-17 -25
1 11
-44 28
37 -42
30 13
15 -25
36 16
-49 19
6 -9
-44 3
8 48
-35 -20
-35 14
-45 41
24 -38
-1 38
27 -1
46 -16
4 -32
15 -21
-18 3
38 -30
-21 12
34 42
44 6
-17 -6
43 -29
8 -2
-30 -37
-48 8
-23 19
33 9
12 -39
-49 -14
-24 -38
-21 -17
-37 11
26 -35
3 -6
-30 18
8 17
-42 14
-35 24
-41 26
7 6
27 -16
40 -1
-37 -25
-40 38
19 -2
-36 -10
-39 -49
17 6
-3 49
0 -48
-35 5
-17 -7
32 -6
-23 -49
22 -34
-40 -40
23 14
-31 15
14 -44
-17 -18
-3 -41
35 -17
43 -34
26 41
-19 32
-16 11
32 43
-32 -38
26 15
-43 11
-10 11
-43 23
-27 33
26 4
-10 27
22 10
5 -2
14 -8
-4 42
21 -11
-41 -2
-47 29
8 27
-11 -26
36 10
-3 22
24 -31
-34 -20
-12 -31
22 -23
43 -45
14 -47
28 -27
-21 -17
35 1
28 -2
7 -24
-16 19
-7 0
13 -10
-22 -37
-27 3
-2 -31
-4 17
-18 -15
-49 9
-10 39
-22 -16
-3 49
0 -47
19 -48
46 -21
-16 -41
35 1
21 -22
12 0
31 42
36 -36
29 24
31 -25
3 -45
-30 -41
34 16
27 15
19 0
-11 -26
-44 5
38 17
24 23
-11 -23
-39 -16
34 -38
42 -23
33 7
-28 7
-7 12
10 47
-1 -4
33 49
17 -5
26 22
-13 -34
37 16
49 0
-23 -14
7 27
25 29
3 -33
22 22
46 -35
4 48
15 10
-45 48
42 -30
-28 -29
2 28
43 -11
-41 -18
14 47
-39 -18
-49 -16
24 39
22 7
-47 28
-16 -13
-40 44
-35 -38
-35 -8
-1 -2
38 -7
-26 32
29 42
-13 23
34 33
-28 -46
-48 -38
0 -22
-47 -43
24 6
-29 1
3 -40
-42 20
-8 -3
-39 -37
-38 -41
34 -43
28 -3
-48 -45
-10 -5
-45 30
48 0
0 -1
22 -17
22 -48
-43 -39
-17 18
4 -29
35 33
9 18
44 -8
-19 10
-14 -35
-45 38
-35 -22
44 44
-42 -47
-24 -1
5 43
-6 21
42 25
22 16
-49 -43
-30 -17
49 21
19 3
-43 1
1 -35
-25 -1
-22 -22
-23 49
-20 29
-20 39
35 -26
28 -3
12 3
-13 35
45 31
0 27
-28 -7
-22 -18
34 -31
47 -8
1 6
-32 3
34 38
-3 -11
-46 0
-9 10
-44 47
-35 -5
-11 31
3 42
37 -5
-26 -4
36 -23
15 42
21 23
9 -13
21 -38
-16 -1
11 30
43 -38
-19 -3
44 9
13 -40
42 16
38 28
-42 -15
-6 -36
6 13
26 45
-4 -21
-18 43
35 4
37 -11
-5 16
-6 -41
-5 0
-26 -30
-40 -29
-18 -2
41 18
20 -7
-14 -20
14 46
30 -10
-49 29
26 34
48 -27
2 -43
-47 -2
48 -32
-45 -47
42 13
23 34
27 15
-11 -29
39 -3
-14 -21
-17 49
44 -14
-2 -19
1 -7
-37 -14
16 -47
-18 -34
7 -13
18 20
-44 26
-12 -44
-13 36
39 -32
5 -12
-18 -34
-48 -1
19 -31
46 -14
35 4
10 -35
-3 16
-12 -30
-33 17
27 15
-19 22
-16 -40
-46 -5
16 -43
44 -2
-39 -19
-22 -29
16 -44
-25 35
-6 -45
23 -21
37 5
-21 26
49 32
38 26
-12 -7
4 30
0 6
25 16
7 28
25 -6
-24 37
21 22
-21 -6
-6 -18
-12 -25
-6 -9
-22 -11
-45 -37
-24 -26
42 37
-1 -6
-14 -25
35 27
15 -44
-35 -8
11 -49
30 -32
41 -45
-6 -19
-18 -13
4 -1
-41 -15
-2 9
36 -24
48 -23
2 43
30 5
-10 48
-18 46
49 45
4 -39
-1 -7
-49 -9
-37 5
-47 10
10 32
-34 -31
-34 -22
-5 26
-1 -2
14 26
48 33
47 -12
28 17
32 32
-13 -3
-21 25
12 14
19 -49
9 34
-13 36
-45 -21
26 -41
-32 0
-16 17
-11 -48
-45 -13
-20 -32
-21 -29
-42 -42
38 11
-44 0
14 -26
-14 49
18 -45
26 48
-5 18
-44 -40
3 -49
32 -40
1 -32
-25 -17
-11 -3
43 -34
6 -31
0 19
-10 -7
16 -44
-4 38
-36 -35
-13 33
19 -35
-4 9
6 10
9 23
-33 36
-49 -23
9 8
-1 4
49 37
-18 20
-5 12
17 29
-41 23
-45 -26
33 -20
10 37
30 -6
10 -45
-35 19
30 -22
-33 -8
49 0
28 8
-19 12
-3 24
-30 -36
-23 17
33 5
6 2
-4 49
-19 6
37 43
32 49
-37 25
-15 -4
16 -24
-5 12
24 5
-35 23
17 -42
34 -30
9 15
-35 26
-17 32
-36 34
42 -22
-32 21
15 -3
48 -16
7 -30
-14 -22
0 16
-12 -24
16 -40
-13 -12
-15 9
47 21
11 0
-5 1
21 -7
-23 28
12 -43
41 -41
49 -26
0 42
-13 -5
32 49
42 29
-25 37
16 36
-26 -11
-31 -1
-37 46
-30 -18
-34 -35
32 -8
23 18
9 48
-39 26
-1 -29
-25 -47
6 -31
-49 -1
3 -10
37 -47
25 -39
5 41
23 -32
-21 -16
3 40
11 8
-49 39
32 36
-47 -25
-46 -48
-19 20
27 29
42 -48
-42 -17
31 -28
-19 7
37 -44
-21 1
43 46
31 9
23 -42
2 35
19 -37
13 18
17 38
-2 48
14 26
-5 12
-36 49
31 36
-11 10
40 -6
-44 43
-48 -7
-35 -45
-26 40
23 32
-31 15
-22 32
30 30
12 -23
21 12
-15 29
43 24
-7 -5
-7 -9
-12 4
5 -8
16 43
8 -41
-11 25
-18 49
-1 28
49 -21
-41 25
-12 24
-27 29
41 37
23 -3
45 -48
-20 46
16 26
-29 27
-28 -10
-38 13
-42 -46
34 -38
-10 16
-19 37
-35 24
31 3
43 10
-12 39
9 -41
31 31
-35 -42
7 25
-31 45
-5 -17
21 24
13 13
42 40
15 7
-49 -3
9 -28
15 -40
49 24
-48 -33
42 -25
0 25
8 19
-14 15
19 -33
-32 -25
-45 -36
20 44
-10 -17
-8 24
36 -49
17 19
21 -19
11 -41
35 -29
24 -41
-3 -23
7 -12
20 -15
-44 -32
-24 -5
-28 -15
28 -42
-48 0
37 -42
-20 7
21 49
49 10
-31 -7
12 -45
-11 8
24 1
-27 35
-13 21
-12 -16
-42 6
27 34
-9 47
43 -42
-41 -37
-9 5
24 -27
-37 -12
49 35
-45 -14
8 48
14 -26
-24 29
-10 -15
-1 -33
-5 15
2 -10
24 36
17 2
-25 14
31 -42
-41 -17
1 -13
0 41
20 -26
4 -28
15 46
-15 -26
6 6
0 27
-4 0
32 -36
-45 -31
40 30
-2 -35
-40 2
2 39
34 24
-10 31
13 -10
48 13
-42 19
2 25
15 23
10 46
-31 -18
24 25
-42 -42
-25 49
31 11
9 42
45 15
-23 -27
29 -47
37 -36
-40 36
9 -23
-22 -3
36 13
-22 0
41 -28
-32 -43
-43 -7
-16 -36
-10 -21
7 33
-21 -10
-42 -11
-17 -45
32 11
-43 -10
11 -37
6 -39
0 32
-42 11
23 32
22 -14
0 46
46 43
-9 -3
-10 -49
42 48
10 -16
-6 40
47 -48
-4 29
35 -23
40 2
24 15
-6 12
-19 19
48 -1
-12 -17
46 -39
7 -22
-35 -40
-47 41
0 -42
-42 18
40 45
4 -37
43 3
-11 -20
15 42
15 32
-46 -4
15 9
-27 -35
47 -29
34 -36
19 45
-36 6
-18 -31
-11 -13
1 35
24 25
14 16
11 11
18 0
27 -47
6 -23
19 -45
19 4
42 41
-22 22
42 -46
-42 -29
0 33
-15 -25
35 -3
-32 -29
-25 -23
20 -19
-1 45
14 -31
39 33
32 22
12 43
-32 -5
-31 -31
33 -39
16 -40
49 -11
-42 -9
-36 37
-2 9
-44 27
18 6
24 2
-39 -22
-38 43
-34 -6
-6 31
3 -8
-45 -25
-22 16
-10 -47
20 -38
-46 16
28 20
38 3
-16 -36
9 -18
5 7
-9 -20
10 35
-9 -48
-32 -47
42 49
5 16
15 3
-1 23
2 43
5 43
-34 -48
-25 25
-5 44
11 -6
-3 -1
44 -45
-32 43
-35 24
45 34
-20 -36
-13 24
-14 -30
-21 -4
-35 -45
5 7
11 -36
45 -19
19 48
48 47
-12 31
21 -8
-22 20
47 -22
-7 -43
-30 37
-35 -31
26 -43
11 0
37 27
49 -22
18 25
-13 -47
-21 29
-44 -2
47 17
5 42
-33 -11
-28 23
38 -38
6 11
31 12
-15 -29
13 -34
13 46
49 -19
20 -21
-13 -12
35 36
-48 33
-11 -24
-9 16
-19 -27
45 37
41 -2
-31 29
-29 24
-37 46
0 40
28 -7
-22 -39
-42 0
22 -12
-49 20
-7 -12
-44 23
-4 48
-28 17
-1 32
-3 27
-10 -14
8 -35
37 -4
24 21
3 37
-3 18
-38 38
46 -17
-14 41
30 43
14 -7
23 -49
15 32
-48 -4
-2 0
-11 41
-22 -37
32 13
4 25
5 -6
-41 -37
16 9
34 -4
7 -11
-48 -37
42 42
11 -44
-22 27
-39 9
-42 28
-29 49
-37 28
21 -25
-14 28
1 -23
34 -1
-15 37
18 -7
45 -43
43 -17
36 -32
38 -26
-14 18
14 -3
-44 -36
-3 39
-6 8
-10 5
7 17
-7 29
-1 -42
27 -16
-47 1
-48 48
9 -31
-7 -11
12 0
-26 -5
10 10
8 23
0 46
6 48
-19 33
-40 -21
40 24
-18 -4
43 35
49 -36
14 40
-14 36
33 48
-28 -16
8 -10
-12 11
21 19
42 16
-42 -32
28 -37
-41 15
-10 -3
9 -10
38 -18
18 -29
13 0
47 37
-47 35
44 46
-41 6
46 32
28 -38
44 -6
-37 -29
-32 2
-4 -20
-21 13
-36 24
-13 12
-19 -41
28 -23
-6 11
35 49
-3 22
-31 40
-16 -2
0 -3
-13 14
40 -41
-42 30
-19 37
-40 27
33 1
-7 42
38 -34
-38 -25
8 7
-28 -1
-32 6
-37 -35
10 49
-41 -41
-28 -39
-39 -1
-22 -26
-34 -6
29 30
37 19
23 -46
-1 -30
-21 -4
0 -46
-40 -33
0 3
-39 41
3 42
-20 -23
21 40
0 -33
47 -42
28 -2
4 19
7 0
-24 39
24 47
30 17
33 35
24 2
6 44
-2 -8
16 39
12 -4
23 -19
15 -44
-3 2
-41 23
-6 -10
24 -22
-11 42
-46 -49
0 -7
-1 -38
34 -44
-40 -45
-12 -23
-31 -45
-10 12
-16 -3
-1 -39
-18 17
-4 12
-47 23
48 34
-8 17
-38 -37
-1 31
20 -17
34 39
42 31
20 36
-42 31
41 44
-6 2
-9 42
-39 -22
-10 -1
41 26
9 5
15 -12
-10 -43
-6 45
35 32
27 -19
-20 -18
-14 39
45 -42
30 20
39 27
22 9
0 -17
-22 -6
-20 19
-9 20
13 -7
-39 49
-45 3
20 42
-44 -38
6 17
-5 -46
31 -26
44 22
32 33
-28 -34
4 39
3 -38
-25 42
43 -36
48 -2
-30 -41
17 -35
25 0
-42 -15
11 -8
-12 25
-1 37
-13 -4
-22 -24
-9 -1
-47 21
-22 -18
-29 -9
0 18
16 8
20 -7
43 32
34 42
24 -9
36 19
42 -2
-18 -10
27 26
4 2
-43 -35
41 -29
43 -7
-14 11
42 45
11 -7
8 -3
0 11
24 27
46 8
-31 12
-28 -20
13 11
27 29
22 -46
40 19
-26 28
-34 37
18 -35
7 12
29 -12
0 -41
45 11
-30 -16
18 -8
-30 -26
-9 18
45 -33
-8 11
-25 1
42 37
14 25
48 17
49 -39
-38 -9
8 35
-46 11
24 -6
49 2
35 44
-41 -15
29 36
1 17
23 -30
39 24
-16 30
-2 -38
8 -8
12 31
-32 28
-21 0
12 -34
-2 14
-19 -42
35 10
-15 46
46 -14
4 4
-33 42
-10 -1
36 -32
-43 -37
9 -31
-16 -43
5 -17
-5 -46
45 32
5 29
-1 -5
-10 3
32 37
-36 -14
18 15
-2 40
12 46
10 -47
23 0
-8 43
4 -10
25 17
5 -11
38 -29
-26 -14
-41 21
44 -29
19 22
36 31
-9 -32
30 -6
36 38
-43 21
25 7
-25 15
-40 27
18 -7
14 -45
-21 -11
1 -18
0 0
-20 49
20 33
21 11
-15 -3
-19 -18
-20 12
-5 20
-36 38
-44 27
-4 40
7 2
35 -44
18 -28
-42 -17
-35 9
10 -28
-11 20
-43 10
-3 -37
-49 36
8 13
34 42
37 -38
22 16
46 5
38 -20
-9 43
-49 -32
11 -31
44 -6
-4 -8
-23 -29
20 31
15 -32
-10 -18
-31 7
-15 -23
10 -38
-2 34
-44 20
25 29
-46 -35
21 -3
-46 -46
20 34
35 -36
-9 -19
25 4
45 4
0 28
1 29
-12 14
-31 -32
49 3
-31 -15
45 -26
-5 -35
-43 47
49 -20
42 24
-9 -29
-25 -34
22 -10
36 0
23 30
-10 21
32 -10
39 18
-7 -48
41 39
30 29
-7 4
41 -24
25 3
-31 15
-41 49
-15 33
30 42
38 45
-48 8
-19 -46
-9 -46
-49 -41
41 -26
26 -31
-40 -22
-5 -20
-4 15
-22 -41
21 -33
41 -20
49 -39
-2 5
-2 -21
-39 -19
24 29
3 -35
28 1
-22 -34
17 -9
-46 -32
27 -3
-20 -11
-47 -24
0 6
34 -10
-46 -12
-45 -30
4 -11
26 -19
24 37
-17 -21
-27 32
-47 39
7 11
48 25
-19 -41
7 -9
2 25
-3 38
-17 0
-45 26
-6 -6
15 27
25 25
-30 2
38 10
25 -39
6 -47
-32 -18
-49 36
47 -11
-32 3
14 -46
8 -28
45 -14
-13 21
-34 46
-43 22
14 -10
23 44
-34 -21
-32 0
39 -25
42 24
-7 -46
-7 12
-43 -16
-15 15
-41 -20
13 45
-11 -4
-3 -12
-29 -41
-27 23
34 22
24 31
35 -6
47 3
38 -47
33 -46
48 -6
-6 -38
-29 -30
-2 -1
4 -10
-22 -49
-15 37
-12 22
32 -19
-42 48
45 26
-42 19
12 -31
12 23
36 7
-27 -22
-40 -31
0 -6
-11 48
-33 0
-31 -12
1 48
-1 -10
13 39
47 18
-2 -40
17 -18
25 15
-5 -17
-38 5
35 16
47 13
-8 22
-14 -21
-15 -23
-12 -6
23 33
-47 -43
-49 -18
14 -43
40 -26
46 -44
-44 29
2 40
19 6
41 -5
45 30
13 40
10 -48
16 32
8 1
41 -9
48 -49
8 -30
1 -34
-40 37
-13 -18
-41 27
-38 -34
49 1
-30 -28
-47 25
29 0
-5 -2
-39 -4
48 39
11 26
-20 -31
-15 -47
29 13
-45 6
9 -47
-45 -32
39 36
19 -29
-41 -13
-4 -40
-10 28
-34 32
9 9
-21 -39
34 -7
-9 -5
29 29
30 -7
-42 11
-11 1
1 -30
-19 32
28 21
9 -45
25 -16
-28 17
0 -28
42 -22
20 38
24 -32
-28 -43
-33 1
25 -14
-46 45
39 -13
9 24
-31 -35
-37 -39
-2 25
41 35
38 26
-31 -2
-35 14
-19 26
9 -38
38 24
-33 -33
-20 37
-31 -39
31 9
-27 -16
32 -5
-32 -34
-19 -44
-17 -49
18 36
4 -32
-38 25
13 -1
-31 46
-20 -28
27 19
22 37
16 41
3 29
16 32
-24 17
-11 -31
-46 10
44 -3
37 38
23 12
-12 -34
-49 -14
-42 -45
34 39
-19 1
-29 45
-36 14
-42 -4
32 -29
22 -32
-10 45
-47 -42
-41 41
-39 25
10 -24
27 -1
-19 13
20 41
46 40
37 14
-42 -22
-46 44
-35 30
-47 32
37 48
44 46
0 -34
-2 -24
9 14
33 -45
-47 18
31 -14
-2 -21
7 -27
-39 2
-11 4
29 -2
26 -19
29 4
15 -25
46 27
-8 -12
-23 42
-21 3
-35 39
-18 -1
36 -46
21 18
-2 -25
13 41
10 -41
-13 -10
-15 25
-10 37
-28 -40
-48 -4
7 -5
-42 20
-39 -48
35 -15
-21 46
-13 38
23 -29
-41 22
22 -45
20 -17
-18 10
-7 -45
11 25
-3 36
36 -42
8 11
1 24
8 39
45 -47
21 42
-15 -30
-39 1
30 -26
-7 -46
-27 36
-45 20
-10 -22
18 -29
47 7
-6 -10
41 -28
44 -15
-30 -39
-5 -17
12 -7
-37 24
16 -36
44 -29
38 4
-6 -31
-4 39
-46 6
-36 -38
47 3
-47 7
-26 -38
41 -20
31 -31
-29 20
-6 31
-29 22
34 -31
37 44
30 22
23 2
14 32
8 -38
-25 -14
-39 27
-24 40
11 -14
-39 -24
18 -26
-22 -32
-32 29
-26 43
29 49
-32 0
9 -49
3 -18
5 -22
-17 34
41 -30
18 -11
-5 17
-25 47
-40 -45
19 31
0 10
-22 21
25 -22
-18 0
0 9
-21 -49
-21 29
13 5
28 19
1 45
8 25
-16 44
3 -15
-4 -46
31 28
-13 48
1 -27
-15 23
-47 4
-39 -10
16 -36
27 -7
-11 -41
-24 -2
-32 29
-2 -13
-2 22
41 23
27 -46
-23 -49
39 2
30 43
-14 -38
8 -48
49 4
-12 3
-21 23
-7 21
17 -24
-18 36
-47 -34
-24 34
-5 -38
