-19 -20
-15 -43
36 -18
-7 38
-25 -10
5 -20
-1 0
38 -27
-38 -30
-7 40
3 -47
-37 40
-30 22
-24 0
-17 -13
0 -6
21 26
20 0
-25 17
3 36
8 32
14 -31
-31 -35
-6 24
23 37
36 -48
-49 -28
-48 35
26 -11
1 7
-29 34
-3 26
0 -14
-10 17
-32 -33
13 -24
4 5
-17 14
17 -21
47 -12
-25 -35
-20 17
0 -34
-40 10
-25 -21
-33 37
-20 15
5 -21
26 4
45 -7
-27 -22
10 2
-8 -37
-31 23
22 -26
17 46
32 -29
21 37
18 19
-48 -20
21 45
45 -12
31 5
35 -8
-46 -37
11 -23
35 49
21 -5
-15 -48
-30 -47
-37 9
49 -25
3 -7
33 24
-10 35
37 43
9 39
-1 10
-36 -3
-37 11
-46 -31
-24 9
18 -6
-4 -6
-43 42
-8 -45
25 -31
-16 -1
28 42
21 -19
-10 -43
8 -25
41 -8
6 30
-3 41
-38 18
30 -18
1 -37
45 20
10 -36
27 -16
-47 -43
36 -25
40 -11
-44 -9
-3 9
7 15
9 44
29 33
27 -25
26 45
-46 -22
48 -40
-25 0
-22 -45
3 -31
-25 -26
0 -46
16 36
34 -29
33 -27
-16 36
-21 9
36 -31
-22 34
-15 36
41 -36
-19 9
-4 28
-32 -24
11 -33
30 -10
-24 -29
-41 34
-39 15
13 -33
33 29
48 -29
42 2
49 -28
-22 -29
-27 -37
-30 36
8 1
-36 -18
27 46
4 42
44 45
-29 14
3 28
40 20
17 -43
-3 -38
-48 -20
35 46
21 -16
41 12
-2 -41
36 45
-47 26
-41 -3
-3 17
23 -35
3 -39
-43 -14
-40 -20
40 23
-27 -30
0 12
24 -2
-2 31
6 -33
-47 40
33 31
-30 -8
26 -4
31 -12
49 7
17 26
6 40
-5 -23
21 43
6 7
-1 -6
-41 -18
-22 49
11 -34
32 -49
37 -12
6 41
7 3
16 35
39 -27
-37 39
15 -29
41 -15
-44 0
1 12
31 31
-48 19
42 -43
26 10
-39 -34
21 7
-24 0
6 -2
46 -30
-14 -8
26 -28
2 -41
-44 47
-24 14
-18 9
0 -40
-42 24
-19 1
21 -27
43 -16
21 -11
36 49
20 33
23 -39
7 -10
-2 47
32 29
45 -24
26 9
-41 32
-22 -36
8 18
5 3
24 45
40 -7
42 2
-32 -17
45 42
-44 -37
2 -18
26 -39
-36 -14
28 -39
15 32
48 14
-48 7
22 -7
25 -25
33 20
16 24
9 24
-25 -36
13 -46
18 -44
-32 26
31 -36
-23 -21
26 -44
-27 19
-49 -8
-30 -30
-10 -23
13 8
6 -6
14 25
27 17
30 47
-37 -21
-30 -27
49 30
-47 -8
-45 45
7 -27
-49 -19
-5 2
-4 -41
-15 -9
-42 -17
27 27
38 -35
40 -34
26 -28
38 -24
-47 -46
32 -3
-5 -24
39 39
0 12
12 -39
-45 -20
1 -38
16 19
-5 -9
2 29
9 29
33 -20
-43 -2
-30 -6
-26 39
-8 -2
-4 21
46 -14
46 -12
44 33
25 26
-37 23
16 -41
44 8
-29 -12
-37 -34
-10 28
-46 25
12 36
12 -41
-22 -2
32 43
-14 -46
26 -12
-48 25
-3 21
33 32
-28 5
32 32
37 0
-41 -48
20 -10
24 -19
-42 9
43 21
49 -44
15 -31
-34 12
22 8
4 11
0 -17
7 17
21 43
-37 47
-5 -4
-25 28
0 -46
-8 -14
-45 10
-26 9
-22 9
-23 46
19 -8
-37 -15
9 41
40 -15
32 17
7 1
41 -12
16 23
15 -42
-27 24
-14 -33
27 -21
3 -37
-5 43
-35 -6
-25 -45
-39 6
-31 10
38 -8
-42 -49
28 30
-41 29
4 34
-27 11
-1 -29
25 -13
21 -34
46 17
-16 -17
3 -28
28 48
30 -18
42 -28
-6 34
33 -43
36 15
-5 9
-49 -4
-4 4
-3 -28
5 2
-29 -27
36 -27
-6 -16
40 15
18 14
-47 -3
-29 44
27 -13
48 -45
6 -2
31 16
-40 -7
0 11
19 -4
-10 43
33 30
-21 12
0 16
18 19
18 37
-32 5
-18 0
20 40
-22 -38
-3 -4
47 -41
14 20
0 -44
-8 24
-32 41
3 -23
25 -35
-25 -44
-27 20
-15 -6
44 6
-18 -37
-49 -14
0 31
24 -5
31 22
34 18
48 39
0 33
36 47
11 -6
1 -22
5 -6
-27 34
-16 13
2 -25
48 41
23 -13
44 -20
33 -35
-27 -16
-18 -41
-32 -34
-21 -21
22 -44
-40 24
17 24
25 -8
32 -41
46 -43
23 -33
-19 46
1 24
29 -17
-25 -16
-17 6
9 -40
37 49
34 -3
-48 5
10 12
1 10
-6 -39
3 -2
-10 46
18 23
-26 -41
15 33
-21 27
-17 11
-15 -35
17 7
-39 47
8 37
-2 42
-40 43
16 46
-37 -11
-48 37
-31 39
-14 14
-22 -30
49 -39
-10 -34
47 -31
12 -39
-17 -28
1 -8
-44 46
-2 -32
-2 17
13 -3
-44 -32
-41 0
7 -18
12 -25
-7 32
18 33
-18 48
11 -46
-11 -16
16 41
-7 -17
0 -31
24 44
6 16
0 -6
30 -13
-19 -6
4 7
-8 15
-35 -47
5 -39
7 42
8 40
-35 0
27 36
7 13
37 -26
25 -23
19 44
-33 46
-49 0
-41 32
-17 14
27 -17
-4 -12
-15 12
20 40
-23 39
3 -41
-3 36
4 41
-15 36
46 6
-3 39
-39 32
-12 -13
-38 -49
18 36
23 -18
-1 10
39 32
-5 12
48 20
36 15
22 17
19 -29
-36 20
30 34
-23 -45
24 -37
4 -43
41 34
25 -11
-26 10
-19 28
-4 33
-37 44
26 -17
43 0
19 -17
-20 36
44 -23
-37 -26
37 3
-20 41
30 41
44 34
-37 -12
-48 -34
23 18
31 5
-15 4
42 -6
0 -6
-34 1
43 -37
44 -26
41 0
19 -7
-49 27
-28 8
-18 2
28 -7
-22 -1
26 39
24 46
49 45
32 -22
40 45
16 -32
-39 -32
7 5
-35 -7
14 -7
-26 -22
42 32
46 13
-49 -33
