-3 43
44 25
40 47
-3 -21
0 44
4 21
43 -31
-46 -49
-20 -21
-9 -16
34 -5
17 4
-27 26
42 -48
0 41
-19 -29
-19 8
9 32
-28 49
-31 -15
49 19
-1 -21
-14 -19
-11 -49
-37 27
2 8
-37 -41
-37 -30
47 23
19 -38
-31 22
-47 -9
18 -33
39 -10
-48 -22
-5 -35
9 -18
-36 40
-35 -28
-10 -14
-24 -30
-22 -31
22 31
18 -49
-37 -34
11 -19
45 37
-23 -9
-25 44
35 21
-18 9
-41 43
-12 -48
-20 29
33 42
18 -38
-8 25
-4 30
15 27
3 -15
-46 29
-31 -46
8 15
26 32
42 3
-29 -13
11 30
28 -28
-43 12
5 -8
-7 44
47 -22
29 -40
-15 -42
-21 -43
-5 4
29 -28
34 -24
-37 35
0 5
-34 -19
26 32
1 39
-17 -6
-43 -26
-11 -18
28 9
-37 30
43 -29
16 27
13 -15
4 -31
45 49
17 39
43 18
-23 -8
-16 42
43 -23
4 -30
48 47
23 -41
-2 -23
-16 2
-12 36
25 14
19 -27
32 25
-4 19
-16 -17
-10 14
-49 48
10 -44
1 -26
0 6
-15 40
-23 -21
43 23
-13 8
-48 9
34 -15
44 -44
22 46
32 47
2 -30
-26 25
7 37
-1 13
41 -45
-12 -16
15 16
47 30
28 -9
23 -2
-21 26
-11 37
-20 12
-2 31
19 18
-3 14
-3 4
27 -28
-38 39
0 -27
34 -17
-6 39
-20 -46
5 -21
4 9
0 45
-27 -15
-35 48
-34 8
0 -45
-41 -13
11 46
-35 17
9 -20
44 -2
-31 -46
38 28
-2 28
7 3
-36 6
-19 -13
-41 -39
-18 45
20 14
22 36
-8 31
-36 23
25 6
14 -32
21 29
-45 -1
-49 -31
-20 -29
-19 37
13 -7
27 -27
-21 8
-3 -21
-7 23
-27 -1
22 -10
-36 10
-30 40
14 13
8 -39
18 0
12 47
-17 -41
-30 -16
17 -31
20 16
44 42
-34 -48
-11 17
47 42
20 -39
-44 -37
28 -47
-7 -18
-13 -18
21 -41
-49 -34
10 -17
-35 -39
48 -16
0 -33
-14 -5
-37 -9
-31 45
-2 45
-41 19
-6 -10
24 -42
-4 26
18 39
0 -23
17 7
23 32
-12 28
-27 1
42 -10
-20 -19
-47 -48
17 24
18 -28
-3 -31
37 -20
19 -43
-22 6
-21 34
20 -5
20 9
-36 3
-9 -11
22 -31
-15 19
-43 10
43 -49
33 20
42 35
22 -19
23 47
-38 -13
16 0
-46 24
35 -45
0 -12
-14 45
-44 -33
-33 -22
-42 40
37 1
-15 -38
6 12
11 -30
7 -29
-44 41
-43 38
-46 9
9 24
-39 -13
18 15
-48 6
11 41
-23 -47
-30 6
48 -37
6 -40
47 2
33 34
-33 -38
-20 37
-19 7
15 -45
-7 2
-24 42
-24 26
-36 -10
-43 7
12 7
-20 -13
-19 -29
33 -21
9 14
-41 -1
-15 -23
33 28
8 21
-6 10
-7 -37
-49 18
6 21
-32 -33
-1 18
-3 -47
-48 -3
-3 15
38 8
32 34
39 25
7 13
-17 -27
-23 -17
37 44
-9 -13
0 -8
-49 44
9 -33
-47 -35
-29 -42
-4 -21
12 12
-37 -1
-49 -21
-30 -26
17 23
-21 21
18 40
-3 34
43 31
-35 16
-47 -19
-46 -36
16 28
-35 -6
12 45
-12 -8
2 -45
-18 5
33 -38
16 -37
-24 -14
-16 45
-39 17
-43 -39
-6 15
23 -4
-39 34
-35 35
31 35
-40 41
18 6
4 -21
-26 -30
2 -43
-19 -9
-26 36
-44 27
25 19
7 15
38 -27
34 -41
33 31
-31 25
-28 14
-2 43
38 39
-41 -35
-5 -46
-30 48
25 -23
44 0
-43 -25
-49 19
-6 -18
-42 11
16 26
3 4
-9 -37
-4 -2
4 -21
-9 24
0 9
8 -2
-36 23
4 32
39 -22
-40 8
26 -3
47 34
-36 -16
3 49
-30 -48
-35 -46
10 0
23 15
17 -4
33 -32
14 43
9 2
39 -23
-41 -46
-28 -32
-22 14
36 -12
15 11
48 32
-45 -20
-1 4
-30 -40
-45 6
-11 24
0 3
42 11
22 3
48 -4
-34 6
1 -6
-26 -19
29 33
0 42
10 -47
-47 -46
-17 15
-10 46
45 -44
-31 -18
17 43
17 26
-7 0
-33 48
-27 34
13 47
45 -24
28 38
21 42
-10 44
0 38
-34 -23
-12 18
-10 -46
6 4
-47 -14
-26 -21
-41 4
9 -35
34 -14
14 -38
28 43
12 -27
-20 30
44 -36
-36 -39
23 -23
-31 -45
3 5
6 37
-14 -24
-42 -12
34 -32
31 -40
-6 26
39 45
-41 -23
-7 42
41 45
-10 18
16 -38
7 -37
-26 -36
-19 -2
9 -14
42 7
3 38
4 29
-1 37
-29 -20
-48 33
19 -13
19 37
14 9
5 7
20 -24
43 -23
9 -20
-5 -16
15 39
-18 16
45 47
49 -5
24 25
4 2
-31 25
-25 11
-40 15
-49 -24
-49 -28
-37 7
43 37
14 -23
-41 -31
18 23
-29 26
-40 -8
-12 17
-4 20
33 -17
-7 -23
39 -26
26 44
49 43
-21 44
41 -19
30 46
-34 -10
10 29
-36 10
19 20
42 29
47 46
-29 -12
29 48
23 40
-27 12
0 -31
-40 -14
-48 -37
-38 -4
-21 12
-14 11
-7 -27
49 12
4 38
-8 23
-38 -15
28 -7
49 -10
21 -39
-19 46
32 -33
-16 17
-39 -16
6 42
-27 -31
0 -25
-13 38
5 14
44 39
1 -16
-45 -5
-41 -45
16 -20
-4 -3
6 20
32 -49
-37 -5
-25 -7
17 39
-44 -36
7 16
-1 -43
23 1
-29 -11
0 7
14 44
-12 22
49 20
22 -23
-36 27
-3 14
15 19
6 -40
-36 -29
11 -8
-6 -40
17 -48
-29 -9
-9 21
-32 -3
21 -18
-35 -8
-21 -32
49 -6
-46 -19
5 -22
19 33
-28 -8
42 -22
37 -4
34 15
41 3
-30 16
-22 48
-13 7
-48 -25
-42 -4
-17 -13
9 28
13 -45
30 -44
-9 -27
-23 -31
-37 37
-18 -18
-11 -41
33 -42
-49 0
26 -16
37 -47
38 14
29 29
-37 -22
-22 32
-40 40
-5 15
37 -14
-34 45
29 38
17 -41
-6 9
45 16
-24 -8
24 17
-41 -29
45 24
48 35
-27 -9
-11 6
39 42
32 -13
34 12
-10 -39
29 44
17 35
4 10
-34 22
37 17
44 0
-28 37
-24 -7
7 46
-28 9
40 -3
-1 -14
-40 44
18 49
-22 18
29 -11
41 -39
-13 5
18 43
-28 44
-21 -28
-45 -19
-18 30
-15 32
12 -44
11 -39
46 1
4 49
-26 0
-31 -28
6 -22
48 24
41 -18
-48 41
6 -27
-21 27
-26 29
-6 -28
21 -41
-26 36
19 -38
45 -40
31 8
34 -9
42 -45
0 -45
6 -26
33 36
13 -25
-9 14
9 -24
-26 40
-40 -2
-7 14
-34 0
19 33
-21 -12
-26 13
-24 23
22 8
42 5
30 -25
-46 18
36 -19
-44 -16
44 18
29 11
13 -13
-40 -30
19 33
46 2
22 -10
-33 34
-8 -26
30 44
19 -4
-10 9
31 28
27 -37
-30 18
-8 -32
-36 48
28 -34
4 43
-30 -9
-7 38
24 -43
-36 -31
-43 -20
-8 -25
-28 -38
35 29
-11 -2
3 -1
49 38
26 46
-8 47
-37 -4
43 18
3 27
-29 40
25 -40
-4 -1
-13 38
7 -14
-15 0
-16 -4
5 12
4 25
-8 -49
42 20
31 -44
32 -8
10 -21
33 43
43 -16
-39 46
-3 0
11 38
9 -13
-19 48
-49 -37
-33 -49
-24 14
-41 49
5 47
26 15
3 17
-28 14
41 -13
46 23
-11 2
15 16
38 18
33 9
-45 -30
-17 -38
9 23
-33 0
20 -45
-47 21
-20 -4
22 -25
-41 -7
-45 9
-11 -41
16 0
7 -40
-25 3
-42 38
5 42
10 -16
27 6
25 26
32 -5
-19 6
14 14
-47 13
-2 36
26 -39
38 3
49 -17
-21 37
-20 -17
48 -14
-24 -28
-43 -28
10 -40
32 -25
25 -43
0 -8
28 21
-27 -33
-27 24
23 -13
-1 -13
-49 35
-31 17
18 24
18 36
-43 -18
0 -20
23 -43
45 -9
29 3
-49 34
-4 12
-42 -13
-47 -39
27 -26
-32 46
-3 0
-33 -41
-46 45
36 -8
25 45
-14 -15
13 -45
6 36
-6 -30
10 46
29 22
-32 30
-3 -2
-3 14
0 -25
2 -9
-29 1
10 -24
4 45
46 -46
-32 29
-27 23
-8 22
39 3
-17 -31
-9 -34
-19 -34
48 -27
-49 -37
16 13
46 -25
49 -18
20 6
-14 -14
-15 -7
-8 -17
-23 -30
18 46
49 -23
-8 7
-31 29
0 44
27 -46
29 -45
-37 33
-38 48
3 -49
34 37
38 -5
29 -29
-2 -14
-10 1
-18 0
21 33
3 31
-4 -19
47 -7
1 37
-40 3
-27 37
5 -44
16 -2
19 25
-17 16
-18 -2
-11 -6
4 -8
2 5
-46 19
35 34
-31 5
-4 -12
-11 35
29 27
-4 -22
39 10
-2 46
25 19
4 15
26 32
-32 9
26 33
-40 26
32 6
-10 40
-43 22
-23 26
22 1
-11 49
-42 23
-12 18
48 0
38 -2
39 -22
18 -7
45 -2
-3 17
-49 34
-29 49
35 2
9 42
31 -12
12 -38
-3 10
-39 34
-12 -21
44 10
-41 0
-24 3
-13 -11
-30 -17
32 -20
-3 -35
-37 -8
-16 -7
-26 -27
-13 -27
-5 41
-9 -25
-48 36
38 21
-30 27
-18 -31
-26 30
-5 14
-29 -5
46 -17
-26 -7
-9 32
44 47
-1 5
-24 -1
-3 -45
25 -40
39 4
-16 -8
13 19
38 -44
-7 47
-25 19
33 14
-6 -35
-24 3
-29 14
0 48
-47 28
4 33
38 6
0 32
36 31
25 -22
31 -48
-12 -15
-15 -7
47 -17
-23 10
20 24
3 12
-1 38
-27 21
-44 21
-44 -5
36 16
42 41
35 33
-21 -41
-6 29
-28 -39
-38 18
41 24
20 49
11 -1
42 25
-33 49
-22 -42
39 -45
-45 3
-18 22
-32 13
-3 -40
-44 -38
-20 -44
32 -31
45 -48
