-49 35
-29 45
-13 -45
-13 -10
-1 -10
-46 -18
-27 -24
15 25
-9 -17
39 3
-28 -3
-19 -34
14 28
-32 49
-41 42
28 -38
-17 -19
24 2
-33 19
45 1
-37 40
8 5
-38 -35
30 49
-7 2
30 27
-35 -49
-3 0
-43 16
1 -43
40 26
-15 2
-40 25
-30 20
-3 -17
28 33
-49 11
-31 -5
-49 49
8 -5
-29 41
10 42
-45 -9
-47 -14
23 13
36 -27
4 38
7 -14
13 36
-5 41
-48 -23
-29 24
-30 -5
25 12
6 -14
-47 32
-27 -19
-34 -41
-5 -10
27 8
-48 2
-9 -24
13 -25
-32 35
5 -14
-23 29
-6 -24
-8 36
-26 42
44 -37
-34 36
-35 -39
-39 -28
4 35
-20 4
19 12
-1 0
31 -26
43 6
0 2
-23 5
35 47
-36 20
45 -40
-4 -46
-7 0
1 35
-36 27
20 -48
-27 16
0 -28
-45 -43
33 16
-31 -21
16 0
-5 48
14 -20
5 -38
-8 -31
-13 19
-2 -11
2 -30
20 -35
37 -12
-8 -2
-1 0
7 15
16 0
-45 25
-21 4
49 -48
9 -36
48 43
48 -26
32 -29
-31 33
44 13
-42 -40
-27 -42
21 -26
26 -7
-42 27
25 -14
4 5
22 -26
-48 -8
38 -30
6 0
-23 26
-25 -27
27 -33
-44 -28
12 -38
-2 -2
0 37
-3 1
-26 23
-41 5
-37 17
14 -20
30 3
-36 -48
-36 -47
15 40
1 5
0 14
-8 10
-24 -40
10 24
-40 -49
4 -33
14 -7
-12 5
-30 41
-35 24
45 18
-6 10
-24 43
18 21
22 -13
11 -6
25 28
22 24
-15 -8
34 -32
32 -30
34 29
48 30
-39 23
48 17
-6 5
31 1
-40 16
-46 -26
-35 -47
-16 -30
-32 42
36 44
41 -30
-41 -19
45 -27
45 42
10 38
-30 29
-17 8
17 -24
17 -17
0 -6
-49 -24
15 11
13 -47
-39 -10
32 -16
36 46
-49 47
19 26
-31 0
-23 -12
-38 -32
47 43
20 30
-49 38
44 -33
-48 -22
28 3
6 47
30 49
-14 -15
8 -16
-1 -44
20 22
-25 10
23 -21
-13 -43
-3 2
-25 -11
32 23
-13 49
-38 40
-33 12
-16 25
-5 -42
-33 10
49 12
13 27
41 32
2 -25
-14 15
-24 26
-19 -23
-5 28
17 -6
-4 28
-21 42
17 -25
37 17
48 -43
-8 5
9 -13
12 -32
-23 32
39 4
-35 -26
-33 -27
9 -15
-9 4
25 31
-9 -21
-31 -32
-48 31
16 -39
28 -22
39 7
5 -32
-30 -18
44 20
-44 -23
44 25
-47 -25
-1 27
37 -14
-11 20
-10 29
-39 -43
-28 41
-3 25
41 -23
-48 -25
18 5
4 -22
-19 44
-10 -19
-15 -40
41 48
-23 49
-22 41
21 43
18 30
-12 31
-32 -45
-2 46
-9 -24
7 -25
-23 49
-15 -44
23 -1
31 -12
47 -16
48 -11
30 36
22 31
-18 3
25 -29
-40 6
9 14
-21 -28
42 26
31 36
31 -12
-36 -18
-11 11
-20 27
20 29
-5 10
-29 -13
26 -13
-9 -7
-33 -15
-3 13
4 49
-40 32
-39 -47
-34 40
7 -36
34 -25
18 -4
-28 -19
22 12
39 -31
16 18
41 23
-11 -12
-47 40
-17 -2
-38 24
-22 -33
-10 47
-15 -14
-26 -37
-11 25
-37 -24
-25 -5
30 -45
7 1
-28 -32
-26 10
-39 -20
-23 0
39 47
22 0
-40 46
-35 -8
-25 -17
46 34
25 0
40 46
36 4
-1 21
7 -41
-9 18
29 -20
-14 22
5 28
23 -42
-43 -5
-12 12
-12 31
-27 12
2 4
20 -13
-28 41
-30 -22
26 -42
25 33
1 30
-48 -39
5 -11
-48 37
35 43
46 -2
15 -47
-17 -38
-15 -21
17 39
-11 31
35 28
3 31
-16 -16
-46 -48
11 18
13 23
44 18
-48 -21
-21 23
1 34
-29 15
0 -24
36 -49
28 1
30 -16
24 -39
-26 -48
46 -39
-13 -39
7 -12
17 19
7 34
-34 28
-12 25
-46 -3
0 6
-16 47
43 31
45 -45
-35 19
-2 -28
41 27
-5 -29
-39 -8
-4 -17
0 35
16 0
-1 -43
49 41
28 18
24 12
41 43
13 -32
-46 47
41 42
-41 -31
14 -19
4 -14
-10 -17
-20 7
-22 -39
36 47
25 20
-29 -43
0 25
44 0
18 -22
43 16
36 25
38 -14
-11 18
-27 46
-26 0
27 8
-46 39
-35 -22
21 41
20 -3
-41 47
15 -21
29 -14
32 35
-24 -10
-41 19
-1 -5
-28 43
0 -3
-31 -23
-25 12
21 27
-11 49
-11 -41
23 22
-31 37
13 -12
-4 -30
32 13
31 9
13 -1
10 26
-23 -46
-22 -19
-17 -10
32 -5
-41 11
-43 -15
27 5
48 14
7 -9
-34 -7
-23 42
34 36
-14 -38
42 41
18 0
-28 -21
-48 -8
45 -38
8 35
29 -30
-31 31
-42 11
-14 31
-7 -36
-37 -5
37 -32
-46 -3
33 20
-31 37
-7 28
-47 46
-41 -11
13 37
-37 38
7 38
-20 40
32 11
23 38
31 -35
-17 49
12 30
49 -15
25 16
6 0
11 31
10 15
-4 -18
-49 -19
-8 13
-22 47
-14 39
-40 -14
-25 -21
-36 23
-3 -46
-24 38
5 -34
29 47
35 -8
49 22
-33 -38
32 -12
6 14
34 44
5 12
-14 32
-30 12
29 5
-48 -39
-28 9
-7 -16
34 41
28 -26
19 27
-12 -15
26 49
7 48
31 -9
14 -2
-20 21
47 8
42 -5
-21 -17
-12 45
9 21
17 4
-34 30
-41 -41
-48 6
45 -22
-12 21
-13 43
-49 12
-23 -27
26 47
30 14
-17 -21
-3 -30
14 -25
43 33
-30 18
-39 -11
-30 36
41 -48
-7 -15
21 -35
-9 -9
2 -36
1 -1
6 -49
-29 -19
27 19
-24 -35
-46 26
-15 -22
22 44
39 -5
-2 41
-29 8
-42 42
6 12
-32 39
-10 -16
32 -2
26 21
41 9
-46 -21
-44 -12
-46 45
-35 -11
43 46
-7 -9
47 -18
28 4
-33 48
-31 32
5 21
-36 14
20 45
16 12
-44 41
8 14
-45 -24
10 8
-28 48
32 -8
-36 15
15 38
1 41
46 -44
43 2
-45 -49
-5 39
21 -13
-9 -37
-15 35
-3 -37
-2 -41
34 -26
-1 16
29 -28
-49 47
30 47
23 -49
-25 24
-40 18
48 36
-21 21
44 -22
-15 -36
40 -32
-1 -48
-10 -48
44 30
-24 -22
-43 29
-11 44
-32 -46
-41 3
25 43
14 -45
31 -6
-12 38
-38 -31
-23 -48
49 34
22 -28
15 35
-24 -7
34 4
43 -34
-4 3
35 3
-33 11
37 36
27 -12
-19 42
-49 11
-42 45
-2 28
-18 18
16 -46
6 24
-19 5
-5 -44
29 -35
-26 -27
-25 19
-47 -1
-15 -18
3 10
-11 16
0 17
18 19
-11 -5
-16 3
-37 -47
-33 -48
16 -5
38 -4
6 -4
28 44
-12 3
-7 -7
26 19
43 -48
29 49
0 -31
-46 -9
-25 -20
27 -3
-20 29
-2 26
-46 -23
-20 -25
-25 -35
44 -23
43 -4
31 -22
15 3
-24 -46
13 40
46 3
-20 -47
-10 41
32 6
33 40
-10 -26
32 35
34 -48
16 21
-24 19
-21 18
7 -17
33 -13
14 -39
3 -34
-2 24
-11 45
9 38
-47 24
49 18
3 19
-27 -45
-2 38
14 -34
43 5
26 -27
18 -26
2 0
-1 -14
43 -17
-23 -2
47 -17
-39 -10
-20 -27
49 10
21 22
25 -19
-26 -6
47 19
23 -18
1 -3
17 13
36 18
16 16
15 6
29 7
28 1
-4 -26
32 40
-31 17
27 41
-1 18
-49 0
-15 -20
28 -12
10 -21
19 -26
-9 17
11 -17
22 45
-1 0
-3 27
-9 -4
17 36
-39 -41
42 15
-9 19
27 27
-1 -10
22 -27
-33 -12
-24 11
-7 -46
-2 -28
3 -5
-17 33
-48 -9
12 47
42 38
19 12
29 -44
-12 -14
30 18
20 -47
-24 16
46 17
-9 44
10 -2
-13 -49
-7 24
-49 -45
-17 -17
-48 -22
-44 -31
-9 37
48 -1
22 18
-43 29
-13 15
48 -42
34 -40
-19 0
-35 31
-23 29
-26 -42
48 -31
-7 35
-17 -6
-35 38
14 -1
-23 -21
32 17
13 -48
49 -21
33 -42
-44 -28
40 -18
-18 9
-41 -41
4 13
-12 -43
-7 41
13 0
-3 32
-15 -26
6 -15
-1 -23
34 23
-9 43
15 -42
-12 39
5 20
-21 34
15 39
41 -7
15 29
6 46
-25 -48
21 -42
3 26
-7 -34
25 -26
-28 -41
45 21
-3 -30
-24 -26
44 22
47 -13
-24 -17
-29 10
-6 -4
-26 19
-44 5
-46 34
40 28
-27 -19
48 -25
10 -3
1 -33
-5 17
1 7
-20 34
37 -35
7 -15
-47 -44
-14 15
48 -3
-45 1
45 -29
14 28
34 47
17 21
3 43
42 -26
-7 -12
-16 -1
-7 -21
-17 -15
22 -18
10 -30
0 23
13 -11
-40 -20
-49 1
21 46
6 -21
-47 -14
-18 -34
36 44
-34 -46
-29 7
48 23
-3 27
45 -24
-11 37
17 -32
-24 -1
1 6
-8 2
-9 22
-46 35
6 -39
7 -2
37 13
17 37
32 -28
43 -9
47 -41
23 8
-39 -49
-7 47
-3 34
33 -36
0 7
37 36
-10 27
33 -1
13 42
-34 -2
22 -31
-3 -36
-25 29
-26 -16
-27 17
35 8
6 -35
18 20
16 30
-26 18
-4 37
-43 36
24 -49
16 37
-42 -47
-25 -46
-10 -21
16 -47
-1 10
-15 45
-16 40
41 -7
26 23
-38 16
-39 34
14 -39
-28 22
44 30
30 37
-28 0
39 -12
7 11
-11 7
48 -31
8 9
-10 3
-27 -6
16 -24
24 47
42 32
-27 -32
0 -16
-12 -35
20 37
26 7
-36 11
2 39
37 48
-25 23
-39 -31
47 -8
45 28
47 -5
43 11
-1 -35
36 12
22 -48
14 7
-9 -33
47 7
-36 37
-36 38
11 -49
32 36
32 23
0 -4
-25 -20
29 42
46 -39
-13 20
-10 21
34 -14
2 -7
45 23
45 -27
-31 -8
-1 -21
-23 -34
-23 -13
-19 48
36 -26
6 -13
-46 -39
44 48
-28 -17
-17 29
-41 30
33 24
38 -16
-48 -23
0 46
-22 33
-5 -11
0 3
-13 41
35 -20
29 -23
-42 16
-19 20
46 -17
-49 26
-38 43
-9 27
38 30
40 36
-37 -35
-41 -38
7 -18
43 -2
7 23
-23 -31
-9 -8
27 -32
21 -38
25 5
0 -6
25 -40
-9 38
17 -33
2 47
-36 39
10 -39
-2 28
48 36
14 -5
-47 16
16 27
-27 -7
49 31
-49 -15
2 0
-46 -49
-36 -4
40 -12
-24 36
-14 -5
3 33
-26 -28
-4 37
-14 17
28 37
-1 -31
27 -31
-31 27
-27 44
-3 -47
-30 41
48 -30
-10 -27
-13 -3
-20 -3
36 25
15 24
-44 9
-6 32
-31 49
-40 -3
-17 -23
18 28
-28 8
13 48
41 -28
45 -44
40 -34
-46 -47
19 -15
24 45
7 21
-46 10
-12 -8
-24 4
1 -14
-47 5
-8 -22
-48 -34
49 -42
34 36
-32 -44
-41 6
-39 37
13 45
-2 -30
12 10
-13 -8
43 38
47 -27
-19 18
-41 45
-19 -38
-32 3
32 5
48 -15
-31 -21
40 8
14 -6
-12 -30
45 -42
9 -6
6 -35
-43 15
-30 -16
17 -10
31 -44
27 -15
9 28
45 -32
25 24
11 -20
-18 -40
25 47
-4 46
-44 -39
-14 -28
-27 -30
7 -37
-18 4
-5 -41
-43 42
-2 -16
-29 -16
7 -23
5 -28
-6 -49
26 41
46 -49
24 29
-22 -25
-18 -22
-15 37
-49 44
-46 9
17 -20
4 41
-1 -7
-24 -40
20 -32
-42 45
-43 34
-42 -9
0 23
-46 1
36 26
-20 10
18 38
-1 4
-2 0
-49 -47
43 -6
-26 34
-18 -8
-1 44
-3 45
14 31
39 -44
-6 -19
48 5
34 -39
-49 7
30 6
32 12
0 -29
28 -27
19 -8
25 -44
-40 42
-4 29
-33 -42
39 -18
-21 -1
-33 -8
42 -27
32 -6
23 16
-46 -45
-29 37
11 -47
11 -49
12 -7
-18 22
0 0
16 -21
-38 13
10 36
-12 -20
-11 17
-31 -30
-49 24
-6 45
35 -32
-27 0
-34 34
-12 48
-26 -16
-9 -36
-49 5
-19 -33
44 0
28 -30
-27 48
-40 9
-48 26
-15 13
33 40
28 12
-31 13
34 -8
-41 49
-4 4
21 -46
24 49
-33 47
0 13
-49 -44
-2 -33
10 -1
-27 39
-10 16
-37 7
-31 15
-9 18
38 -23
-42 -16
34 32
48 48
6 40
-40 -3
46 26
-38 -46
44 -24
-20 -32
39 -16
-12 10
12 47
-2 -25
6 15
9 -44
30 45
-42 45
22 44
42 -43
23 -6
25 -18
-39 23
32 15
-40 -27
-38 8
-18 -36
-31 24
19 -14
-17 -15
10 -18
38 6
-18 38
-3 3
13 -8
-13 9
-19 31
-49 -22
31 -5
46 24
-12 -28
15 0
-45 -45
-20 -38
22 -40
-8 -10
23 -44
27 -3
-14 2
35 3
4 -18
-48 -26
-20 -31
8 -47
-30 -42
42 18
-46 -29
15 46
-19 -46
-1 21
-8 -45
-9 -22
-42 35
18 -39
19 31
28 3
-28 11
-44 0
29 -36
-12 -13
15 8
22 -15
6 17
-2 6
15 -16
-43 -6
32 22
-36 -43
3 -49
-28 46
6 3
33 -19
-32 -26
-37 -39
-17 -6
-18 18
23 -38
40 10
33 17
27 -34
8 -34
7 44
-14 15
-29 -35
-21 -33
9 36
-12 -41
49 -24
36 -7
12 -1
-2 -45
15 14
-39 15
6 -16
7 -36
3 35
-10 16
17 38
48 -46
34 -4
-17 12
-10 -5
32 -17
-18 -45
-34 -19
-23 8
22 -13
-16 -33
34 41
25 -10
-47 -6
-16 -18
-29 -32
-20 -23
25 8
41 -34
-6 31
4 40
-32 33
28 -4
-45 25
30 40
11 20
21 6
47 2
-43 -43
35 -29
35 -23
-14 12
-43 -34
0 17
-26 -12
-20 -37
1 47
31 -18
-5 8
9 -2
-33 30
-46 -41
0 -42
-31 -12
-2 8
-13 -13
9 -27
44 -18
47 8
36 19
-29 -14
40 41
29 -33
-46 -23
28 -34
-35 -16
13 -46
41 -32
46 -1
41 -15
-8 -41
38 -1
42 6
17 34
-21 22
1 16
4 19
-31 27
12 -26
-36 42
-16 -27
29 45
-3 3
-44 6
-18 -34
7 -35
-30 14
-1 -20
-19 23
45 -17
17 -19
14 -36
-6 -48
41 -42
-49 39
17 -1
13 -47
-42 7
12 0
-27 -20
-1 -36
-40 0
3 14
35 2
32 28
-30 37
16 -21
20 -20
27 21
35 25
34 36
-45 -2
-25 -36
43 -37
35 11
5 4
-48 19
16 3
-7 -10
1 43
41 -33
-8 -18
-23 24
-9 -17
28 -42
-33 -20
0 -46
-23 -1
-27 33
43 4
42 17
-37 16
-24 46
29 -4
-25 49
-23 16
-11 15
-40 -36
42 -39
42 -44
30 8
-49 -41
-4 45
-46 -43
21 25
21 -6
-27 -17
37 -9
32 43
6 -8
-40 -8
30 26
17 21
-29 22
13 1
-4 29
-10 0
0 35
-16 12
-45 46
31 29
18 32
-2 -39
14 -5
-23 9
-35 21
-8 37
17 -48
-14 44
9 30
-11 0
38 1
9 20
30 2
-40 -11
1 1
24 -29
-48 -17
33 29
11 -39
-46 -3
5 -36
31 -6
-1 46
35 36
3 -31
30 43
30 -35
5 22
7 -28
0 -27
-47 -16
-32 -47
30 -6
-35 39
38 -13
15 -29
20 18
-34 38
-22 -22
3 43
7 20
-41 -32
26 -24
-20 -36
4 0
39 -26
0 -24
42 19
5 -37
-2 -5
-19 -40
-31 13
17 -9
45 28
-27 -23
36 28
12 -5
-37 -3
25 40
32 -44
0 47
-40 -16
10 2
27 43
40 22
40 -40
17 5
40 41
-30 11
41 39
7 21
46 27
-24 -26
45 15
42 25
-7 -48
-18 48
16 -25
-29 -27
12 41
4 46
9 -14
-47 -32
-26 48
-5 -26
34 23
30 43
-11 22
-15 -20
-9 -42
9 -2
-26 -46
-2 20
-10 24
-24 46
40 11
-3 -18
-49 -32
-24 0
47 -24
-42 0
18 -4
-43 -44
-44 44
34 -23
47 22
0 -18
-45 44
13 -10
-49 -34
25 31
-36 -3
-14 13
0 20
-44 -3
20 9
-3 30
42 44
34 11
8 -3
39 -8
-43 16
-24 -47
-10 42
2 42
-37 -48
-34 -3
36 -24
-10 46
-42 -14
41 40
-1 0
-24 44
-36 -30
38 -14
25 8
-33 -43
-17 25
-38 44
36 -9
-37 5
0 -34
32 21
28 -24
-36 9
-4 -37
7 -23
31 5
-37 -8
37 37
-11 -21
-25 14
-7 -15
-16 -1
45 -10
17 -44
-45 45
1 32
37 -40
-39 8
26 -1
-17 -42
12 13
32 -37
25 -36
25 -26
-7 45
18 48
-13 -34
3 -29
0 -22
-3 -33
-33 2
36 -23
-24 36
-31 39
2 26
40 -32
-18 47
18 -17
-29 -16
31 -32
11 -40
38 -23
21 -13
-14 1
35 48
-12 -28
4 35
3 -11
49 -35
-10 -29
-6 16
20 -16
24 11
-14 -30
-17 20
-43 10
-44 -15
-15 43
3 -22
15 45
-32 -1
-11 18
4 6
-42 26
29 -13
-21 -39
-23 1
8 19
-33 -49
-4 -33
8 27
-8 -41
-1 -14
49 -48
33 -12
-13 40
23 20
34 -36
-23 -19
-49 38
29 47
43 -42
21 -33
-47 -33
14 21
2 25
-40 12
20 12
22 -41
-27 -36
-12 -24
-9 25
-41 -33
-16 2
-37 -47
7 9
17 -15
10 -34
37 2
17 -27
37 18
-5 3
35 23
-41 35
-14 -12
-39 23
28 36
35 -16
11 33
17 31
33 2
23 36
39 46
9 35
48 -7
-36 48
-14 19
-41 -21
-20 -33
12 -17
14 23
45 12
36 43
-16 9
-24 -23
-18 25
-1 -26
-12 24
-19 39
-13 -26
-18 20
48 -5
19 -35
-17 0
-48 44
-37 -34
20 -7
-48 25
-33 25
20 -2
-4 45
33 47
45 -29
25 11
40 -9
46 -15
-7 6
-40 -44
-23 -44
-32 -45
35 23
-25 35
44 23
1 -31
37 -43
45 -35
-4 48
30 -17
7 -5
-22 16
41 46
12 34
10 -37
-39 1
-46 -23
-23 -36
-40 25
35 -3
22 8
40 -10
33 -16
-13 -14
26 36
33 -6
-49 -12
-10 10
-40 -10
12 39
10 -19
-21 32
22 49
1 1
-43 36
11 38
-18 -19
-15 23
39 -30
43 -35
38 17
38 4
-10 18
43 18
-25 -20
-3 -23
4 37
2 5
-37 4
-40 42
32 -44
32 -1
-47 20
0 -23
3 -32
-47 26
-19 -5
36 6
25 -19
-2 39
-44 25
-28 28
-32 34
12 -10
24 -19
8 30
-24 -46
3 -49
17 -12
0 22
12 13
-24 31
26 25
-9 -7
13 21
-37 -6
-36 -23
-36 40
-20 -49
33 48
15 -48
-4 -29
-21 -32
39 7
-24 -22
-26 28
8 -48
20 20
20 10
47 12
48 -3
-3 0
-16 43
11 15
0 30
16 39
12 -24
23 -45
-6 13
25 -34
33 -1
33 7
16 -21
-20 -23
-45 9
-33 -40
-16 42
30 -30
-24 37
-28 22
-39 -7
37 47
-4 -32
44 2
8 28
-2 -40
27 -17
-8 -2
3 17
-2 23
-35 -31
-24 -27
-35 -13
12 33
-39 42
-38 40
-13 -38
29 38
12 1
-15 31
46 34
-39 -49
-37 15
-36 -43
-35 11
-40 38
-44 -4
-46 -26
1 -30
-18 -12
20 7
23 16
41 29
35 35
-36 33
-19 -44
-1 29
12 36
-18 -10
-12 -4
29 47
9 -5
-49 34
39 22
-47 0
-33 -36
32 -35
7 -40
3 40
-13 27
12 -44
-45 1
-30 4
15 -12
-41 -13
-20 23
-6 2
-7 26
-36 -13
-37 -2
40 35
5 33
20 -26
-10 -48
-45 -3
6 -3
23 -38
4 -46
-41 -19
-27 6
13 -15
9 29
-19 12
16 27
0 45
-3 9
-8 -21
-6 29
38 -12
5 -14
3 -5
37 -27
24 -43
27 28
-37 -25
39 13
-41 -11
-3 -20
22 -25
49 -39
-18 -43
45 27
0 8
-42 -10
-26 -48
17 33
32 -16
-1 13
-8 -24
-38 -34
-3 -6
-37 -39
-34 -15
40 45
-29 -36
28 2
-10 7
47 39
21 36
-47 34
-23 14
0 30
-31 -48
-40 7
-42 35
-46 45
-43 46
34 -37
-46 23
-30 -45
25 -20
6 11
46 36
8 35
-18 -20
-19 -36
18 -21
-49 -10
-22 31
47 4
-44 8
-44 43
-16 -17
-17 -40
13 24
13 -34
-1 22
18 17
8 -24
-42 12
17 -36
44 -18
-30 -35
35 42
-13 36
-25 -30
-25 23
44 -11
-21 -37
-24 3
47 6
8 -25
-8 -16
-33 41
-6 7
30 9
45 -46
15 40
4 3
42 2
26 18
-9 -36
47 -9
-33 -32
20 44
-39 -32
35 46
22 33
10 -27
43 33
29 -45
-27 -35
45 5
30 17
32 -39
-22 -49
7 -45
-36 44
-36 47
1 39
20 0
23 -16
28 -43
0 7
-6 -40
-31 44
25 -7
-24 -5
-17 43
19 11
-47 -25
-27 -45
12 -48
-18 2
4 39
-36 -15
2 -43
-28 0
-30 -6
45 49
-28 49
-43 14
-26 -16
30 8
37 -38
44 -30
34 27
25 1
17 -13
-16 7
3 14
17 -30
0 -39
43 -32
30 -12
15 0
-47 -21
6 -11
-26 43
10 33
-21 -44
-18 26
22 36
-38 -31
36 -40
10 -7
35 -47
23 48
-14 -33
47 -45
-13 -1
-47 15
26 32
21 -34
-23 26
-20 -24
48 -27
9 -10
-32 -26
26 4
-3 -19
-15 -41
26 9
5 -23
25 -43
16 -21
2 -1
30 18
3 -1
45 -44
-34 36
20 4
-21 -13
38 25
-21 12
-10 48
28 -19
13 1
-11 -3
44 -38
-47 -21
-1 -35
-45 -24
28 -26
-32 31
31 -21
-48 -33
-5 -44
28 8
-47 -6
9 -10
-6 -32
-8 39
20 -30
-15 -21
3 26
-29 9
-40 38
-29 -34
38 -9
-38 -43
34 -21
-6 -40
23 -32
-48 7
-12 -15
-43 3
8 18
15 -46
-6 38
12 -1
-37 13
-21 48
24 28
0 9
-17 47
-1 -16
23 -32
-43 -5
-7 36
-15 -34
22 0
-6 31
22 40
-23 12
-30 20
18 26
-3 -4
28 32
36 9
5 31
-29 46
-11 -39
25 -11
-25 2
-12 0
-39 -41
6 -47
25 -27
-42 -35
-14 11
32 -9
29 35
-34 26
-4 -26
35 -44
-20 47
-31 -16
2 38
-7 12
-39 -1
46 45
49 -47
3 -22
-29 17
3 -44
18 -13
47 42
18 1
31 8
-15 27
-22 33
-10 -4
4 -43
-45 -24
-12 -49
20 49
45 39
22 38
-33 -5
-40 38
-17 -25
-45 -31
9 -33
-8 26
10 -11
-42 -19
-37 5
41 -10
-5 -12
7 -48
7 0
8 -43
1 -10
42 -18
32 -26
-25 14
38 -31
49 -25
24 -43
-5 -10
31 -20
-18 -29
-4 -26
-21 4
-11 -24
8 18
20 6
0 -30
9 24
-21 -3
46 33
-3 -33
47 -18
31 11
13 36
-46 21
39 2
9 20
-26 31
-7 -21
48 -27
47 -27
31 -38
-11 24
-7 -1
42 -41
11 -33
-9 32
-41 -3
22 11
38 16
36 4
10 -43
-19 8
-4 -45
-28 45
48 -17
40 48
-25 13
9 6
-10 32
-43 21
-45 -13
8 -42
-46 -1
-17 -7
-39 -27
36 -5
-5 17
48 -44
-6 13
-36 -8
1 -7
35 41
29 15
-6 31
-43 -38
44 -23
28 1
19 11
37 -37
-16 39
13 47
-13 -23
-9 -44
31 43
-2 4
-26 33
9 18
48 -45
-38 -13
33 -31
4 25
39 30
34 10
-34 37
-48 -33
1 16
11 -13
-7 32
33 -20
-6 -48
16 10
-24 29
34 -13
21 -29
-9 8
-9 -34
-48 -29
32 4
-32 29
42 13
8 33
37 0
-25 -13
-1 46
18 8
38 25
48 -9
-39 4
8 30
4 49
-24 39
11 21
4 -13
28 -34
-10 38
2 -47
-40 -10
-31 34
-15 -22
-29 25
43 -35
47 -33
19 -11
3 10
47 19
-34 44
39 -44
-15 -33
-30 -40
41 -23
28 -48
-12 14
-20 -39
10 23
-38 25
7 -48
-20 -4
22 46
37 -32
-49 4
11 9
20 -42
3 22
6 -22
-20 -39
8 -22
-3 21
-18 -44
-21 -22
21 32
-29 -35
-18 -42
-38 20
-33 47
-17 -27
45 -43
-24 20
-3 3
-44 -19
-13 15
-45 46
25 -15
40 -43
-4 -7
46 21
16 25
46 48
-5 21
12 -5
-12 26
13 12
-37 -20
29 35
11 8
43 -32
-33 -13
-20 -2
16 20
15 -27
-36 -1
7 -14
18 24
-48 33
-33 -1
-16 10
22 11
2 -22
-16 -13
6 27
-17 35
-13 -43
-25 28
15 -27
20 -31
-21 -36
-15 21
13 -39
25 -9
49 -23
49 -35
27 14
-9 6
-1 -33
-15 -31
32 11
-37 26
20 24
-6 25
27 -9
6 43
14 1
-32 23
-42 -44
5 38
14 -26
-39 -4
-12 -47
-30 43
8 -44
-44 5
-2 21
-4 -27
-37 45
-35 42
44 43
11 5
-21 -39
17 -42
6 29
23 -34
-46 4
42 -38
21 40
0 38
7 -22
41 -7
-35 10
-2 17
0 3
7 -9
37 19
10 -22
-23 -38
38 -48
-29 -40
-19 13
-33 20
-44 -41
42 -40
10 -13
-24 35
13 -1
-13 -24
-26 -28
14 41
-27 10
30 -29
0 3
-47 47
-34 33
-13 27
-14 -49
20 42
-16 -46
-9 -27
-31 -24
-43 37
-41 46
-37 11
39 -34
9 17
11 -12
28 -13
12 27
21 -16
16 -26
33 34
-42 -17
-46 -4
-27 -41
26 -22
-39 27
43 -40
-3 17
10 -14
-8 14
-10 9
-20 -11
-22 10
-36 -10
6 -24
-24 -49
-31 40
36 -11
5 -41
-8 33
-49 -33
-6 -36
-12 27
25 -14
-31 41
-20 21
43 19
-41 22
41 -37
6 -36
18 23
-3 44
-7 26
36 -27
-29 47
20 10
45 30
17 -6
32 29
-11 -27
22 21
23 -6
-34 26
3 28
15 6
29 0
-48 -11
33 -38
35 -15
15 -43
-24 17
-40 40
48 -25
-16 31
-24 -46
-34 24
49 20
41 -8
-9 45
17 -9
-47 24
-34 13
3 -2
-2 -31
-28 32
-32 -15
-17 -8
-32 -29
42 -38
19 37
-45 42
-8 23
3 -39
10 0
-34 22
-45 -31
20 28
34 -25
25 -39
33 -30
-45 47
46 -41
20 19
19 42
-20 -14
28 -18
-48 -10
0 17
7 -6
48 28
38 -46
37 -31
-10 -5
6 48
-6 24
28 -6
-14 37
12 -5
35 -47
0 20
19 -33
20 33
34 35
-13 -27
-17 27
23 23
-23 20
10 23
30 14
-6 40
4 42
39 15
-6 23
0 10
-26 47
8 35
4 -32
-40 -19
11 18
10 -41
-1 -22
-13 25
1 -34
12 7
-48 -14
-41 -21
1 -29
-48 0
-44 -42
16 34
-22 1
-2 -35
48 42
45 -35
21 23
1 -49
47 41
29 32
-37 -23
-23 -26
-44 11
-37 10
18 -4
-45 -31
32 -40
-39 37
24 0
33 28
-37 5
15 -49
37 -26
11 -35
48 2
-28 2
24 7
-48 17
18 37
23 39
-45 -20
-49 -6
28 -19
-30 -8
-30 0
-12 16
-9 25
-33 13
7 40
-25 9
-34 -47
-38 -29
-17 20
-47 -40
0 11
7 -30
-31 37
-17 16
-15 -6
-9 -41
34 35
38 35
-12 44
12 -43
9 -23
8 -28
-32 46
15 -1
5 -48
37 -37
-30 -39
44 -12
6 27
-7 -8
-12 5
-26 -6
2 41
19 -11
8 28
-41 -47
40 -19
23 15
-4 -20
-23 46
1 0
1 -32
-27 1
-33 -35
42 -19
-1 -43
9 -3
-2 -18
-46 13
-30 -31
27 29
5 3
23 -21
-30 20
-32 -16
-7 -34
9 -46
1 -47
0 -26
-27 -14
-43 49
0 19
-28 -16
8 -1
13 -14
27 -13
-15 -13
-27 37
43 38
4 34
2 -43
28 23
13 17
7 24
7 -5
19 -1
28 -25
9 -13
28 10
0 -7
36 34
39 22
-47 43
-44 19
5 2
-13 -46
-26 16
0 -48
-15 -5
-22 28
36 45
32 -3
-37 -9
8 -3
-12 -40
-3 -7
2 8
-3 -2
34 -5
-2 -5
24 -49
-12 28
-21 -28
29 12
49 -30
-48 -13
-23 -23
48 16
33 42
24 -4
40 -7
-10 44
-45 -19
-5 -25
-21 -47
-4 -47
28 -16
42 -1
44 25
31 0
-23 25
-20 -40
47 38
-17 -27
-40 40
38 27
30 11
-30 -29
44 32
24 -17
25 48
26 14
-1 35
12 41
-47 2
17 -42
-1 -9
-31 30
4 43
10 2
-2 27
16 -46
37 -47
4 -48
16 -44
-20 -33
-22 44
-3 -43
26 8
-20 -36
-13 1
35 31
45 1
-42 26
-31 44
-10 48
-30 -21
-40 -3
-6 -7
32 35
7 -22
-6 -37
-10 -14
21 39
0 33
-37 -6
10 -33
20 33
19 -4
16 44
-14 43
-5 -38
6 27
-10 4
20 -5
-14 -25
-20 24
2 -1
-5 -33
29 -15
11 -43
-39 26
-31 -7
-15 43
-20 27
-30 20
7 27
-14 27
23 10
-47 -47
-9 -31
31 -17
-29 -7
31 15
40 27
-16 -43
-3 48
22 -31
8 -48
22 29
-39 12
44 14
-1 18
-5 20
14 41
46 -46
16 -40
48 17
-29 -41
4 20
-35 -27
36 -18
-11 40
36 26
35 41
42 -6
12 -5
45 25
-31 -34
39 -21
-24 10
-20 5
-35 -37
17 -5
32 2
-18 -38
-13 17
10 -13
8 -13
-49 7
-12 -35
30 45
-29 33
-47 24
25 42
-30 9
-46 5
49 -41
-9 -37
45 15
-5 -29
19 24
27 -43
-5 -33
-28 47
12 -47
30 26
25 -5
40 26
48 17
-36 -10
22 18
15 -38
47 10
6 -6
11 30
35 45
-39 -41
-47 -38
-28 -24
22 0
40 -4
-8 -34
37 -21
20 46
-36 36
-36 -36
16 -42
49 34
-9 23
-34 35
34 22
-45 -40
43 29
42 -1
-24 35
-1 -21
13 36
3 2
-28 3
35 13
49 46
28 25
-33 9
-13 -1
-25 -33
-26 18
-26 15
-24 15
34 -11
-12 -27
-35 -14
8 27
-10 -43
-16 14
-8 17
10 -19
-16 -12
40 44
25 -16
43 -33
-44 -13
33 -32
43 7
-30 48
-1 -23
5 0
22 40
48 -7
49 42
30 41
2 10
-41 -42
-15 32
39 33
41 48
0 44
-44 -1
0 -32
-34 32
18 1
-23 48
-12 5
-12 -14
31 29
-37 43
-43 7
-41 29
-4 45
-30 -21
32 3
-45 -16
-1 -2
-10 9
-23 47
33 40
-16 28
0 19
-35 34
4 -12
-46 40
-19 -44
29 -25
-4 32
-17 11
23 -44
26 48
9 -44
-43 -45
25 -45
17 -5
15 12
17 27
33 44
4 4
2 40
-27 33
-44 24
-44 18
-10 -46
-8 -27
-2 -33
-18 -47
-7 23
23 26
-38 -28
-23 -2
-31 -13
-12 -6
23 13
31 -26
-8 25
21 11
-16 -22
-25 30
40 3
0 20
36 45
-6 22
-1 -35
-49 -44
30 -8
-36 7
-12 25
30 -3
-3 -20
-31 35
-1 3
41 -22
-32 -21
-12 40
-16 -10
0 -44
23 -49
3 43
