0 45
-10 -14
-15 -33
-16 0
33 36
39 -23
-19 -36
49 -19
-24 16
31 -45
7 22
24 -23
3 4
-25 -26
6 -45
30 -2
-49 -45
2 -32
42 -28
18 -28
-31 -40
5 31
-17 -44
5 -39
-4 -4
-17 41
11 -10
-10 2
-13 -16
18 -14
31 3
29 -18
25 -26
29 -15
16 -16
-32 -21
33 -19
26 27
-9 -47
27 -7
31 39
-17 39
-34 28
30 5
32 35
14 -40
-33 15
1 38
-33 36
8 7
12 -15
-47 30
-34 48
-49 48
38 38
-20 27
-48 48
42 -1
-21 -16
3 -33
26 -22
15 23
-49 46
34 -5
36 -2
-30 35
-6 4
-44 -47
-37 43
1 -31
-31 22
37 19
-25 25
0 0
13 11
46 -7
39 -41
22 -40
19 -40
-5 -49
-39 24
-16 25
-40 -11
48 30
9 7
3 2
-6 41
6 -3
-26 41
24 35
32 20
-13 10
5 -44
-25 12
32 -2
11 12
-10 36
32 35
-48 -9
-33 -31
22 8
41 -10
-18 -14
-35 -42
0 22
-36 26
-36 16
-40 1
38 -2
-31 39
21 -41
-18 -49
-9 49
11 2
-17 -5
-14 -17
19 20
33 -4
-30 45
33 -9
38 -29
-10 -49
-6 -6
-38 45
-40 6
-3 -25
-37 19
0 -19
-38 -41
48 36
-8 -47
42 13
13 33
38 41
-1 -11
-26 15
-13 0
-5 5
-14 30
28 1
-44 -26
14 15
-25 -35
21 -27
-28 37
49 48
28 -43
-30 -36
37 -10
-18 -37
-26 -41
1 -38
49 1
-4 -1
22 31
30 7
-33 -44
32 49
46 -48
35 -15
21 -29
-25 -8
-49 33
-41 -39
-11 38
9 -19
-47 -1
33 -47
-27 38
-31 -49
-26 -24
3 4
-10 -5
28 -12
-15 -1
-20 14
39 1
32 40
-38 -39
49 -49
-1 26
-29 11
-43 4
-41 35
-6 -44
11 38
-12 -3
-5 -6
14 -35
-5 34
-16 -3
-36 -9
-11 12
6 -13
-39 7
42 5
29 0
15 0
8 -3
27 18
15 24
28 49
11 -3
40 6
-19 43
-1 -16
31 44
36 -25
14 29
-2 -38
25 11
34 -31
-5 42
26 -37
-10 18
-23 48
11 4
36 -27
30 -32
-32 9
-37 12
-22 25
27 14
-41 -8
2 44
0 -13
18 -36
-12 11
5 36
-25 -20
29 -33
-30 -2
-44 36
4 3
38 -44
14 28
-25 -26
-48 0
35 36
12 -6
-27 -25
-4 44
13 30
8 26
40 40
-9 -11
17 34
-32 -9
-35 -42
9 -13
29 35
-10 2
9 -2
-31 -43
-46 12
36 38
-11 35
-20 -22
-46 0
-29 42
42 4
-21 21
40 -10
21 44
-13 38
26 -32
15 19
37 -42
-8 -5
-32 44
17 -48
-23 -3
2 48
5 10
28 41
43 -41
38 1
36 -43
37 -25
-4 43
-4 -45
31 -12
-31 -9
47 9
-39 14
-31 37
23 33
-26 -12
19 -38
-41 1
-14 10
-34 13
-13 -12
12 -5
-5 29
6 30
19 -29
41 -11
-10 -47
-26 -12
-14 -34
-7 -29
-27 -2
-36 32
-18 10
-47 10
-46 -39
20 -32
45 -18
-16 -32
-48 43
-3 26
-3 -42
-25 -48
-1 16
-12 -9
-10 -40
1 4
-47 -48
17 40
-12 -10
-47 1
0 -15
-39 22
-28 -17
-38 -31
39 26
25 -20
46 35
29 -47
-42 4
-46 -41
16 -14
-39 22
28 8
-8 14
31 -41
23 -35
11 -10
38 -40
38 -3
16 0
42 13
-8 30
-22 35
2 -43
7 -20
29 -24
6 7
34 47
-27 -45
10 -17
-34 -30
0 -37
3 -13
-26 -1
-15 -1
35 -38
-17 -13
-24 10
8 -5
17 18
39 3
-7 -2
12 -16
2 -22
12 30
-24 -40
-8 19
-17 5
39 7
36 -8
-20 15
-2 46
34 23
5 -38
27 -36
-13 27
-16 17
-13 0
24 12
-5 -38
2 44
-4 24
-26 27
-32 48
-1 -47
-33 34
27 38
-20 -22
-43 -26
-39 -21
-39 -44
-4 -38
33 46
3 -39
36 8
-34 -17
22 14
43 32
-20 39
-14 15
47 -43
4 7
-19 -47
-17 -43
-40 -40
-21 -16
-17 6
14 -23
-19 32
-22 -48
22 -5
-21 -18
6 21
38 42
44 -47
-22 46
46 -18
-38 35
-10 -2
-10 46
-15 -1
9 14
36 -35
32 14
-10 -11
14 -26
-49 23
27 -4
-13 6
-47 -17
-40 -25
-5 -29
-16 36
1 -18
-28 -46
39 -24
23 -46
-17 -45
-9 11
16 42
-14 -18
41 2
12 28
-25 25
-31 -23
42 21
-10 -7
15 4
26 22
-41 -45
7 48
31 -34
46 10
-4 -33
14 -4
-5 8
-27 34
-16 -31
-16 -8
14 28
30 40
5 -12
7 -17
-1 -22
5 -4
-29 -45
-37 -8
-41 -11
-28 -28
40 -27
-21 1
-29 31
-19 -35
-40 -43
4 38
-27 34
48 -20
-38 -8
-35 36
49 -24
12 -32
46 33
32 34
-46 42
45 -12
43 40
-14 40
-44 10
27 30
13 30
-5 -33
13 -12
43 24
-36 -8
-24 13
23 17
40 17
-46 -18
13 -47
-25 -42
-44 1
36 10
16 -36
26 -41
14 19
-38 -11
-24 -14
-13 12
-43 -24
20 -28
35 15
43 -46
30 41
25 45
-2 -41
3 29
-30 27
-48 37
13 2
15 -32
43 -49
-30 35
39 -9
-10 8
45 34
-35 48
-41 -3
-49 -14
-44 16
8 -35
-4 30
-22 -34
-6 48
37 -38
-19 36
15 -11
-38 8
-48 -15
27 -39
-38 -33
11 -30
24 8
42 -14
-25 18
25 -5
16 35
-18 -23
42 -29
-37 38
6 2
8 -17
16 47
23 -6
-5 -12
38 -23
0 7
49 3
37 -40
-39 38
31 30
17 24
23 0
-38 14
29 -48
44 19
3 -21
26 8
-31 -24
-7 10
13 -19
-37 -28
-1 -49
14 22
-21 19
-30 19
47 -25
29 -10
-22 -39
-26 -14
-37 41
-13 28
-2 -45
-16 -25
-40 -25
47 -31
21 -34
39 1
14 9
29 14
18 16
-41 3
5 -1
-36 -16
34 15
6 -17
-17 -41
-32 21
5 10
47 0
32 1
36 13
34 6
41 38
-38 3
4 34
4 30
4 2
14 -6
27 -4
24 27
43 15
2 -16
-10 -3
32 36
29 -46
15 -22
37 -12
-6 -40
-17 -1
24 1
-13 -11
-33 41
-30 16
11 -31
-33 36
37 9
36 -10
-10 -32
-12 45
42 -49
41 -36
-15 23
-49 2
17 23
-48 -18
0 -11
32 45
-48 18
8 15
-18 48
18 -23
39 38
0 18
-38 -45
-32 25
-46 49
-29 -35
46 23
22 -44
-22 13
-31 47
-36 -38
11 -24
-21 24
15 40
6 -2
-3 16
7 -4
33 -42
24 42
-34 -39
-45 -28
-18 -38
48 7
-17 -49
-3 -33
-27 11
-40 38
24 14
18 -49
-18 31
34 -35
-12 -17
-6 28
-35 -38
16 -39
34 -31
-47 -3
40 18
15 -37
10 -38
-21 -35
23 -35
20 6
-45 47
5 -29
-10 -21
-19 -40
-10 39
13 41
21 -30
-4 -29
-41 4
39 -34
-25 -28
7 -28
33 9
-46 -13
42 20
2 -10
43 21
-36 26
25 3
47 49
-35 40
-42 7
29 15
36 0
-15 43
-12 23
40 -24
7 -31
43 -30
-42 -14
-36 -10
-43 32
-12 -14
-32 35
20 -41
-26 -14
15 -8
31 8
30 -41
-36 -2
-10 -27
-31 -9
32 -35
26 27
33 2
31 -12
22 -26
16 28
-38 49
21 19
13 -44
2 43
-4 46
17 0
29 46
0 7
-40 21
-1 -42
6 43
43 -24
-28 9
45 21
-38 -14
18 -48
-29 -26
-29 -33
40 22
-12 5
37 23
-37 -5
-35 -3
-47 -21
10 9
3 4
33 3
-39 21
-5 13
-46 -32
-35 0
37 30
20 -21
23 11
-48 -25
3 -48
6 -48
-6 -16
3 6
8 -11
14 19
19 48
-22 -38
-7 23
17 -35
-38 35
12 19
-41 35
19 -14
19 45
47 22
4 -11
-16 37
-49 -29
-35 -12
-29 6
-30 0
7 10
-6 29
-26 -28
-14 -25
36 -35
-28 -20
-37 -1
0 -23
5 43
47 -2
-9 -9
-32 -40
-45 36
-37 23
3 -36
-18 -13
0 11
-40 -2
-6 -3
37 -32
25 47
-2 -40
45 -45
-32 -18
39 27
-25 7
4 -18
7 -16
-8 27
-23 -44
20 -36
-23 -42
-32 -6
24 -44
-44 10
-4 -36
7 -11
-28 39
-38 7
-20 -9
29 45
-25 7
-41 25
-41 9
30 -29
-47 -7
-18 8
37 1
15 -36
-11 31
-34 -36
-9 -14
-26 -27
-46 -37
-16 21
36 -7
-16 -17
-47 13
-23 -46
-41 40
-44 10
16 39
22 -45
-33 19
4 -35
4 -43
35 28
-2 -12
18 -30
-25 40
0 39
10 34
-3 -13
38 19
-29 11
37 -25
33 -24
24 -34
10 -6
-29 -45
-11 -30
2 -47
25 17
6 14
-23 -37
34 -33
25 26
-4 13
-45 34
-23 -41
36 33
45 19
0 -35
34 -20
21 -48
-30 33
-8 1
44 -45
-2 10
13 -21
-37 -4
44 -30
47 31
-22 -17
-34 8
40 -26
-24 37
5 44
-31 -39
