-49 -2
45 20
-19 -37
-6 19
-19 -10
2 33
49 23
-46 -10
-5 -39
12 -37
-45 -24
-41 -33
-15 39
-32 -4
-25 -8
-18 -11
14 -35
-30 -46
0 29
-3 -46
-43 -10
-5 13
-11 30
15 -37
-44 -6
27 48
40 -34
13 3
6 35
0 -46
41 -14
18 -20
28 -9
31 25
35 45
-43 -45
-19 -19
-36 28
13 -18
-12 -34
-43 -45
44 -31
40 -27
49 22
47 13
-6 36
-49 17
16 3
-30 -33
-36 22
-16 6
37 0
-24 -43
-37 -12
47 -29
-11 -11
20 16
31 -39
19 33
-10 27
40 22
-42 -17
34 -4
41 -7
-43 -36
-6 29
8 41
-1 16
27 43
2 -16
9 35
-25 -10
3 -14
44 16
-33 43
47 35
-38 6
-7 35
-26 18
24 -20
14 -28
17 -22
43 5
-35 46
32 -40
3 -26
6 -18
-21 -13
22 -4
-31 -1
-32 22
-46 9
45 26
9 -8
-47 -36
-32 -49
-35 43
-2 16
23 0
8 33
-30 -6
-22 -14
43 35
-16 -17
6 16
-28 -31
-2 -11
2 2
12 5
-27 -35
29 0
-19 31
37 -19
-18 10
43 13
-33 36
-7 22
32 43
-42 17
11 3
-27 2
-4 -47
36 -33
32 39
33 3
-37 -18
38 21
32 -5
14 29
-46 -32
31 -10
-23 -28
-44 38
-4 26
-18 40
48 -25
31 -48
-40 23
14 19
22 15
4 11
-31 -6
8 15
34 -10
-9 11
4 -18
-40 25
41 -29
-44 11
-29 45
30 33
-14 10
9 -2
-1 16
-22 5
18 25
-35 -26
5 19
16 43
48 2
-36 -21
29 9
-28 -17
13 -24
2 -28
18 47
12 -3
-12 39
6 27
25 -41
-18 -45
-14 10
23 33
-47 18
-39 -39
19 39
-48 -13
-48 -34
38 38
13 47
19 18
-44 46
-34 -30
-10 46
-32 17
9 33
7 -20
-18 37
18 7
21 -26
-41 43
26 30
29 0
-33 48
40 49
-37 9
-42 -42
-13 -24
16 36
16 40
-11 4
-8 -33
9 5
-41 0
3 -22
49 12
-29 -38
-28 -34
-4 22
18 -12
-32 45
48 7
48 -42
-42 -29
-28 46
22 -44
41 -29
17 34
-25 21
-11 42
-47 18
10 -47
-49 -41
-16 -49
-41 44
-5 15
-45 48
15 0
-33 31
31 -32
26 -34
-34 -34
27 -40
-2 0
22 -31
12 16
-5 38
-41 -39
17 -33
47 -10
-45 25
49 -31
35 18
-28 -29
35 -48
-3 40
-1 -46
0 32
-47 20
-9 -22
19 41
17 -49
-27 -44
-4 -47
-43 44
-34 -6
-12 -5
49 5
19 16
32 -30
38 -20
-9 48
-3 -43
-6 -25
31 -29
15 11
23 19
36 -44
24 -11
-39 2
42 37
35 12
-11 -20
49 -37
3 4
-20 -23
-28 27
-42 19
-2 39
-22 -38
14 -14
-13 -7
47 24
-25 -48
-3 -12
46 -7
-12 -34
-41 -9
12 -43
-14 18
-5 -40
-48 -12
10 38
23 -46
-32 33
7 33
36 14
-30 -9
-40 -2
-43 13
-30 -29
40 -27
16 36
-28 -47
47 33
2 0
-29 16
-43 30
8 1
4 49
-10 7
-35 -48
-2 21
-28 17
-8 13
5 -43
21 1
-9 -43
-36 -18
4 9
-44 47
-3 -1
-43 41
8 2
16 -20
28 -33
31 -29
-28 -39
-36 -48
46 9
-11 1
44 28
12 -14
-1 38
0 20
-41 -9
38 -2
-11 24
32 21
-6 36
26 -26
-2 -5
29 -2
38 -13
-5 18
34 42
-26 7
17 42
-12 -12
31 34
-20 44
19 0
25 -7
24 -23
-35 -19
-48 -13
47 3
-41 -35
0 -24
29 -38
-5 20
15 -38
42 -25
43 22
16 -14
-32 48
15 32
-19 4
-9 31
-5 38
-43 30
-1 42
-3 17
10 -23
-26 -16
-39 -40
-10 -15
1 47
-21 47
-10 -14
45 33
-38 -36
-25 -14
7 34
-12 7
-18 7
31 32
-43 -27
23 27
34 -46
-37 -14
15 -25
30 26
40 0
-2 3
-25 38
-14 -34
30 -37
7 -11
15 17
19 33
33 37
39 -6
18 -18
-48 -31
42 22
42 -38
-7 11
18 44
-45 45
13 9
-9 7
18 11
-20 -33
-6 2
-22 41
26 -3
-39 15
-16 -14
40 2
-46 -19
-38 14
-36 -46
-28 9
-40 33
-2 -20
33 0
-42 -13
30 49
32 1
13 -28
-45 30
-1 33
-41 -42
-21 -13
49 9
45 19
34 0
-9 41
11 -19
39 23
43 21
-26 -8
-5 15
-27 -27
6 -6
-45 -40
-45 -44
15 36
-44 33
28 -49
-17 -42
5 -9
47 38
-41 42
-35 -12
24 -48
-8 1
4 0
24 -19
38 -13
-2 -18
25 18
14 -31
15 -18
-18 12
33 0
-46 46
24 6
-13 -39
-33 37
26 33
-7 43
5 -26
12 8
-3 39
-20 34
0 -36
13 -31
3 -45
-21 -25
-28 39
19 49
35 7
-30 -26
14 -28
-16 15
0 -16
-16 33
-30 47
2 44
36 -22
33 37
46 -40
-45 14
-42 18
45 39
-17 31
-5 39
-22 19
-10 0
-25 -19
-14 -44
-8 11
-26 7
-22 -47
3 -17
26 -22
-16 -27
-27 4
32 -16
36 -4
-43 13
45 1
24 11
40 46
24 30
18 -46
19 22
34 -34
-18 -39
37 22
23 -19
0 24
44 -34
10 -30
2 -16
2 -26
14 -25
33 6
45 1
-36 1
-38 0
-38 -3
-12 -8
25 -30
-7 -4
12 5
5 29
-30 31
-33 13
3 -4
41 -6
32 -37
-24 1
-39 19
-11 -44
46 35
1 29
-39 -42
-41 -3
0 35
11 32
-24 0
31 43
-21 -8
-27 30
46 -33
21 -24
43 -32
-36 43
6 28
34 -23
-30 -48
-48 22
17 -45
7 11
24 15
42 -46
-3 13
31 -45
-25 -48
12 21
-45 0
6 9
-45 3
9 28
-40 -39
-1 -11
23 43
-47 5
6 32
-27 40
13 -31
-15 -37
-46 -45
28 -47
11 17
-48 -24
-47 -34
-18 -40
-36 21
15 -11
-5 27
32 33
-18 -42
19 -12
31 43
42 -48
-22 -44
-35 -17
-35 33
10 37
-24 -24
-25 -9
-9 20
-4 -43
-39 -29
46 12
-37 2
-46 -9
-20 -15
14 41
0 45
-29 18
-9 -42
-12 -34
48 8
14 0
31 48
20 19
-13 -16
38 13
-47 -19
41 25
23 15
3 14
31 -27
44 16
31 38
10 2
-15 26
13 33
11 38
-44 29
4 -31
40 38
-9 23
41 -36
23 -36
-44 -10
-17 -22
25 8
-28 -36
-22 -31
-19 16
-24 48
-33 49
-41 46
-43 -27
-42 42
-24 -19
-16 48
-21 -23
-3 17
18 -43
23 35
-29 27
-29 18
11 -39
-9 21
-4 44
24 6
-31 46
24 -9
16 -41
29 39
9 -34
0 -8
-35 -9
10 -43
45 -32
-49 8
38 7
27 46
30 13
43 49
-5 -34
-20 -11
8 -10
47 -4
13 -19
-45 -11
4 -3
-21 3
45 -13
-25 40
10 -32
24 -44
-21 -41
-21 0
-11 34
-30 -11
-30 28
-47 38
-6 47
-23 -29
47 19
9 25
-32 10
4 -20
-32 -44
-32 46
-27 -7
-41 18
-25 46
-20 -45
-33 37
0 -29
16 47
15 33
32 -42
-21 -24
4 38
4 -7
15 11
41 -25
13 -25
-26 31
26 -20
-49 -31
-28 7
-37 -46
23 -2
8 -20
-14 -28
-16 7
-17 19
-40 6
-11 -10
-47 -12
0 -3
40 24
20 46
38 19
9 19
-19 -42
-25 23
-28 21
-8 46
-17 37
-38 -2
23 1
18 13
22 13
-15 -43
-34 46
-39 8
-27 -10
23 -31
39 13
32 45
18 -5
-29 17
10 8
-17 -18
16 12
-29 -2
-5 37
26 49
39 40
44 10
-36 -47
-7 8
-10 31
18 23
-17 31
38 35
-35 48
-23 -19
31 -36
32 5
36 -42
2 -29
10 22
24 34
-41 -8
-6 -2
26 -35
-41 -17
2 3
-44 -2
30 -28
-18 48
18 -19
10 15
32 18
-42 -8
45 -39
-31 24
18 -33
5 -33
25 17
-34 47
-43 -26
5 -37
-4 -20
-46 21
49 -5
33 -21
-37 -11
-10 13
-7 17
46 -30
-9 36
-18 -20
21 36
7 -43
40 36
-32 11
-28 -18
17 -18
-44 -6
40 37
-16 41
21 39
-16 -8
-47 -47
23 49
-24 42
-37 34
-45 -2
4 29
4 -25
32 -28
-41 23
23 12
-8 45
31 13
23 -8
-48 -31
-24 -27
3 32
7 16
-46 28
39 25
15 -31
32 37
4 -24
31 16
-38 13
-38 -19
42 37
40 42
18 42
-24 49
-23 6
17 -20
-47 2
2 46
29 -25
20 4
10 -19
46 33
-11 -43
23 1
48 16
0 -37
0 34
13 -41
-34 33
-46 39
27 -47
-34 -24
-46 -3
26 14
48 42
-24 31
-7 23
-9 0
-27 -38
-11 -9
22 10
-42 -42
7 -30
-49 38
5 38
39 19
0 -19
-35 -20
38 -12
26 19
13 -40
46 36
-23 -30
26 -40
-46 -42
0 32
2 40
-40 30
29 0
-43 -45
21 -17
7 -32
7 -22
44 13
-13 34
-39 12
11 -3
0 -37
-21 42
12 1
-26 -9
14 35
-5 35
-13 4
28 6
1 14
21 -43
12 0
14 5
3 42
-10 8
-34 43
21 -40
-9 34
-45 -18
-46 -44
2 13
20 -42
25 -5
7 -25
30 49
45 -18
-48 42
7 15
-22 -8
9 25
44 41
-42 32
43 9
48 44
-26 21
-13 0
-46 29
1 29
-13 5
40 39
21 -47
-8 29
28 -43
-15 -45
23 36
37 2
-39 9
-48 -26
49 5
-7 -32
13 4
-22 -7
16 -27
35 3
19 -18
35 -35
-40 2
-39 19
-2 22
43 0
47 -44
24 1
7 33
11 -47
-26 -27
-31 0
-16 10
-45 18
22 2
13 15
10 32
-12 -30
24 -14
-13 -2
14 -31
-20 -11
36 36
47 -33
-27 6
21 -3
5 -4
10 20
-36 20
-41 -23
26 33
-19 -15
21 48
-30 33
-19 40
-48 25
-42 49
-1 -44
16 31
37 23
-43 47
-17 48
29 38
30 -16
-14 -2
23 -21
20 -18
6 35
44 20
-8 37
-32 40
27 28
-44 -11
-38 0
32 -35
5 -46
-16 -22
35 -35
-23 -14
32 31
19 -1
-19 -15
-26 40
-16 36
-28 -22
-12 18
25 1
-43 -27
-48 -43
-48 -23
38 -27
1 8
42 24
10 37
2 13
46 30
-1 3
-16 -49
-14 -19
39 -23
4 -47
22 -40
30 6
-49 -33
-18 -37
-39 14
28 -33
-6 37
-49 49
-6 42
-3 -18
-5 36
-33 -19
-34 10
-20 -26
-11 -43
-25 -25
32 0
-33 -30
14 -11
-13 -22
6 -43
-16 16
-19 46
46 3
29 14
9 -49
-18 -12
43 -32
18 -15
11 42
-7 9
2 -18
-22 -32
14 12
0 34
43 -17
-21 28
44 -33
17 -16
-1 -2
43 41
10 27
0 9
26 -21
-7 2
8 36
-35 48
-30 -37
31 43
-25 -31
-19 -1
24 36
-2 28
11 -27
-24 41
-49 13
-13 -5
-37 33
-25 -38
9 43
28 -39
25 31
-19 31
19 22
-8 46
5 19
49 -28
-20 -23
11 47
-31 -40
23 -4
-17 27
7 -33
36 -2
25 -1
26 -38
10 2
35 -47
27 -38
-9 -29
8 41
-7 45
46 -33
45 36
9 7
30 14
32 -45
1 -37
-46 -45
32 -25
-48 -43
24 -11
43 21
41 25
-29 2
-36 40
-44 -20
39 12
9 -25
-22 -3
-37 29
21 -3
11 49
-44 -30
-10 -48
39 -11
47 -28
-41 45
-43 -9
10 49
49 27
39 25
1 -47
-8 -29
48 33
11 -48
-7 28
-33 -27
-38 38
-25 26
46 -28
14 0
40 13
13 -47
33 18
35 0
-2 -11
42 45
32 -15
-29 -10
48 38
43 10
-40 23
24 -19
-44 39
33 -30
-5 1
-12 5
-48 -45
49 -13
-33 23
23 -47
-18 8
45 40
-23 39
46 17
-8 -40
39 17
-20 -12
28 18
49 -13
41 42
38 -33
-5 45
-12 -45
-28 -31
31 47
5 29
-22 4
23 -21
-28 -41
32 -45
8 -2
-32 -4
-33 9
-35 -45
12 15
-39 -21
43 35
26 -42
48 -24
25 -30
-3 -25
-27 -22
-39 31
32 6
44 16
-4 -35
-42 -37
-42 21
-3 -13
-29 -35
-18 -32
37 0
-23 40
15 39
-27 19
21 45
46 -6
38 -33
26 -49
4 4
25 14
6 3
18 -32
-14 21
2 42
-41 -7
45 25
-24 45
-13 25
37 45
-7 -2
-22 -1
37 -25
26 15
33 28
-14 -15
-21 -16
5 -22
24 -37
-22 -6
-13 -31
-36 44
-49 -32
20 26
-4 20
41 1
27 9
-10 -42
-23 -28
-22 40
-25 -45
-24 2
-36 24
-9 20
9 -18
49 -48
-39 -10
19 -8
32 -46
-23 2
24 36
7 -47
-6 -33
27 -9
24 -44
-7 29
-32 -16
15 -4
24 -31
40 2
-16 20
-41 -1
15 -41
-43 13
-24 30
45 -15
37 -5
24 28
45 25
-40 35
27 -36
-13 44
-20 12
-15 -44
-9 -39
-43 -37
34 36
-9 24
12 -28
23 -40
-12 -35
-10 -36
18 -33
-5 37
35 -48
-6 -38
-37 -14
-19 43
-32 -32
27 10
21 -29
27 -40
-48 -23
-30 24
-3 10
41 32
15 0
22 -39
-36 -43
-32 -13
3 10
48 -45
27 -39
12 29
47 31
6 44
-40 32
24 -42
-20 27
-13 48
38 6
-27 6
-28 40
27 7
8 -8
-8 22
-9 -19
-46 20
33 14
-28 29
-8 -18
-20 38
17 -1
18 28
-11 -5
-39 -27
1 38
23 -39
-10 -41
-11 49
-28 47
-4 2
-25 -9
-34 28
43 5
-41 -10
42 -34
3 34
-10 32
22 -12
-20 -3
23 -7
30 44
-35 39
11 25
-37 -27
28 0
-7 -15
35 -15
16 -39
17 12
-22 2
-34 -5
-42 23
-18 11
-40 42
10 0
24 -49
-26 -33
-18 46
-12 -30
-33 -44
9 -9
14 -49
42 11
-18 0
-4 31
42 -43
7 -39
-2 -33
-22 -28
-45 -17
39 -36
-33 -24
16 14
-47 48
14 -38
-9 47
21 35
-39 46
-32 38
-18 43
2 11
15 9
0 -12
32 29
19 -40
-45 -21
9 20
-36 -38
-48 -37
38 18
-12 17
37 -25
-4 38
-17 49
20 -13
-6 29
-27 2
-33 -10
-23 -5
28 -47
20 24
-32 14
41 -24
23 -42
-29 -39
17 -4
-15 34
-8 -39
-42 43
-11 -33
17 -1
6 0
7 43
-35 18
9 -6
32 34
-4 25
32 46
-33 30
-44 -4
-22 -18
23 -25
-28 46
2 -11
28 8
-28 47
-36 28
-12 -14
49 -43
-18 -35
-9 13
26 -42
25 -33
12 -19
-30 41
6 31
31 -16
28 12
35 8
2 -29
44 2
-31 31
-30 49
-24 11
-7 -15
36 13
16 36
4 17
39 -37
10 -19
-31 -13
17 19
13 6
36 -26
41 2
47 -44
6 27
36 15
-13 -1
8 36
1 41
-49 -30
14 -22
-27 -1
26 17
15 0
15 -23
5 10
17 -16
11 -14
11 -27
-21 -44
48 -30
-40 45
-27 36
-37 6
-24 -7
39 -20
-18 -27
-20 -45
-31 39
-36 32
20 -28
-24 -31
-37 -10
20 27
34 -22
12 0
41 -30
-22 36
-21 39
24 43
19 -39
20 -13
-44 0
-34 30
1 -22
39 1
2 39
47 22
41 0
13 46
-3 -21
-41 9
8 21
45 18
-39 12
-6 49
49 -49
47 -1
8 30
42 2
0 -21
-14 -41
-33 30
23 35
-21 -10
18 -11
38 42
-45 3
-22 -2
7 0
19 23
-7 45
25 9
-20 -8
-30 -10
-8 39
-12 -25
-48 16
0 -22
-36 0
27 47
-32 -33
35 -20
33 24
49 -6
8 -37
-37 -24
19 28
-2 4
-40 34
-35 -44
-6 -3
-30 -6
-43 8
0 20
-2 -39
-16 16
44 42
6 -4
13 -5
0 4
18 -16
-5 -12
19 -44
-9 22
30 39
-12 -17
-17 29
-4 -2
-12 -33
30 -37
-43 -35
25 -35
-39 43
45 -23
10 -10
0 20
-9 -23
24 12
-22 -48
5 5
-29 31
-5 42
16 35
42 37
11 24
-13 40
34 26
-15 -29
49 -2
-24 -3
-21 42
-39 -47
43 -43
9 -25
37 47
48 2
-48 -45
24 -4
-12 18
26 44
20 -44
0 33
-34 30
29 48
-2 -4
34 -49
-24 -26
8 -21
-38 39
17 34
-45 33
-17 -49
32 -5
38 -14
42 -23
34 36
0 21
-31 -19
38 45
-12 -18
-15 -21
-21 12
-47 42
-16 16
27 -41
9 -23
-39 47
10 -25
-36 26
-3 -40
37 22
-13 -43
20 -39
0 38
28 -19
-13 -3
-33 49
16 13
-34 23
-42 24
-19 3
-39 23
-40 -15
-26 22
27 -9
45 13
16 21
21 32
-43 -13
-8 -44
-47 49
16 -49
-32 11
-36 -44
19 12
-13 20
-9 -3
-8 -25
-46 27
-16 16
-4 -6
38 -40
8 -45
4 -37
27 24
30 -26
-45 -31
22 -49
6 29
25 39
29 49
-21 36
-33 -20
33 -31
-17 8
-24 32
22 31
-13 28
-37 11
-37 25
-33 -36
15 -48
15 -18
22 -8
46 19
4 23
9 -22
-4 -17
-10 35
18 -24
