0 46
-9 -43
48 -25
-35 -33
-49 -30
-27 14
9 6
11 -6
35 -20
8 12
-4 0
49 -32
-21 -26
-21 -13
-38 -38
-48 -7
26 5
4 -9
-48 -34
19 37
7 10
44 -42
-37 -28
-23 43
-33 -17
-30 -8
-13 -43
44 -8
41 -22
14 -47
-49 21
-28 28
-15 -44
32 21
28 22
19 27
-37 -13
34 -34
16 35
7 28
-15 -26
-33 14
-22 -37
-12 -13
26 -25
-45 45
1 25
-10 21
-34 39
42 29
46 12
-33 46
46 -36
-12 -29
40 -23
29 27
31 -46
-23 -31
-27 -11
34 -10
11 43
3 -32
0 10
-2 -26
-21 -2
13 -32
48 29
11 16
-8 15
-20 31
-24 -29
10 8
-17 0
8 0
37 -10
6 35
-18 -44
-34 -8
-24 -11
-11 31
-40 49
-45 -35
1 38
-38 -15
27 33
27 -35
-35 -26
-43 -25
24 -1
-11 -22
12 7
-42 39
-8 -47
2 -36
0 -17
11 -4
19 -4
-42 48
-19 43
20 -42
2 -43
17 -4
15 15
31 32
-47 19
-35 -26
-40 8
-18 -4
44 39
33 10
12 -12
-45 -45
-1 42
-34 -6
-26 -15
-48 -29
28 35
-45 40
-11 28
-1 -10
3 -3
-49 -20
23 31
35 0
3 8
48 -11
-26 -41
49 39
-35 -40
-25 -10
9 48
-34 -25
-48 16
45 10
9 -6
-8 -28
3 -49
-23 39
32 -23
-13 11
22 -16
45 45
32 22
6 6
22 -46
47 48
16 19
35 48
-49 44
0 40
1 17
9 -30
47 28
-19 9
9 4
-6 15
8 -6
3 17
27 16
-33 48
-43 -26
-28 20
1 46
29 39
-46 4
-39 43
49 33
35 10
0 -36
13 46
19 -29
4 35
0 -33
-33 40
12 49
-10 23
-6 37
24 44
-48 31
-20 26
-13 -24
-44 -8
-12 23
-22 46
20 -29
-21 15
33 -16
-19 -47
-23 -45
-34 -4
1 -11
-46 13
-7 -12
-27 21
-30 -45
-33 8
43 19
-23 15
5 -31
43 -15
21 -37
-12 27
22 -21
-49 -37
-4 -21
-43 -26
47 -27
-7 6
-41 -35
-5 11
26 14
32 17
-16 -16
-15 41
-8 22
33 22
38 -15
47 -1
-23 32
-19 46
46 0
-13 -27
38 48
49 4
-15 11
27 -40
40 -5
20 -38
47 40
37 39
-8 16
-44 25
34 -14
-29 36
45 -12
-18 -25
36 16
-14 6
22 33
-38 -43
14 4
42 39
-14 -39
39 -17
9 45
42 5
-8 -23
-26 14
31 5
6 -46
8 12
28 35
-2 -15
-15 -47
-44 1
-36 16
30 0
35 32
18 -21
45 47
43 19
36 -35
34 -21
-22 -4
-45 -9
7 -2
-37 -21
15 -18
18 -31
-47 16
-25 0
20 23
-27 21
-43 19
34 -45
-39 -33
20 -41
-12 1
-44 21
-27 -6
15 34
6 13
48 -30
27 8
9 6
-34 26
0 -21
-15 10
-25 -49
-46 7
49 6
11 22
30 -30
28 14
39 25
3 33
11 44
33 33
-16 12
44 -42
-25 10
-3 44
-41 -40
-21 37
29 -36
44 -19
3 -42
-13 44
24 26
1 -5
12 -39
-3 26
-46 29
46 -17
36 31
-35 38
32 -10
32 16
26 21
0 -49
-22 -16
16 -34
-9 -47
28 -11
-8 -43
47 28
-49 -8
28 -6
16 17
-8 17
17 27
-46 -13
38 -7
13 31
12 9
-47 -41
24 -47
48 35
15 3
49 -42
47 -49
1 33
17 -44
22 13
20 -4
-11 -15
-4 -11
24 29
-48 -18
3 17
-49 -21
8 47
-20 42
-45 33
-26 -42
-39 36
-39 -8
23 4
23 -39
-34 -13
28 -27
42 8
40 19
33 0
11 28
-24 -40
25 47
-18 9
15 -23
-39 17
-46 -12
44 -43
-2 21
-45 -2
15 12
-47 33
-25 -25
-25 0
-4 -4
7 -46
-49 39
29 35
22 -6
40 0
-34 -17
0 35
-29 17
37 -13
-9 18
-6 34
-14 -38
-41 16
16 -45
-14 -8
-38 43
-4 20
26 -5
39 -7
0 -39
38 19
33 -23
37 22
20 -43
43 41
35 9
0 30
8 -20
29 -19
14 37
40 2
23 -47
43 -10
-20 24
8 28
-9 -3
-30 28
34 -42
14 25
-40 -24
-26 28
12 4
22 49
3 -43
1 27
29 -17
-25 20
-14 -2
-7 -1
17 8
-30 17
21 17
-48 -31
-42 41
21 48
9 -1
7 2
33 -45
-44 -15
19 29
-49 8
-46 -25
32 10
45 2
6 -30
21 -9
-2 47
-33 -7
30 27
-40 12
-4 30
-9 15
-16 -38
8 34
14 -40
49 30
-47 42
-41 39
27 -43
-18 14
25 -45
-19 29
49 -12
18 -42
14 20
-25 -1
45 38
-30 35
7 -41
46 -43
42 -38
-37 -40
-13 -34
-22 -16
24 17
-26 17
35 15
-47 -28
34 -20
-9 -46
30 -3
-42 -23
-3 -6
-49 46
-3 37
-27 0
33 -6
-33 -15
48 -1
3 -37
49 12
46 -45
-29 21
42 44
-1 -44
35 -14
5 -29
47 0
-38 18
-31 14
36 1
-24 -31
-7 -47
0 -28
-3 41
17 -35
28 34
33 -7
42 -20
15 -20
49 -17
-1 11
-27 -16
-44 49
41 10
30 -1
-26 -2
-22 -15
11 37
33 25
20 -4
40 34
43 -13
-27 -5
-15 -16
25 -40
-11 23
-8 -44
3 -17
-18 15
45 39
-39 -4
25 34
32 -15
-28 -23
17 -28
39 4
10 7
17 37
24 32
33 -12
-21 -10
-17 32
-12 44
-35 27
-48 -3
39 -28
-11 9
21 16
41 -35
-26 -18
31 -45
14 30
-15 -23
27 11
12 16
26 14
12 -8
-44 -25
-49 -31
0 28
-14 27
18 18
-49 43
-38 12
6 31
-10 26
-17 -42
-2 43
-33 -16
35 -2
-8 48
24 -23
5 30
-1 -39
-21 -28
35 -3
-15 35
2 6
19 19
8 40
-7 -8
44 -46
8 -40
-1 43
-42 33
-49 -12
43 3
-30 25
12 -43
19 21
-16 -41
16 32
44 14
-37 -21
-39 20
-1 -15
30 -42
16 3
16 6
-17 6
34 35
14 32
-11 40
-47 35
18 -21
2 -6
-14 38
-43 29
-2 30
-39 16
14 -40
-18 29
34 -15
-30 -34
45 8
-14 -46
-48 -31
8 29
33 25
20 -2
27 -38
0 41
38 -16
23 8
-21 46
32 -11
-2 -27
-20 31
46 26
2 -38
-47 -30
-39 43
-32 -30
-9 37
39 -4
-4 -49
-34 46
-45 -5
-20 14
47 -23
7 -21
-24 23
33 39
-19 -1
11 23
30 48
22 34
45 0
-3 -46
-43 3
10 32
32 28
17 -2
30 19
1 18
-48 4
12 -28
-24 6
12 24
46 10
-30 7
-12 47
7 -37
-40 47
-11 45
21 31
13 -25
-13 39
-15 -26
-12 6
-45 -21
3 39
-36 3
-43 5
-33 45
-45 -44
-22 38
-43 -1
-15 29
21 -13
26 -42
31 -33
21 43
21 -32
-33 25
-30 -10
-33 43
7 37
39 12
46 16
-25 -32
-41 -6
-43 -37
22 40
45 -48
-8 -9
-42 -33
-1 0
-18 3
28 -3
-29 16
21 -12
-6 9
0 15
19 47
-20 39
-1 23
-22 44
-42 -2
47 14
5 35
45 20
43 39
-40 10
3 38
-17 -38
44 -29
26 -28
-4 36
-7 39
-9 -49
18 -27
30 -47
7 5
-33 39
-20 -6
41 -48
-35 -27
35 -30
-36 25
-15 -36
12 29
38 41
-20 -43
32 -19
17 30
-4 -42
0 39
-20 -26
-37 -15
15 1
-19 38
-45 34
-44 48
-19 39
-21 1
46 48
4 -5
-18 11
-31 17
-9 -38
17 -3
-6 23
5 36
-27 -23
33 -30
33 -34
-25 -25
-47 8
-2 -47
47 16
26 40
4 -17
27 6
-5 12
1 32
28 46
48 -11
47 -20
-34 1
-13 41
-20 12
17 -27
32 -1
-35 36
8 5
-24 -34
47 21
-38 46
-15 23
23 -28
39 47
-45 -37
13 -13
43 7
-26 20
3 -21
39 46
26 30
-26 5
-24 -3
39 -3
-45 -12
-20 -38
22 25
-14 -11
-4 -16
-35 -27
23 35
19 4
26 46
39 41
-10 4
-30 21
2 45
-6 46
-8 -23
-2 48
26 -11
-30 4
41 37
48 26
4 7
-25 -7
-40 -48
-43 23
-32 16
-41 28
2 26
7 -28
16 -15
17 4
20 4
-16 15
13 -33
10 28
-13 -13
27 -24
17 -11
-6 15
9 40
6 -49
-48 -26
10 33
18 -31
-39 1
41 -42
-18 1
-12 -2
-32 1
-32 30
0 -16
32 48
-39 36
9 3
18 34
12 -2
-26 -1
-9 -13
-19 -5
-8 8
16 0
43 25
31 26
-29 31
-20 4
46 36
22 49
-19 -25
44 46
20 33
-20 21
-1 9
44 -5
-31 42
7 -43
28 -47
-16 -17
7 38
-41 -11
-39 46
30 -8
23 -44
-34 25
-2 22
40 -14
40 -41
36 46
16 22
-34 15
0 -30
-42 23
0 24
-46 47
-19 -10
45 0
49 -30
-45 -13
5 -34
47 38
-13 11
-6 -1
16 -16
-6 13
-19 32
-47 40
23 -4
19 28
-35 -14
-12 -28
42 2
48 -21
41 -36
-19 -3
-12 -38
-16 -22
-20 4
-15 46
-15 -20
36 33
43 -11
19 37
11 21
27 33
29 -23
32 23
1 41
3 -25
-10 2
25 -49
33 1
-36 -42
-48 15
8 -13
30 -41
3 14
-4 38
39 -31
18 27
8 -47
27 -9
-44 -2
15 41
48 31
-46 -28
12 -23
-24 -31
-31 2
-30 36
-27 -29
-26 -30
-24 -24
-7 -13
23 23
35 -2
-43 -3
22 -40
10 -17
41 -30
-15 -42
-6 -9
16 -8
39 -38
4 -42
-47 -3
22 -30
-28 18
-8 -7
-1 -17
27 -22
-12 -25
26 -47
41 -21
21 47
-1 8
48 35
-26 -32
32 23
0 11
-41 22
-28 42
-9 28
-43 19
-13 -36
-36 32
-15 -28
42 36
-41 -23
25 48
0 -42
-29 -32
18 -48
2 -33
-28 -44
-44 21
-13 15
-37 45
-23 41
-6 -40
-35 0
20 36
-37 23
-45 2
28 18
15 41
-17 10
23 14
44 48
-3 13
-22 -3
31 30
21 -43
-30 27
42 -46
-38 0
-15 44
13 -47
43 -43
26 -43
11 -27
-46 -3
-11 2
-47 34
-2 2
-38 19
-26 -24
6 7
11 -19
15 23
42 -16
-36 -1
-23 12
40 -19
33 -38
1 2
-8 44
14 38
16 15
-48 17
-46 35
7 27
30 -37
-35 -38
-24 -32
-9 -41
-32 -20
-38 -47
-14 -41
31 -23
-9 -25
-24 43
-29 -42
-40 19
-49 32
12 -38
-5 34
-15 -8
-41 13
-26 -13
-8 10
-25 -44
29 -5
28 -29
36 -29
45 -9
-15 -11
37 -20
27 -31
19 -11
0 -24
41 11
34 14
41 -26
32 39
-15 25
4 -4
-26 -36
-45 -15
40 -26
25 -16
-3 27
-21 -19
32 41
-15 21
-3 -13
-34 -32
5 18
-21 -8
18 -33
31 1
-37 -42
-38 14
-6 17
11 37
-23 12
32 22
0 35
34 -22
-43 40
2 15
-2 -38
20 25
7 19
-3 -7
-48 -49
6 33
34 19
-26 1
30 15
-40 25
-41 14
-29 -29
47 14
44 29
-36 45
11 8
-14 14
31 -31
-23 -47
30 -19
12 -41
-20 -16
-32 40
-4 -8
-13 29
29 -21
6 -41
40 -40
7 -40
-10 24
10 -12
48 36
-35 -32
-7 -36
-6 -16
20 9
-28 -13
-38 -14
-24 10
41 8
15 28
19 -12
20 -33
34 -11
48 19
19 17
20 -11
36 -37
-20 -43
-14 -19
32 -28
-42 7
-19 6
-7 -46
37 -31
18 -25
-9 44
19 27
-7 29
43 -36
-15 -17
-40 -12
-27 9
-21 49
-47 48
-25 -9
33 -48
-31 -24
-13 26
17 4
-41 20
-17 43
-7 44
-32 15
36 -47
-1 -35
-46 -9
44 23
12 34
-17 -39
30 -9
12 -27
0 41
11 22
-31 -40
-24 -2
39 -22
27 -33
32 42
18 -21
49 24
43 40
14 -20
-27 25
0 -30
7 -20
-25 -30
-16 -45
19 -24
8 15
-3 24
19 12
-13 22
-4 -26
-7 25
-48 -38
-8 17
19 22
-28 33
-9 46
-34 -29
33 -39
-45 14
-34 -21
2 -31
-1 -39
20 -27
-37 34
29 -1
6 -13
-5 15
-12 -49
-2 6
-15 -33
22 -19
-4 40
4 -1
-37 1
-10 7
12 -13
-35 -5
19 7
-20 34
47 -15
-19 26
23 -48
-9 43
46 23
8 19
-48 24
33 -1
-29 -49
-9 -6
39 39
-4 32
-21 37
12 -1
4 -22
40 -4
37 -44
10 44
35 4
-18 -37
20 29
29 1
-40 27
37 -43
42 16
14 -17
0 -22
-30 41
43 44
-29 30
16 20
-40 -2
39 -11
46 -26
-31 -47
-39 -26
-27 -15
15 20
-41 12
-42 -25
-42 3
49 2
43 30
-5 48
-14 37
25 2
0 -6
-35 -38
44 -34
5 6
16 -13
-18 -18
-33 4
-23 -18
31 -43
-42 11
-5 -37
41 -42
26 0
-34 47
-35 -47
-5 -24
-41 -37
-27 38
1 28
40 25
7 16
49 -20
10 -47
13 -23
31 48
14 -21
-4 14
20 -8
-11 -30
-47 -43
33 48
25 -32
-37 35
19 -18
7 24
20 40
-19 32
38 -47
39 14
-27 -42
48 -21
16 -26
17 -47
45 -2
2 31
-28 -15
-16 41
13 -14
-29 13
30 -49
27 -20
31 -45
5 -10
36 10
12 4
34 29
2 -45
-8 46
20 -19
-36 37
38 31
-3 28
-1 -28
47 -11
-9 -25
-5 31
41 -12
5 -42
7 18
11 38
38 -13
18 -26
-43 46
49 -16
-29 -35
1 4
-29 45
-11 -12
49 -9
-13 -32
-45 -28
-12 -10
11 35
-28 35
34 -36
3 -14
26 26
17 -4
-39 -47
-37 22
-26 22
-16 -8
-9 -26
47 9
2 -25
45 -40
20 -31
1 43
-24 44
30 16
39 38
44 -33
-39 -28
-47 -7
17 -11
-41 -12
30 23
-34 1
-36 -33
-3 -43
-39 -34
26 -25
6 -10
8 -35
-34 43
-41 32
-10 16
-1 -9
3 49
-35 -43
-28 8
48 -48
17 26
2 -30
-7 -27
-17 3
24 33
-43 -38
39 1
45 0
-42 -38
38 13
0 39
30 24
18 -5
11 -10
25 42
-23 26
-1 38
38 20
22 10
11 49
-16 -35
-37 -9
34 17
28 25
34 48
3 -2
-2 -46
0 -35
19 -2
12 -46
-14 -32
-11 -30
-48 -10
18 42
-41 -30
1 -32
24 -25
-33 -41
1 25
-13 19
-18 21
21 -25
4 -30
-24 49
-48 -13
-1 40
20 -2
35 26
25 47
31 -5
13 28
-39 -30
-28 -48
5 26
-30 43
23 -41
9 33
-6 -48
44 48
-16 -11
-13 21
-2 -27
-40 0
-1 -7
25 49
-26 29
-17 7
-5 1
-49 13
-23 -20
44 0
6 48
-5 -33
-19 42
-18 13
-30 18
48 28
46 16
4 39
31 -6
17 -43
35 -49
39 41
38 -40
-24 2
11 7
-14 36
-24 -29
49 -43
-40 -17
-21 -16
-7 -16
-30 43
18 38
-29 40
43 8
-40 37
20 -14
-42 -25
6 36
-39 -3
-30 18
7 35
-22 -44
16 33
-5 -29
-16 34
44 41
-41 -5
-13 -30
-42 -15
-11 -3
-40 -22
-17 -6
-40 -13
-21 -10
-38 45
-44 -33
12 -20
34 -13
-9 -4
43 31
35 -12
-7 -5
5 -2
3 4
31 24
0 -32
-43 10
-11 -8
-11 40
0 31
33 39
-28 18
41 27
22 18
-44 0
-17 11
4 15
46 45
6 -12
12 25
-47 25
26 -35
26 -26
11 5
3 -45
18 -49
26 -3
-14 30
-47 18
-10 33
-36 -11
-40 -12
48 -17
48 -18
13 -33
-21 44
6 34
20 -24
17 -4
44 48
6 1
28 -44
-10 -26
24 -35
28 4
-14 13
21 25
-28 10
-1 0
-2 -25
10 -16
46 -22
-25 -29
25 -25
0 -3
38 27
-13 32
-37 40
14 7
-1 16
-2 0
29 38
12 -27
-36 -27
-32 18
-15 15
14 29
28 40
25 39
4 -21
-40 28
-33 -33
-8 20
-9 -16
0 -21
44 -23
-3 -35
-7 12
42 -16
-38 -6
-11 31
-36 -29
-2 -29
4 -28
29 -19
-10 41
-11 27
15 -40
26 40
-49 -39
32 0
-1 15
41 8
11 12
6 22
17 37
-29 16
47 -37
43 -4
-35 -24
1 30
-43 -41
29 -1
1 -48
-22 -36
6 -11
7 28
-8 -6
36 18
22 -34
-16 12
-8 -44
-11 -5
18 -26
16 -8
-39 0
-34 15
18 11
31 19
3 41
-42 -21
22 0
-37 9
-31 -8
-2 13
25 44
-43 -1
-46 48
-14 11
-21 -21
-31 47
-7 24
46 -30
-43 22
22 -18
35 4
-21 45
-23 27
40 33
35 -27
13 25
-31 -4
-42 -49
5 -41
15 -45
10 2
-41 -20
15 -8
-12 -27
-34 49
26 36
30 -48
47 -38
-17 31
-18 28
30 -35
15 3
-39 -10
32 -21
41 -17
-2 -13
-24 -1
6 -17
-26 43
-12 22
26 -7
-8 -11
-41 3
-5 -32
-48 34
29 -26
19 -28
-12 41
6 -7
43 -21
17 15
6 2
27 -44
-32 5
-40 2
-29 24
9 33
42 -5
-36 -6
13 -37
-32 0
-24 38
15 5
-6 32
-30 -34
-22 4
-43 12
-25 21
-42 27
33 -46
-5 -38
-22 6
-7 -2
-30 1
30 -1
36 -40
-4 12
19 46
26 45
27 -48
-41 -5
1 -40
-24 -17
34 -9
-38 -8
-41 14
39 7
-22 -36
16 40
29 1
-28 -12
34 -47
9 11
-43 -37
24 24
-2 -44
35 35
23 20
37 1
-26 26
32 29
6 7
29 -30
16 23
-47 -37
-17 14
43 1
34 19
-49 21
-9 5
44 35
24 15
-40 -11
-10 -21
29 -47
21 -26
-22 29
32 -34
26 -12
-24 40
6 40
41 -1
-11 -41
-28 42
3 27
-26 -6
0 -34
-25 -27
38 3
5 13
-38 -6
-38 -11
-38 22
-22 28
8 11
-33 7
39 0
-37 -22
-6 -22
-42 -44
5 -30
-32 0
34 -42
9 10
23 -4
-23 -14
-2 42
-40 -46
-24 32
-4 -24
-24 23
48 4
19 -12
45 2
-15 33
-18 20
-26 -46
32 44
-12 -9
-31 -32
16 4
-18 -43
3 0
30 7
26 -36
5 -24
-18 -20
-35 -39
-7 0
-30 32
39 33
27 23
-39 4
41 12
-6 -5
-29 -36
7 -38
-38 34
28 -15
19 13
-41 0
-33 -40
-3 -13
14 47
-16 6
44 43
28 23
29 -1
36 28
13 -14
0 -23
39 -48
37 -5
43 44
3 -2
11 38
-6 43
-23 25
-14 -3
39 -3
17 22
0 -42
-25 11
35 -27
-8 6
-18 8
19 -12
-36 0
-19 48
-15 23
-29 16
-29 -33
-1 -38
0 -33
18 27
42 39
-27 -11
-13 5
-48 22
10 45
-32 16
-20 -18
-10 2
-28 0
-40 39
36 39
33 10
-6 33
-20 -24
17 15
6 11
27 -21
-47 -13
7 4
-11 -22
-43 -19
14 -26
-46 -31
-20 27
34 -16
-17 26
46 38
36 -23
-2 -10
-1 -37
0 26
-44 -32
-34 -26
-17 -22
-17 -30
16 -7
-39 33
-31 0
0 39
5 38
-3 -6
1 11
-28 9
-38 8
32 -18
16 -12
12 -23
-49 -7
-11 -37
36 -38
17 43
32 10
-33 -2
-43 15
30 31
-24 39
28 49
0 -36
24 -11
-35 -13
12 -34
-38 -41
34 -11
-30 -10
0 2
-13 -34
23 -45
-16 -45
-26 -22
29 -36
-40 41
-35 43
5 -37
3 -29
42 -31
17 -7
-24 45
20 8
16 -16
6 10
21 35
-25 -44
40 0
-12 0
-42 -12
15 45
15 36
6 -16
10 -45
19 13
-16 -48
-7 48
-28 27
-43 3
49 -41
39 29
-43 -16
11 -23
-4 -47
-29 -18
17 -26
0 -5
-20 -7
17 47
-35 23
-4 -35
42 15
-39 -13
-29 10
-46 -32
-27 -12
9 37
-19 -39
1 9
-10 -4
30 24
-48 -35
30 -32
-49 -38
38 35
-22 12
5 11
-2 12
17 34
-5 -5
-18 43
-10 44
26 -34
-41 17
-7 -36
-5 -22
25 -11
48 41
48 -36
28 -44
11 46
30 22
-36 11
-22 -17
39 31
-17 16
-8 -26
27 -39
9 30
-12 10
47 -14
-4 -6
-5 -44
18 39
43 -31
35 -34
-32 -15
-24 34
-42 -38
-40 4
-39 -27
-27 14
31 4
8 -5
38 7
-40 -11
45 -2
40 -2
-11 22
29 -33
31 21
42 -3
-44 -5
-32 -27
12 -1
-15 -36
-32 -29
11 5
-10 16
49 37
38 26
-47 13
6 -41
24 31
41 39
-9 -44
-34 10
44 30
-16 19
15 -26
-21 26
3 48
37 44
-8 5
-38 -17
-11 38
-6 -8
-47 3
34 -45
-3 -17
-43 -46
42 35
-40 -10
37 19
-9 -11
-36 -1
35 -35
45 -32
-20 42
8 -42
45 48
37 -46
-28 31
-14 -6
-1 5
-10 -31
22 -8
-19 30
47 20
38 -3
41 21
-9 -41
40 22
13 -3
19 -28
44 -4
-44 38
-46 26
-9 -32
-6 35
28 10
-18 40
-48 -36
4 -17
-39 45
23 14
-49 -33
42 -26
-23 -2
2 48
0 -26
-14 32
-31 -16
43 -14
-4 11
14 9
38 0
-28 22
46 -14
-9 -1
36 -21
-14 8
22 -44
-14 43
-49 3
43 -30
2 5
46 -36
-11 -17
-14 -27
-28 -10
10 -34
-23 29
-11 -38
-14 39
-12 26
46 20
26 -9
29 -8
-17 -36
-2 18
-26 -45
9 -35
38 11
43 -20
-15 -6
-26 -16
-1 -5
0 -6
27 13
43 44
37 49
-48 10
-29 -45
0 -43
0 41
17 -41
31 -2
-28 21
-49 -21
-3 -28
41 -5
-12 8
24 16
-31 -42
-1 -47
24 -36
27 13
-18 -14
-1 22
46 46
32 -36
40 -21
-27 -39
13 -12
-41 38
-4 36
-40 -37
11 5
46 0
-22 21
13 0
31 30
-40 -29
41 -20
15 4
7 28
-39 -33
12 -2
15 -34
-36 5
-36 42
37 -6
-34 -47
-35 -37
-39 3
0 8
-5 -14
-44 1
46 -43
42 41
35 -10
15 24
24 43
1 46
15 16
0 -32
48 -41
-40 -19
-35 39
22 -33
30 36
-38 -23
-1 25
-15 37
37 -14
-45 -23
-6 -45
0 23
34 -24
40 44
-49 45
37 49
-35 29
-40 -37
9 -8
-28 -34
-34 -36
41 -43
-18 33
-47 -1
-37 -24
-11 14
-10 12
3 14
-7 -16
-13 -2
46 -17
15 -18
39 -40
38 -39
8 -23
-5 -22
1 9
-6 12
-24 -48
-6 -19
7 -4
2 6
44 -35
27 44
49 9
4 26
20 46
37 36
14 25
-33 7
44 -17
-20 0
24 6
0 30
-2 10
40 -38
9 39
26 41
-8 0
3 0
-15 19
-17 9
47 -27
17 44
4 12
-22 33
28 -27
-47 -35
6 -37
39 29
-18 6
34 -14
-20 21
25 -13
-10 0
-9 25
6 32
-32 -34
-42 48
-41 34
-20 -27
-16 -36
-22 -39
34 5
-24 48
-10 0
33 15
-35 -41
-49 5
-25 -37
-40 -15
-6 44
-16 -21
24 46
-46 -7
-46 1
-23 13
22 -42
7 10
28 -44
3 19
-49 -37
13 19
33 -17
49 43
-37 30
48 -27
12 30
-3 -27
23 -31
-43 43
12 -10
36 6
21 -39
-31 -32
21 -28
23 -44
-8 -36
44 -29
49 3
-6 -39
27 14
18 -32
8 -18
17 24
-44 -44
-28 -16
17 17
-37 22
-8 -14
-13 2
23 -26
-25 26
30 -22
42 -33
35 -6
16 41
9 41
-42 -20
4 37
14 -37
-39 18
-11 -18
-4 9
1 -4
44 17
44 -6
23 26
-39 -14
24 49
-29 -36
-28 48
10 -38
27 15
16 -43
2 7
-21 -4
-3 -46
-5 -37
22 -30
-41 4
35 49
-18 24
-25 26
46 -14
1 -43
26 5
-37 23
0 33
-9 3
-23 49
30 34
-21 -17
22 -34
21 4
49 -38
32 -13
33 30
15 13
-1 30
-25 23
5 -4
45 -15
21 -23
45 -21
22 -39
34 4
13 -27
37 45
11 18
15 -41
-42 35
-31 -28
7 -45
0 -37
21 -2
2 3
-29 -6
32 21
-11 -46
-45 23
21 -30
15 -26
-30 4
40 -4
-15 13
30 -7
30 -41
-46 42
-47 -37
-8 33
33 -37
-27 29
21 45
19 -27
-30 -11
38 28
37 10
11 -44
30 -30
-41 -14
-27 -17
46 -40
-38 -14
15 21
25 -27
-42 -48
-30 35
-1 25
-5 -20
46 -34
-1 29
-19 31
-23 -44
42 -44
-12 23
5 -6
6 17
15 -1
-24 49
-32 -18
17 37
-4 27
19 15
-10 -27
-10 39
-30 -48
30 -5
36 23
35 -15
49 -18
-39 25
16 23
24 18
30 47
-15 -25
-39 -20
41 25
-10 13
-41 46
-18 -18
42 0
-8 -6
-45 -49
-49 44
-47 29
1 47
-2 44
48 37
9 -30
18 -5
-35 15
-27 19
-44 26
-19 -23
10 -18
9 -23
24 1
19 -28
32 9
9 8
-11 44
38 23
-8 -7
11 5
-47 34
-40 43
-44 27
16 38
1 -16
-28 0
26 -16
-1 22
-33 17
44 12
-34 -35
12 -49
35 0
29 -9
28 -10
24 -8
35 -11
35 10
-10 -46
-24 12
-23 44
46 14
-4 46
-21 -42
6 33
-48 -47
-19 36
-31 0
39 -4
-33 34
-40 38
-13 -45
45 -37
-8 45
44 37
-35 -1
19 49
30 38
-24 39
22 -34
-34 -31
47 14
48 -44
16 -19
-34 10
-29 -43
-9 42
-10 -25
11 16
37 -25
18 -30
11 -7
34 33
-45 -35
-44 -18
18 -35
44 3
23 19
20 -37
-23 29
-32 -32
36 15
12 35
38 13
-35 47
-38 -29
33 48
-29 12
33 -44
-36 -41
35 34
-43 28
48 -48
28 19
-3 35
21 -49
2 28
-9 -10
39 39
13 -10
22 3
-20 49
-38 -27
-44 12
-2 -41
40 -17
37 28
47 23
39 38
-14 -49
9 45
-29 -17
-44 10
-17 -37
-19 -46
39 -15
6 41
0 -7
-23 -46
-1 18
-21 46
-45 48
35 6
-40 -23
4 19
14 18
43 32
15 0
-4 33
-4 42
41 -42
-3 -28
-30 0
23 -16
34 -39
39 -14
8 -3
36 -5
15 -3
-9 -28
-42 12
-5 8
-24 8
-30 39
-44 -15
-14 0
36 -49
46 -28
-31 -5
-47 -12
-30 -19
28 -12
49 -20
-17 -14
-38 6
-45 -39
-36 -33
44 11
31 -14
33 38
40 12
45 25
41 6
-14 27
39 47
45 40
28 12
-31 25
-45 26
-21 39
-41 48
0 6
-12 39
29 -10
-12 28
-1 18
-46 48
-11 26
-38 -39
23 16
16 37
-16 -28
14 -18
-29 -38
-33 4
48 -20
29 -16
48 -46
-34 21
-7 49
-26 32
-33 -23
-47 46
-30 36
27 18
-11 -27
-32 -28
-39 46
-27 -20
38 -14
30 23
30 10
-6 -7
-34 17
9 -36
9 -40
19 25
-3 11
33 -45
12 -44
16 -12
-47 45
-49 -14
6 40
-15 29
-18 -7
41 -35
-19 16
46 -22
45 0
25 41
-25 -25
19 0
-18 -28
30 5
-17 11
-3 40
-10 -23
6 -31
30 28
0 -23
46 2
6 41
-6 -6
-26 -23
34 33
-36 46
4 -3
17 -42
38 28
48 35
-30 -47
0 -5
-49 5
-32 15
-10 11
-11 4
-21 -13
41 -21
-43 -6
-22 13
-35 48
-3 -6
-28 -41
25 -3
36 -27
19 31
1 -42
19 23
-33 -1
-7 -1
-15 -45
14 -28
9 34
-9 14
23 8
41 -29
26 -38
11 -36
-43 29
-38 5
44 37
-19 -4
-16 -22
22 -7
-16 5
29 -32
-24 -35
41 -17
-40 40
-40 37
15 -35
9 -15
-45 -2
39 -43
38 47
14 0
-2 -48
-19 39
-40 -2
6 14
6 34
3 -24
31 -22
-44 -25
-19 5
-3 37
48 -47
-3 -33
47 25
2 -9
-8 -20
35 -30
1 5
8 2
1 26
-38 35
-13 -40
27 28
-5 -16
23 32
11 -14
-25 -9
-22 -22
21 49
7 31
-14 2
25 0
46 -44
-49 -47
-48 -2
22 10
-26 44
18 -49
36 -42
-21 -29
-37 31
-35 40
11 -37
-19 35
-37 -37
6 7
40 -4
36 3
-10 -44
-24 35
-26 -22
11 -29
37 6
-26 25
-49 24
-16 -6
49 1
33 27
17 41
-45 16
44 21
-21 -33
3 -7
-8 29
-19 -47
18 28
19 26
2 -29
8 22
-48 29
-37 38
44 -29
43 14
31 8
-43 -10
37 26
46 -44
31 -10
-49 29
35 28
7 -33
28 13
45 -15
-43 0
-28 11
-41 43
46 13
-1 4
37 5
47 -13
42 31
-32 42
31 -45
-3 -12
-34 -35
19 39
41 30
-18 -20
-22 -15
-21 -9
35 22
12 7
-2 37
-22 22
37 9
34 -33
-43 -46
-49 -11
11 34
-15 -4
41 15
-37 0
-26 -4
32 42
-12 25
-47 -43
-43 -33
-32 -19
-9 -25
30 -48
-35 24
16 38
-13 38
-34 34
21 40
-15 -9
8 25
30 -26
-13 -42
-15 -1
0 -39
5 -42
-18 -22
-24 17
-31 -10
-33 12
-17 8
23 -7
1 18
-12 24
38 -34
-23 28
-24 43
41 14
35 12
-13 -10
21 23
0 -14
20 -6
-44 -29
-48 -2
24 35
45 -11
-43 -46
37 -40
37 27
5 -3
-27 19
7 43
2 46
-29 30
-41 9
0 -35
36 -19
40 -31
3 26
-24 37
-35 12
-19 3
-36 36
19 -34
-38 14
-5 -12
-15 12
27 -44
-40 -31
-29 -39
33 21
-4 21
3 -32
-9 5
19 -47
-45 -25
-9 -39
-14 -30
-41 39
0 8
27 -43
-10 -45
13 14
35 33
-15 -8
10 -41
35 7
-2 15
31 22
42 14
-38 -18
-37 21
-5 22
-38 -29
47 -49
33 -14
-46 -43
-6 -1
-33 33
-40 38
-19 -8
-48 39
-26 44
46 -34
-13 -38
-36 0
20 13
-49 -9
22 -19
-42 -27
-2 -17
-39 0
-45 -4
-35 -46
-1 44
29 -46
11 -2
-47 -43
-37 0
-8 36
-19 -49
13 -34
30 44
-22 -31
-27 8
-47 -33
13 35
33 -31
22 10
-30 -47
-22 -18
-22 17
-35 -8
14 2
-22 -46
-30 1
7 47
-35 -49
-8 25
-22 15
12 34
-42 28
-47 -15
-47 48
22 -2
-30 31
-24 -46
-41 -8
22 -49
38 36
18 47
13 42
11 -32
46 -10
26 36
41 -11
21 43
39 15
-41 -17
38 -4
23 34
32 43
-14 -12
2 42
-19 -5
20 41
10 -39
-21 -38
-29 -33
18 -4
-41 -6
30 -7
-33 -9
-22 -21
20 6
23 47
41 35
-41 11
-39 -2
-13 -42
-27 -24
-34 -2
28 3
2 31
12 -40
-35 -32
14 -23
12 -44
-14 49
35 2
-42 8
-34 27
23 26
44 -1
-16 -30
35 -19
26 -17
25 -15
39 44
-21 -42
49 -42
14 27
-45 -12
23 27
19 -17
-31 -28
31 9
-2 -27
39 44
-36 0
-44 -13
41 -25
-49 -25
-37 13
-20 -43
-32 -24
44 31
-11 -21
24 23
-46 6
46 35
45 -38
-23 1
-9 -3
15 -32
-23 -30
11 -34
20 8
37 39
41 -21
-48 -9
24 -30
-3 2
-31 -11
34 -11
-42 -14
-45 -43
5 -48
-34 -7
47 -37
-21 -38
-37 -34
-36 26
-21 -32
-4 -28
43 30
40 -29
-46 11
-44 -47
-2 -2
-35 16
-5 30
36 42
31 -32
-11 -40
18 -2
35 -40
-20 22
-34 -16
14 -2
8 -14
5 -13
-29 24
-9 36
-39 -33
-7 -44
-9 28
-14 -24
11 7
-45 47
-32 37
-48 14
-27 -36
45 44
5 -40
44 -43
11 46
-16 -49
-29 23
6 29
0 -7
0 -20
39 13
2 -46
-38 -21
-21 28
-11 29
47 -22
-21 -31
47 29
19 32
48 11
5 24
43 -26
-25 -38
36 48
1 35
-41 35
-30 29
-21 42
9 18
36 -34
-37 43
-34 -26
0 13
-22 17
34 0
45 44
-18 -17
-23 25
40 49
39 -33
48 -34
0 -47
-31 35
43 39
7 -35
-38 -28
11 -48
32 27
12 -39
-14 -41
35 -28
-5 -7
-16 -21
37 1
3 41
-28 38
10 -39
-35 -48
-12 44
-11 -39
-40 5
-5 -20
-26 -25
-11 23
22 -5
-32 10
-46 -16
14 9
-14 2
8 48
44 -19
-1 -3
11 -32
-45 9
-6 4
48 -30
-36 -28
7 38
44 -3
-46 -28
-5 48
-27 -37
-17 44
34 -46
1 31
-9 16
-13 -27
19 -31
18 -5
0 38
46 0
17 20
-19 -43
-40 21
33 -4
22 -22
-2 -43
32 -20
25 0
-28 -2
14 12
15 40
19 -14
27 19
49 20
-48 -2
2 -15
-18 39
31 -37
-33 -26
47 8
-19 -41
-13 28
26 -26
-48 23
21 -32
37 -29
-10 39
46 -30
-14 22
16 36
9 27
46 33
-17 21
13 -30
13 -29
4 14
45 -31
-3 -47
-40 1
-4 37
-6 6
-10 38
-45 45
-43 10
34 -47
-12 9
-37 7
40 23
2 -48
46 32
-28 14
-36 44
38 -45
-27 21
-25 -11
-30 49
48 -41
5 22
-22 -41
23 -4
22 0
-28 -29
-36 42
5 37
-20 -37
39 -2
-41 46
-10 21
-28 38
18 -18
-20 -30
4 23
-20 -16
-30 -27
-33 20
22 20
-42 20
35 27
19 -31
25 -6
36 0
-10 -49
8 -14
35 15
-27 26
-28 13
14 -34
17 -29
9 -5
-30 0
10 21
-14 3
-5 0
38 5
