4 5
-34 5
-14 -39
-16 -45
-38 -42
46 1
19 -43
31 14
-36 -20
-7 8
-41 -48
42 -9
4 -26
20 -19
-9 47
-27 36
-17 22
-29 30
-11 -39
-42 20
42 40
41 -2
20 -1
-42 15
49 -40
-31 -21
-20 33
31 44
-49 -6
5 42
46 -20
-11 -11
3 -39
39 0
38 20
-8 -37
-22 -14
-43 9
-12 -46
2 27
42 -16
21 38
-45 43
-4 6
6 9
-38 -2
-11 1
-19 -8
-21 35
49 38
-31 37
12 -14
-42 -39
29 -27
-10 46
-30 14
-29 0
42 42
-2 21
41 -17
17 -11
24 -32
-38 25
-46 -18
0 -17
5 37
-45 39
5 -38
24 -11
18 35
-25 -23
31 29
29 6
-3 -5
21 39
-24 33
-38 -14
34 36
33 -43
-43 40
-1 40
15 -49
15 16
-25 30
15 -48
44 -13
42 -13
-33 -43
7 -23
-46 -3
6 -2
17 38
47 16
40 35
39 23
-12 -6
30 35
-27 2
35 -14
19 35
22 19
-31 3
-44 -44
23 -28
28 23
37 36
-20 -49
49 -7
49 44
37 -46
48 35
17 39
-17 12
-22 40
13 -21
47 -21
-14 1
-15 21
-36 20
7 30
24 -17
8 -13
27 -39
-14 27
-47 -6
25 -24
-41 -35
40 -1
3 -23
-23 -5
35 -47
0 7
6 23
47 37
-36 13
-5 -11
31 22
-33 32
37 -35
-38 -43
33 -7
-3 38
9 48
-49 -8
-29 -33
28 -28
-21 27
14 18
-11 34
11 29
-21 36
-28 32
7 -23
-22 32
-44 -17
-40 43
-38 41
41 23
32 24
39 39
-37 -49
-3 -25
26 -48
3 -9
-2 29
13 4
-38 49
-6 47
-17 2
28 -7
-30 35
49 -3
25 -4
-11 -41
10 -16
25 -11
-25 47
-37 40
29 -16
-39 43
-43 6
-38 -27
25 -5
-22 5
25 -32
7 -28
27 -2
-43 -7
-14 -12
-42 -39
-23 -48
1 -35
-48 -24
-30 7
-34 6
-7 20
-41 41
-38 48
1 34
12 -19
43 -42
5 13
-29 -27
-39 17
-49 -35
-48 -6
28 -3
10 46
41 21
-12 11
-48 -31
-21 -7
4 -6
-35 -32
15 24
-3 -17
-1 10
43 -2
-7 -9
8 38
-19 -48
-38 -44
-28 -42
48 -28
-16 36
4 -3
-42 39
-49 -2
-31 28
35 38
-4 1
2 28
-40 -26
29 20
29 34
-33 0
12 47
4 -14
-10 1
-11 -45
14 -36
42 -37
-38 1
-4 -8
-9 -21
-43 18
0 9
-33 23
-34 -7
36 0
-30 -10
-18 40
15 34
-19 3
31 7
27 47
3 -23
0 28
22 -37
-3 32
-13 13
44 5
-23 34
-5 -18
26 14
3 4
-10 18
-18 41
-38 22
-39 -31
34 -35
-29 9
6 -44
13 25
-23 -12
-20 -8
-12 47
0 -34
37 -18
9 -40
43 27
-34 7
17 -42
-10 -5
36 11
-6 -33
-34 12
22 10
-44 -16
-42 12
-37 -30
3 -19
11 -33
-20 -18
-30 -39
7 21
-46 14
10 -33
17 47
-26 -2
-41 -15
42 18
-14 -10
17 -43
-39 -32
49 22
-25 7
-39 13
42 -21
-6 21
-41 10
48 30
1 41
-49 26
1 -20
9 -24
34 21
45 17
47 19
-30 45
47 -14
0 22
26 25
11 -14
-44 -4
28 43
-49 38
-30 -41
32 -33
33 -46
-32 -31
-16 23
37 39
0 -10
9 12
48 35
14 -44
-23 11
-37 7
42 -14
46 31
-6 12
28 -6
21 28
17 -29
-33 -16
-43 -43
0 -22
8 -40
-30 -23
-20 0
-23 -48
16 37
-11 35
-26 -40
44 20
5 34
-6 -46
18 -46
32 -24
-1 18
-27 4
46 35
39 10
-20 -5
23 -47
-15 -11
-41 12
-28 49
13 25
46 -3
22 -16
-1 38
25 19
19 48
-3 36
-46 43
-36 -38
-45 -4
15 -49
31 -34
-6 -46
-40 43
32 -21
-4 15
30 -27
40 -47
25 27
-11 37
3 -3
-42 2
-15 -35
0 -42
-46 -14
-18 3
-25 29
-32 43
-38 41
-31 -11
38 29
-38 41
-9 10
-13 25
4 -24
-29 -5
0 18
-31 2
-12 -31
11 -19
-22 47
-31 -1
17 47
17 13
-35 -10
44 45
29 -32
-19 4
4 41
9 29
-7 -43
39 -35
29 23
2 -10
-28 -26
-36 3
-47 36
-16 19
38 -27
-37 -34
34 -9
-40 -16
-13 40
9 -18
-39 -30
-25 -10
14 -42
-24 49
32 20
-49 -18
-27 13
5 -25
49 -33
37 -46
-2 -41
-11 8
-43 -5
15 2
-24 -5
-10 -10
-32 -24
-31 49
14 10
-35 -23
7 -7
5 12
6 41
-42 1
4 5
14 11
14 -8
-38 10
-48 -27
-35 38
21 -49
0 -35
18 2
-9 11
16 -3
31 -1
-47 15
37 3
6 -28
27 -8
39 27
37 27
-12 -41
33 -31
-8 -6
47 -3
9 5
37 48
-19 -24
-17 -3
4 -17
9 25
42 7
1 -44
-12 39
-40 7
21 -6
-48 -17
38 41
-33 -9
27 44
-33 2
6 -40
38 20
13 43
-26 33
28 -27
26 -28
22 6
-32 -31
35 -2
6 -45
41 -41
39 -44
-20 39
-16 20
-45 -39
-28 -11
16 -35
-4 38
12 47
-44 -30
38 -3
21 40
34 -39
-24 -17
17 17
22 -15
11 -4
-46 -3
9 15
48 -28
-5 -13
-14 -2
-44 2
26 10
-31 7
-15 9
38 15
-14 23
-42 -42
11 48
18 40
-16 35
0 -47
-20 28
35 -40
-31 -6
5 -36
39 12
47 -12
-44 -8
-34 46
-1 -24
-28 -49
19 26
-12 -29
22 21
11 35
36 -11
-13 35
25 -29
10 -8
17 -37
20 39
48 13
-44 -10
20 7
-7 26
-27 -4
20 47
34 26
31 29
35 -21
36 -13
-32 49
29 6
26 -11
9 -23
-10 0
0 4
-5 -39
28 -12
3 0
-14 17
-8 16
47 -46
-44 46
30 24
20 -39
20 10
0 -37
-15 16
-12 -31
18 -29
-20 8
25 -49
-46 -5
-20 44
-3 -1
-3 -9
43 38
46 27
-31 -40
3 22
-32 45
11 -5
10 40
21 -40
41 18
-41 -7
-19 37
1 -41
31 -24
-17 11
-23 13
-20 31
-47 -18
24 -30
-18 17
25 20
-8 35
42 -42
-19 25
-16 -48
35 -10
25 17
12 -22
-4 8
34 30
1 -49
20 -34
12 -11
20 -30
8 -16
15 0
23 16
-35 -18
19 42
-35 -26
-34 35
47 28
-38 -4
-25 -29
-3 15
-36 42
40 -14
34 22
31 32
3 40
-21 -44
17 0
-6 6
-31 22
37 26
-15 -37
16 9
12 -45
49 0
23 -45
-1 -10
28 -49
15 -15
11 -18
3 -46
12 -9
26 -37
1 14
-44 10
-22 -45
11 -36
-46 27
-32 -16
-4 -46
30 -4
-28 25
13 21
-7 -18
-41 -48
20 -45
15 -26
34 29
30 4
13 -13
19 18
-38 26
47 44
18 18
-12 -43
-31 5
-47 32
19 31
1 -5
39 9
44 -37
6 0
-13 -6
-19 -29
-28 -36
18 46
-11 -35
16 -44
22 -10
35 -16
-40 20
27 36
32 -30
1 -17
35 17
-33 31
36 9
31 -39
14 -43
-33 44
-45 -16
17 -3
-23 25
20 -25
6 -41
-40 -16
-13 -6
28 -10
-42 14
-30 -3
-17 -10
4 -19
-35 -20
27 43
39 41
1 31
-24 -18
-13 10
-44 42
14 -6
-7 -8
-29 16
18 -32
46 25
0 0
-8 -39
16 -18
-45 47
26 -43
-18 10
34 -21
22 31
-3 -23
40 -37
34 -31
5 2
-37 -28
16 -12
5 -2
-38 -49
-38 -28
-24 24
-48 49
-38 46
13 47
45 0
23 -8
34 41
-47 -49
24 -19
47 45
-2 -16
-22 16
-15 -15
-19 -5
-25 -39
46 14
28 14
0 -31
4 -12
-42 31
-33 -21
20 -33
-9 -23
-13 25
23 23
-17 0
48 -47
-13 -12
-2 -7
-44 -35
39 20
-48 -5
29 -28
-39 -4
12 -10
9 38
48 5
-3 41
-12 2
6 -22
9 -17
26 -37
47 35
-31 33
35 21
-41 -43
27 -36
-12 29
31 20
27 -48
11 5
42 -49
32 37
-27 22
-10 -1
-38 -34
-1 13
38 23
21 -45
-6 -49
-22 -24
-20 47
9 12
21 -15
-12 -40
24 36
-11 -17
-31 25
5 40
29 29
-19 45
-45 -9
47 -16
46 1
-33 -49
7 -27
-21 26
-44 40
-27 32
49 -10
8 -28
-37 -37
-14 40
0 -48
37 47
-41 -41
34 36
-27 -24
-39 -45
-30 41
0 24
-46 -16
-40 29
-30 -1
-46 6
-13 -11
31 -28
31 12
17 -21
15 21
33 18
19 -20
14 16
40 -25
36 -18
-35 37
45 6
0 -38
32 -46
-17 -1
0 30
-9 5
29 -36
1 30
14 7
-32 33
20 47
34 45
0 42
6 6
27 45
2 -15
30 -49
11 32
44 44
-16 9
-40 44
1 42
34 38
-36 29
-9 2
2 20
-41 -22
7 40
33 -28
46 12
33 0
-39 48
26 -48
32 -28
46 4
-28 -3
-13 -24
13 0
-11 -12
-11 26
31 -12
16 -3
-32 47
-42 43
-6 -28
-2 34
10 -45
46 -37
-4 -13
1 4
-5 4
-41 -49
-16 17
-29 14
26 36
9 5
22 40
26 38
-10 -31
-6 24
-6 -37
13 28
18 -26
47 -43
-26 -9
-11 -44
-36 17
-5 46
-41 29
-18 41
-29 21
35 0
-21 20
-29 -17
-28 15
0 -46
9 -27
46 -8
-23 6
1 0
-23 40
-39 7
-1 -23
27 15
15 -40
-30 38
-37 -30
-19 9
23 30
38 -46
-25 49
-45 -48
25 31
-44 24
-38 40
-6 -27
30 -17
-36 -10
-15 -40
-24 -45
-38 -6
35 -7
13 19
31 24
-25 -6
16 16
5 -31
-30 49
7 -21
33 11
14 -22
-21 -26
25 -33
44 -6
40 0
36 -45
46 34
-42 -38
-16 -37
25 0
-37 -42
-32 48
-23 -26
-44 -14
2 0
-27 26
-12 36
29 31
-4 24
-18 12
40 16
9 -44
23 -3
7 45
-19 4
-35 31
-22 31
25 46
-15 -31
18 20
-34 -2
36 -30
2 -17
11 -38
25 -45
48 0
-39 -23
-44 23
33 32
-5 -19
-11 -42
48 -30
31 36
28 48
27 -19
-31 -20
5 -37
-28 19
42 -19
-25 35
-20 46
6 -33
-49 -19
-26 -41
20 -17
37 -37
19 -44
34 -44
-45 -9
-35 -13
29 7
-33 17
-42 2
41 20
-30 -31
-21 -21
-41 21
14 -13
25 -34
0 20
-35 -48
-45 -13
-6 -4
22 -19
11 9
45 -36
5 -13
-13 13
-13 -31
-22 -10
-40 -33
42 -4
-24 1
-34 39
-8 46
47 -14
44 6
-11 19
33 1
-32 -25
45 44
12 -46
37 -2
9 -14
8 23
-34 45
-32 0
12 15
-31 2
-45 -23
-10 -30
45 24
24 0
44 -1
0 14
7 11
41 31
-41 28
-9 -23
39 34
38 24
-49 -31
21 -43
-36 -31
23 -46
-40 4
-35 -1
27 9
-33 20
-35 45
41 8
32 -49
25 -21
-20 9
41 -32
42 8
-33 37
-32 -16
30 -41
17 -17
31 39
-39 2
-35 25
35 40
-37 -26
16 14
-34 33
-37 -8
-21 -34
48 43
38 -6
12 -1
-43 -24
0 -31
31 -29
-3 3
-26 -30
-23 -40
-41 2
41 0
2 -30
21 -38
47 -24
-39 -32
-21 -20
17 4
-17 48
-32 -48
-31 -41
-36 -17
44 24
-13 49
18 -26
25 40
-16 0
7 34
-45 -42
-12 40
-43 -49
-35 47
-31 -30
43 16
39 27
-42 14
7 1
5 27
-26 -25
45 -22
-42 14
14 -29
14 -5
-37 -41
-18 -25
-12 23
5 19
-48 -22
-48 25
38 12
-30 -35
14 -1
0 27
44 29
10 -27
15 -14
-41 36
-47 -47
-36 -26
4 -18
-28 13
49 41
29 27
20 38
7 -11
44 1
-11 10
10 -24
-7 4
24 45
-16 -26
-22 36
47 32
-10 6
-4 -26
30 -35
7 31
-24 -38
-14 -30
0 34
32 -22
31 -23
49 26
-45 -8
-30 6
-6 -1
12 -39
19 1
11 38
-23 30
-22 35
-10 0
44 -32
-9 -25
-16 -18
-11 0
10 46
30 38
-49 5
7 10
12 1
14 31
8 0
35 38
27 48
-43 -9
48 -8
-38 11
27 -3
2 21
36 -44
6 39
5 -32
-24 47
-30 19
18 -22
-34 -35
-3 -8
-20 21
47 -13
24 -38
-23 33
15 -27
-39 -7
26 1
6 33
35 -21
-12 -15
-23 34
-16 -1
21 -7
0 16
37 13
46 36
-22 11
-46 -7
-44 49
23 28
-28 43
-34 -49
-2 -22
-1 4
-44 0
-12 -18
24 -6
-45 24
44 -4
8 42
27 -27
-40 -28
-43 -47
0 -44
6 47
-8 27
48 -37
-29 -7
-33 48
20 -13
-20 22
16 0
-46 2
-3 19
1 -33
-29 4
-30 -42
18 0
-33 -30
-24 0
28 -20
-34 -42
-19 -39
-35 28
46 25
29 8
-48 11
1 -26
-27 7
-23 -6
21 -37
15 -45
10 -9
28 12
-34 7
40 -18
-11 -7
37 29
1 -41
36 0
-33 -24
-6 22
-45 42
-30 -45
3 -49
-4 48
-47 23
48 37
6 34
-25 -12
-39 38
-32 -3
-48 31
42 -16
-29 -4
4 31
41 25
8 -29
11 -34
-41 0
31 3
-11 -25
48 -23
35 6
48 -40
0 32
-27 -14
16 42
-11 32
22 47
10 -11
-36 18
-47 -17
44 -16
11 -9
-49 -9
-31 19
-49 -16
-28 -48
25 -29
11 24
18 32
22 -23
34 -13
0 36
14 25
-13 18
-27 22
-42 -13
13 0
-35 8
34 -46
46 15
-12 -45
34 31
-14 -46
25 -5
38 39
-47 23
-26 -38
-19 37
-38 15
-6 37
-47 6
35 -14
-36 12
-24 26
-10 32
37 -21
-7 13
49 21
-29 -6
-23 -27
29 -23
-41 21
39 -6
-10 -49
-45 47
-13 4
14 -14
37 32
0 32
49 36
-7 -29
-7 0
43 32
19 49
15 -45
33 -30
-7 -29
-40 -16
-34 43
-39 2
-8 44
15 43
18 7
-17 12
29 -9
16 7
-43 21
10 21
30 -42
41 -18
47 -29
-10 -16
-21 10
-16 -15
11 -9
33 -47
-32 11
7 26
46 -39
-37 -7
23 -45
-17 -4
-9 -16
35 30
8 -41
40 -26
29 13
43 15
9 30
-15 48
-20 19
7 35
-10 -47
-47 -14
8 -2
-19 -7
21 -23
8 -12
-17 -38
-33 -47
-33 7
30 40
27 -18
-4 7
43 14
-16 41
-31 -49
19 29
7 6
30 43
-26 -7
12 -9
44 -41
15 -35
7 -47
5 -9
35 -23
-6 -46
-1 20
-28 3
-48 32
27 8
42 -15
-46 49
-14 11
-43 -24
16 21
-3 44
40 -49
2 -4
-32 -44
23 -22
8 -32
-7 -36
8 -38
-30 36
25 -2
-13 20
30 -21
-33 -32
-13 -3
47 -7
3 -36
39 40
-45 -26
8 49
47 8
-45 -41
-5 -38
1 43
-26 -8
39 41
10 44
-39 -46
44 41
46 -46
-18 -11
24 49
-6 34
-46 -29
20 -44
-15 36
1 47
11 -3
-8 -5
-35 -36
26 41
-24 -8
-37 41
25 -5
32 -41
-7 46
-4 -41
26 -19
-34 38
23 29
-15 10
-4 -25
-36 -6
29 3
-13 -37
-19 -14
6 7
46 -38
26 21
-6 -35
47 39
18 44
-36 -19
-37 -43
-26 47
-13 43
45 30
47 -22
-20 -36
33 -4
-14 40
8 -13
-24 -10
36 13
47 38
4 -26
45 -9
-16 25
21 23
-23 -28
22 4
46 15
25 2
42 -28
-29 3
31 -26
-40 42
3 4
-38 -41
29 10
-1 -48
39 0
6 13
48 -7
19 -38
48 49
-21 -41
12 2
-35 -40
-47 37
14 -47
31 31
20 -9
-25 9
20 -49
-2 -47
42 32
-37 -8
-13 30
-44 36
-42 16
12 -20
-12 11
-44 13
40 45
23 -28
-39 25
-14 -14
24 19
-32 0
33 -17
32 41
6 -4
-18 -7
-17 28
30 37
-48 19
2 -23
40 3
-2 37
9 10
-1 -20
-43 25
-45 29
-6 4
-28 23
14 -9
-8 -35
-4 -39
41 0
37 36
20 -24
20 -1
24 -38
40 12
23 -10
-19 34
-23 -7
17 -19
4 17
-29 7
-42 29
-39 4
-29 6
19 27
36 36
-42 17
38 -21
-1 -3
-49 -27
16 -11
18 -14
6 -29
-16 3
4 0
20 -31
-10 -41
31 31
11 31
6 -7
-46 -8
-49 -42
-38 1
-46 -9
-28 6
39 1
43 3
23 45
3 13
-22 35
37 -35
-46 -1
-18 -45
16 9
44 -20
-3 42
17 -27
22 -23
-47 22
-10 -37
43 34
-13 48
1 35
31 15
-3 -5
-26 31
26 34
-14 -24
-4 -14
-30 31
-13 -5
-48 -34
-17 -28
32 19
15 0
-41 -26
23 -8
-11 8
-46 -32
-12 18
-12 4
0 -30
36 -13
20 0
-48 -12
4 -2
-40 32
-35 -34
4 -46
23 2
40 33
13 -26
36 7
44 -19
47 21
35 26
48 37
-32 2
-29 -25
7 11
15 15
-41 13
45 43
17 -15
-21 -43
30 31
-31 27
31 -48
-36 -34
-27 0
44 10
-25 -36
44 -41
-18 25
-24 12
-24 23
-1 48
-30 -13
-23 -1
-2 -39
22 24
-45 36
-35 35
15 28
3 -29
-40 3
-24 18
42 28
-26 2
-39 -37
-17 -10
10 -30
-13 14
-12 47
48 21
-49 16
-15 -38
48 17
16 38
28 -22
-37 35
27 2
16 4
34 47
39 -8
-6 -14
-34 3
40 -4
-16 39
8 -4
-30 -36
-47 -28
-28 18
30 26
-47 39
44 -35
-32 -4
34 2
-5 34
35 43
43 -21
13 -46
24 18
-44 -41
-5 27
31 -26
17 -8
11 -20
9 -4
24 -30
-3 -11
30 20
0 46
-9 29
14 30
-20 40
4 21
2 -24
-5 -43
-46 -42
21 -41
40 -39
37 5
-13 -8
21 -18
26 33
31 31
-45 29
-38 11
6 -2
14 -44
41 -12
4 -22
16 5
-16 3
0 -5
-9 18
14 -4
-43 -19
42 40
38 4
-9 41
4 -21
9 -45
-34 24
-34 -17
43 13
42 6
-45 18
37 -46
32 46
33 -48
1 45
-38 22
20 34
19 -44
27 18
46 26
44 8
-25 -27
44 48
13 40
-35 -16
-8 -32
-6 -19
-46 27
-4 35
-31 -3
4 10
-23 -34
-33 17
34 0
-47 9
39 38
10 -11
-8 -48
-9 12
-13 35
-16 -32
44 -10
2 34
-44 0
-44 -33
48 17
0 17
21 20
8 32
4 29
-49 29
-9 -30
-34 21
-27 36
18 -23
-45 2
5 -21
-8 -33
-46 -22
-31 -4
-45 -5
11 -27
-35 27
38 -19
-39 -25
-6 -14
43 -48
-7 6
-27 22
27 -27
-48 16
-11 29
7 35
-34 12
-24 -46
5 9
-43 -32
-20 -21
-1 12
-18 -18
-33 -2
-10 0
-33 -44
16 12
17 13
21 46
40 44
-38 -33
48 0
-17 39
-49 2
35 46
29 -12
-20 10
6 32
-29 -28
-20 7
2 41
26 30
-38 23
-45 49
-46 -44
-7 41
-33 -39
-6 28
1 -42
30 25
-3 -15
-39 0
-14 36
-6 31
-18 11
41 -20
-14 -31
-14 12
9 -16
-16 -36
-37 1
41 24
-36 15
-31 47
11 0
-14 -17
