21 36
-28 -22
1 7
44 -22
-9 -26
35 -18
-7 2
35 -9
38 -37
-32 -41
-35 8
22 17
47 -20
5 9
-23 29
-19 25
-24 -33
-2 -15
12 29
15 -30
-38 8
-38 -3
-18 18
36 24
-44 -7
30 -19
-8 -34
-5 44
42 46
25 -29
36 -39
48 48
-21 -49
-48 -32
-48 5
-27 0
45 -45
0 20
40 27
1 -49
-1 -39
39 -46
-26 22
-21 34
-41 44
-16 -5
13 -19
-32 -42
-28 27
-5 0
13 -38
27 14
-41 22
-35 -11
-1 1
-29 11
0 13
-45 2
23 -15
48 -3
27 48
24 -13
-36 8
37 20
-46 47
-49 41
-5 17
19 -28
28 -41
16 -12
49 -2
-21 -32
-2 19
-42 -43
-24 45
-43 -5
39 -1
49 -12
20 -41
45 23
-27 23
-5 -3
16 12
4 48
-35 29
-48 -46
-40 16
23 22
0 -19
1 -21
-18 -28
-12 -8
-22 40
46 40
-31 -42
-1 46
38 8
-20 26
-11 41
-36 41
-40 32
-4 7
7 -27
-39 -37
-44 -23
2 27
24 7
32 31
-29 5
-37 -19
44 -16
-20 -24
-37 0
-14 -38
-19 29
46 13
3 27
38 6
44 -5
20 30
-45 28
44 46
-34 5
-12 35
-18 0
-6 -44
-38 21
28 33
22 -32
-11 -41
35 23
30 -45
33 -1
-13 22
-19 48
-46 19
-39 -8
18 -29
9 -16
-16 33
14 29
0 -34
-45 -41
49 38
-46 2
-43 -35
-5 7
10 -29
3 37
37 48
-4 -6
3 -6
-41 -32
-20 -38
-3 6
31 11
47 46
46 27
-41 -8
45 -14
-38 1
-21 23
-48 -48
10 -3
-19 49
-7 27
-22 48
-6 28
34 43
32 -26
23 -10
4 -12
-9 21
-28 -26
2 -37
-30 -45
-38 -36
4 -6
38 -26
22 35
-36 -8
-25 6
-18 -3
-47 -9
-26 -36
42 33
-18 30
30 17
-30 37
-23 -40
40 26
9 40
43 21
21 -1
25 40
-29 24
32 31
-9 15
18 9
-43 22
-5 13
-29 -47
27 -34
24 16
35 14
40 15
-6 34
-2 15
-35 -6
-48 -1
-45 -20
-3 22
15 26
3 -28
-35 -4
-2 -31
-7 39
28 -33
-24 -48
35 13
-5 -45
-35 7
26 46
35 9
-44 -38
-27 -10
-9 27
-25 19
-10 40
41 11
-2 -23
-19 20
23 -16
-29 -11
15 -29
21 22
-29 12
33 27
46 -29
-42 15
-29 -26
-34 28
6 -4
49 -16
-4 -29
23 41
-37 -13
37 -18
2 -43
0 2
-47 -39
-47 -47
-14 -5
11 16
30 20
8 23
43 -27
-11 -22
-13 -37
-2 17
-12 11
10 20
-48 -6
-22 -31
32 21
0 -31
-20 -26
34 25
-31 -20
-43 2
-34 10
-47 -20
-15 46
-29 -21
-46 -4
16 -48
2 36
-8 -37
19 -43
-47 26
-43 11
5 -39
-33 -47
-38 32
-11 -36
-39 -31
33 -40
2 -33
-13 9
39 -47
27 -6
37 -45
-41 9
-21 -34
21 -8
-48 -21
30 -28
-26 27
-21 42
-12 6
15 33
15 40
1 32
-20 12
-28 3
-35 22
4 -46
-33 -24
-29 13
42 -32
-31 -22
22 -8
32 22
2 -22
18 16
31 26
0 -36
6 12
49 3
-8 22
-46 25
30 -40
-35 -35
39 6
1 17
-38 25
21 -21
11 -28
-16 -49
-37 -9
-1 35
-2 43
-18 33
25 -18
18 39
44 36
25 -20
34 -40
-3 28
18 -31
29 -45
1 18
-3 -4
39 -11
3 24
-41 49
26 26
31 29
26 -16
15 16
-14 15
-31 12
-22 -42
10 36
-43 1
0 30
45 31
22 -21
4 36
-11 14
-14 33
14 7
25 -9
-7 -42
-18 -26
32 -49
-39 -49
-19 31
32 40
-26 -48
48 -38
-43 42
-26 -32
1 44
11 20
26 0
0 -45
-18 -30
-17 33
-47 -1
-41 -7
40 -1
12 -29
-39 34
13 23
-7 -43
28 3
-6 3
15 47
-8 41
25 2
49 -35
21 42
-27 2
5 19
27 -48
43 -30
23 -2
15 -5
-38 -23
34 -26
-7 -33
36 -41
44 49
24 9
-4 -13
7 19
-47 17
-21 46
24 -28
25 -45
20 -8
29 28
33 -25
27 47
41 8
9 5
-31 -35
45 34
-20 -34
0 -46
-23 14
8 -32
18 6
34 45
-18 4
9 -6
2 48
-25 -46
46 36
-16 -3
19 -11
0 -16
41 17
-47 -12
44 26
2 -25
-22 34
30 3
45 -17
-13 20
6 -29
3 -34
9 7
-15 -9
-35 -7
22 17
-45 11
-29 48
22 25
-28 13
24 -40
10 20
-16 12
13 -36
-15 -2
-7 38
13 -2
3 37
-28 34
23 -37
23 -11
37 -26
-42 -32
-13 -25
19 0
-25 -33
29 31
-17 -18
-6 -29
44 21
11 25
24 -26
29 1
42 -10
-39 29
45 24
37 -20
46 37
18 24
22 43
-49 -43
37 4
12 -32
-43 -7
28 17
0 -46
22 4
48 40
-23 -45
13 21
-33 0
-47 28
-33 19
-5 19
-32 33
5 49
-4 40
29 -44
1 -14
-30 -28
-41 5
-3 48
49 8
18 -31
-12 -38
7 -13
-1 -36
-23 22
3 -22
-24 38
-48 -35
-20 24
-29 -26
8 10
-34 -39
3 -22
-45 8
-8 23
7 43
12 -17
34 -20
-14 45
6 -23
-6 -28
-6 -17
-20 0
45 -35
-8 -6
20 29
-40 43
2 14
-42 -7
-27 25
-18 -20
-36 -35
-21 26
-8 48
-30 47
40 -19
-49 4
-24 -13
-27 17
-18 35
10 -48
44 29
46 -43
-45 29
42 36
49 10
46 -27
29 24
13 0
19 -48
-40 37
16 -17
24 -13
45 -40
-10 41
7 44
-36 -31
43 -33
-10 44
38 -12
0 -6
37 27
8 16
-16 40
-32 20
-24 4
-24 -15
22 -44
10 14
49 4
-40 27
-34 -40
2 11
-10 -45
-22 -10
18 33
-47 -22
-43 29
18 4
10 -9
-32 19
48 -38
27 39
41 -38
26 38
0 0
-41 20
3 0
-7 3
27 -1
-9 -17
-13 -38
-28 11
-28 -37
-31 -39
-23 33
-30 -43
19 -44
6 16
3 7
43 8
14 -33
-22 -32
1 24
28 -1
-6 -2
-41 -36
-21 33
-28 42
-4 -4
25 15
18 -44
39 -43
42 -46
4 -1
-37 20
-47 48
-13 -39
26 -43
34 36
-30 -14
-33 -37
43 -11
13 16
34 -31
22 -25
-4 3
-34 36
-49 -23
-39 49
-48 -32
-8 44
38 48
-29 -12
-44 -23
47 19
9 12
34 -31
40 28
-46 41
-44 2
-25 3
10 -11
-15 48
12 -1
35 -33
-8 -40
13 -26
-5 -11
4 49
3 3
-31 -11
-35 46
0 23
10 -16
-5 0
7 -45
-13 43
36 16
44 -25
25 39
10 0
-33 49
49 -1
-46 -12
44 4
-25 17
35 -20
-13 43
-7 -26
35 27
-23 -49
47 41
6 -48
13 -16
16 -47
-46 -1
-4 -24
40 -46
-4 -15
46 -30
36 -35
34 36
-44 -47
1 -41
26 17
-2 -23
25 -34
26 22
24 24
14 41
-8 48
27 16
-26 29
41 -39
20 -29
-13 -34
3 10
34 -23
-12 24
-21 -32
-34 -37
-17 -17
10 -13
44 -45
26 -14
33 22
19 46
-24 -32
38 27
24 -11
-6 0
-26 31
-34 33
-36 44
43 29
14 24
24 -8
15 -49
37 17
14 -20
-25 -13
-4 -15
-13 -26
-31 -21
-45 -1
-30 -31
34 -32
33 -2
-24 3
18 45
28 -1
-46 34
-11 -34
11 -15
-39 38
-38 33
6 37
-5 -10
4 42
5 -36
42 -8
-2 43
-10 -1
-28 37
-10 -42
5 22
-8 -32
20 -37
-37 43
-43 -46
17 45
43 -23
-31 -41
-46 1
28 21
7 -7
-14 -37
9 6
31 46
-40 -34
-41 20
-39 17
8 11
-7 -41
43 33
11 -12
-4 8
-4 -42
-32 -36
11 12
7 31
-49 -19
-33 -12
-38 -47
-17 25
39 -40
38 46
3 -39
-9 0
-18 6
18 -36
47 -7
17 -31
2 -4
49 -37
35 -8
47 -38
14 4
30 -2
-48 -38
-29 -46
-37 5
40 -17
7 -22
12 -17
-44 9
-17 -19
-6 -2
-42 44
-5 -11
2 -10
-43 -41
7 19
-37 42
-36 37
37 1
0 35
41 -27
-12 -35
0 33
-26 -10
-28 -13
-8 -25
24 19
-23 -24
-34 47
-14 -39
29 -12
21 -2
39 37
8 -48
-17 -34
-48 -37
38 5
14 31
-11 -10
-23 -25
45 3
33 23
-41 -39
-15 -14
20 -44
-15 49
22 25
38 -29
3 -9
-3 -1
21 17
12 35
-28 46
-24 -30
4 -5
34 -36
39 26
23 -28
-5 24
30 -33
48 -45
-14 -6
26 46
-5 13
-25 -24
7 -19
-45 -14
24 20
47 -13
-7 -24
-20 -8
5 41
-23 -4
26 23
-38 -40
16 0
16 49
-13 24
-9 27
5 47
13 -22
-45 8
-39 -43
-42 21
21 31
18 -46
48 -39
44 -41
-20 31
7 -33
2 27
32 -8
-13 47
16 20
-11 41
-12 10
21 -40
-4 -13
45 15
12 -16
-20 1
24 25
-32 -19
-10 -36
36 -35
1 23
-22 -1
21 31
-29 12
-2 -13
-2 -9
1 -48
-28 -46
-32 23
8 -3
46 19
45 -47
25 -20
-34 10
-35 -40
-8 -18
11 22
-4 -33
-34 -8
-8 -47
17 -40
14 49
20 49
-43 -24
44 -35
32 -34
21 -40
19 21
9 35
16 9
15 -9
-43 9
28 -5
-31 -3
2 30
-15 28
35 36
-5 42
24 -38
-32 -37
24 -40
1 26
-17 28
28 0
15 31
43 -30
-37 43
-47 16
-15 -1
-9 -10
-40 40
17 -15
13 30
5 43
20 -10
-4 44
38 39
47 -47
-43 48
14 28
13 46
35 -23
-14 -15
-26 38
19 -30
46 -21
19 2
35 13
-35 46
21 0
-12 -22
-39 28
-14 33
14 40
-22 -37
44 19
31 42
1 0
29 14
-23 33
-19 -8
37 44
5 -16
32 35
35 -8
29 -16
43 31
-39 16
-7 4
-48 -7
39 -14
38 2
-12 26
41 8
34 -45
-3 -41
46 -7
41 -37
0 44
46 8
8 -1
-32 -37
41 -38
-48 45
0 4
31 24
-31 -16
30 0
-40 47
46 -1
-5 48
-16 -26
-29 -28
-12 -30
-25 -18
-20 -35
32 -15
-13 6
-12 -43
46 -44
-31 -32
-5 -9
25 -24
-45 18
-22 9
24 -37
40 2
-28 -33
-42 48
-34 -43
-41 -10
45 -33
-27 27
36 4
-14 -25
45 -26
20 12
13 47
31 -47
48 -28
37 15
45 -23
41 33
-36 10
-41 29
-44 -13
27 47
40 -8
-8 -26
-22 18
7 -32
-15 36
-8 -13
-13 28
15 39
-12 29
44 34
18 9
43 -38
-49 39
-7 13
-20 41
11 40
37 44
-48 -38
15 -40
-15 21
16 24
20 19
-42 -46
-4 -38
48 -13
-21 -6
-13 -38
22 8
44 47
-4 10
-12 -11
37 -10
7 -13
45 -16
-33 -17
31 29
8 31
-39 13
-43 -40
-26 -46
-15 -37
-18 -8
-41 25
-35 36
-47 25
-5 -9
-41 -29
-10 20
-33 -3
47 -40
37 17
-15 -13
-26 -46
9 -48
-31 -45
-37 -20
39 18
-19 46
47 -22
-24 4
-44 3
0 -41
29 29
0 -48
44 -42
-3 44
45 12
-22 9
19 2
-27 34
23 -1
40 -11
-20 8
22 -42
-46 -15
11 47
32 35
30 -48
-43 49
-41 4
-17 -38
-9 -43
48 13
29 -19
28 -49
45 38
20 13
20 -11
-48 47
45 -1
-41 44
38 -12
-6 1
-34 -41
-13 20
-47 -49
-47 46
27 30
6 -39
-31 19
-44 -9
27 6
-38 9
-45 -49
-35 10
-34 37
-49 48
6 -34
45 33
6 -23
-27 37
29 -34
5 -46
47 0
-27 14
-26 -23
-40 30
-45 -46
26 43
-41 30
2 -47
-5 -25
-27 -35
-33 -2
-12 -32
-14 -26
-7 14
-13 23
39 13
18 -2
0 8
46 -45
-47 6
-44 4
-39 0
-37 24
-49 -43
-16 10
-3 -45
-6 -43
14 24
-20 -3
16 30
-19 11
-5 -45
39 -8
-20 17
1 -48
-22 25
44 -44
-1 -6
-15 41
-37 2
-17 37
24 10
47 -14
-33 10
-37 -13
-23 -1
-32 -36
-21 35
-34 30
2 -37
-9 33
11 25
23 -42
0 6
34 9
34 -31
40 -40
9 13
-45 22
-9 47
-23 32
-23 -44
-34 28
8 4
-37 31
46 32
40 27
-9 -28
21 29
20 39
37 -3
21 47
12 31
3 22
14 -37
25 23
27 41
23 -14
44 -41
-17 -12
-11 -21
-14 37
30 41
-35 -30
-46 -9
5 -6
-16 -35
-34 -3
9 24
37 -10
30 38
24 -31
8 37
-19 -39
35 21
-23 -9
-5 -45
27 -22
-22 11
-28 4
4 24
5 -23
6 46
-45 7
-44 22
14 -6
-33 31
-12 -35
-49 -16
46 6
-27 39
-37 41
-44 -4
-23 -49
-36 -30
41 7
40 -35
21 34
-19 46
8 3
-13 34
32 1
30 -1
29 -34
-12 34
-35 2
-47 -46
-41 40
19 -28
16 -31
-25 39
22 45
42 0
-30 7
46 -34
-15 -37
-38 38
42 -38
-19 33
-28 -44
-37 1
48 -4
23 13
-3 -48
-7 -14
26 13
-28 -44
33 37
-33 18
-25 10
-34 -47
12 -38
6 48
9 6
-46 49
49 24
41 -40
39 43
1 -12
17 7
36 10
14 9
-16 11
39 -5
29 -39
-10 37
-10 -17
-47 48
-21 8
22 1
26 -13
-41 -31
-32 -36
-13 -13
3 5
-5 47
1 38
-20 21
30 23
-41 -15
15 9
37 -4
-32 -43
-24 39
-41 3
12 -5
-3 39
17 24
28 2
-47 36
12 23
-21 -30
-21 -39
-4 -17
-36 34
-18 21
16 -1
-22 -41
-33 28
-21 40
-33 7
3 13
-13 24
-43 15
-42 -35
42 0
-32 5
-33 23
-22 -27
28 41
34 26
29 -14
-11 -48
-2 49
21 -44
9 -6
2 46
-14 -25
-22 -46
32 33
-46 45
-41 16
-28 44
-1 13
29 5
-31 39
-5 -32
30 -44
35 36
36 44
16 -24
31 47
12 -8
12 17
-32 43
-33 41
30 -38
-16 33
36 0
-18 32
18 -23
-7 8
6 -16
18 -17
21 -40
19 8
-22 7
4 -41
-18 -21
31 -28
48 -47
13 -1
-13 5
-19 -5
38 -44
29 25
34 -28
49 -6
-5 -46
-37 -26
5 -34
34 43
6 -23
-8 4
48 43
22 38
18 33
46 15
5 15
29 -41
12 17
41 -29
48 47
-25 9
11 26
20 13
0 -14
14 -24
24 -30
-2 39
44 -3
-18 9
8 18
-25 31
-25 -24
-22 44
-39 21
-12 -13
21 -37
21 7
34 -32
11 -3
-43 -12
-34 -39
48 6
19 -40
-36 9
14 0
43 27
-19 18
35 34
21 0
-6 -27
40 -28
28 31
28 -18
-19 32
22 1
-25 -34
1 11
-2 43
36 1
-47 33
-37 9
22 -4
-15 4
-43 -38
10 -4
-9 9
13 -41
14 3
1 -14
-45 -45
33 -24
37 -46
15 -43
9 1
15 -35
24 41
49 14
23 36
39 34
28 11
-18 39
-10 -3
34 0
-27 -31
26 -6
17 -27
-32 49
-25 -46
-24 23
0 12
45 -41
2 -4
-42 -24
36 23
35 40
-15 27
7 23
0 30
41 -22
47 -17
7 -35
-20 -30
-27 -17
40 5
32 36
32 2
-6 -29
-14 38
25 -22
22 -5
-49 45
-44 -36
-16 -6
38 -12
4 35
-36 27
25 46
19 46
19 23
28 -33
-26 -41
18 -15
-8 -32
38 9
-26 -12
-8 -12
6 -1
33 32
28 38
-3 -20
-33 41
-18 -13
24 1
32 17
29 3
7 21
-16 37
47 -6
41 12
8 -13
-48 49
11 -4
-36 16
-24 -20
16 13
22 48
22 -31
-28 -49
28 -44
-7 26
28 49
-24 21
40 -7
33 30
49 15
-31 -44
11 -11
40 -48
31 -28
19 -24
32 -20
39 -24
6 5
21 46
-31 -29
-46 -3
22 27
-48 45
29 20
-7 43
-14 2
-22 0
7 -44
-19 34
12 -11
41 -49
-49 -26
-18 23
19 -9
-34 -7
-46 46
-36 -3
0 2
-19 -18
-8 22
40 25
-34 13
-20 14
23 -19
-36 2
-37 -26
16 31
42 1
-44 0
-30 -31
31 -23
-48 45
13 38
-42 36
-27 41
-15 -36
23 45
-39 21
12 -42
13 -29
-45 -49
-16 -31
23 20
3 -41
29 45
46 -20
29 -39
0 43
1 -5
-45 -4
-44 -8
-18 -46
-36 -7
28 -16
-45 4
-14 10
-15 -8
35 28
-33 -6
10 -31
49 44
17 -35
47 13
48 0
30 45
-10 -2
-31 20
-16 -49
35 -40
-25 8
-12 -48
-7 11
9 -34
-19 23
21 20
3 -42
-27 -29
45 -1
-17 -41
12 -39
26 49
0 -27
-33 19
-31 -6
-31 38
30 -45
-12 23
-39 -35
-13 -27
40 -35
4 15
-14 43
30 42
36 -46
-4 -40
-35 -14
-15 35
-7 -45
-42 -6
-49 -40
-27 -49
-30 -48
43 21
37 30
-13 26
-7 -36
-21 10
-42 -44
21 21
10 -20
-11 21
44 -7
33 26
-7 -2
-41 0
-19 42
-15 -3
32 46
-2 -12
-35 -45
23 42
-19 2
-34 -49
-26 -22
17 17
-2 14
8 21
-3 35
34 -19
21 14
-13 3
-41 -41
47 31
-7 -22
8 -3
-22 0
11 41
-44 41
1 20
18 18
7 30
-43 17
-24 -38
29 4
-1 -35
2 44
-37 -29
-20 -19
12 -31
34 -33
45 -25
29 12
43 -16
40 46
4 -8
11 3
-42 16
24 31
38 -49
3 47
31 45
-18 41
-48 -29
0 -9
-41 1
-38 43
5 38
40 7
4 26
19 37
-27 -7
44 -8
0 -25
-16 -38
49 6
41 23
2 16
-16 -9
18 16
29 -37
47 -37
34 -5
-48 -36
-27 -19
-3 5
-46 -25
9 12
25 22
47 -41
-41 -10
-25 -14
-32 -24
38 34
-11 47
13 28
-48 -31
0 -10
24 29
-21 -22
25 46
1 43
17 -48
-33 19
-29 -16
24 20
40 2
12 39
-36 29
42 -5
34 4
-14 10
-39 7
-10 36
0 -20
7 -25
-38 -1
-43 -17
-34 30
20 11
0 0
39 -30
26 -41
-42 -7
-38 21
41 23
40 -18
10 -29
37 -36
-21 -7
33 23
0 -41
-41 2
-34 39
24 -7
-32 -13
-25 -40
-32 -36
-4 -34
-26 43
-48 45
48 3
-34 38
-40 49
33 -13
-39 37
33 26
-4 10
-21 0
30 -6
1 14
43 45
43 -48
-35 23
2 -7
-2 2
17 26
-33 9
-20 20
-23 -13
-3 -2
37 16
4 17
-13 -22
-31 49
6 -10
30 -27
-20 10
35 34
4 -30
-2 1
-29 36
0 25
0 -12
-33 17
-8 1
7 18
21 41
31 -14
0 -4
-14 -5
-17 -31
30 -28
-35 -23
-47 33
45 -13
-24 11
-13 -43
-13 -41
-1 44
-43 -39
-45 5
-49 30
-39 17
-15 -2
21 24
43 38
-8 33
0 -5
-49 -17
8 -42
11 12
43 -23
-20 16
12 -49
35 -30
-29 31
-2 39
5 -45
-13 -5
-43 48
28 19
-8 -31
40 23
29 -16
-32 10
-21 39
11 -46
17 -1
16 44
8 7
-8 -20
1 8
15 32
-34 -45
-6 42
18 30
-36 22
4 -14
-33 23
41 42
-20 7
-16 8
-24 19
43 -38
35 -1
-42 16
-19 -12
17 25
-21 -11
-22 -26
38 -45
2 32
21 -24
16 -30
18 1
-46 -38
48 35
-7 -16
15 -9
44 -12
-7 44
-20 -29
-10 2
-15 -31
-31 -5
16 -15
-38 -29
13 -40
-33 -31
-35 -34
-34 -41
-29 -26
38 43
-45 -12
17 7
-12 24
45 -40
43 21
-49 42
24 -11
35 -38
-29 -27
44 31
-43 -22
-27 0
-38 -2
27 17
-2 31
32 -33
-46 -5
49 -21
-16 -46
-48 -35
9 48
36 -16
-15 38
-15 -21
-38 43
-20 -48
3 -11
-9 -24
-1 2
32 26
-21 9
-16 46
-14 0
4 25
7 22
3 -25
-19 -37
-25 30
47 46
-15 2
-11 -47
-27 25
-31 28
40 18
-33 -4
-4 -5
-36 31
-12 -17
-31 8
-41 45
42 5
-23 -16
-2 31
-2 10
-47 -3
4 -30
-4 -38
-29 47
19 -17
23 13
7 -43
31 46
-4 25
-24 4
-29 -43
-35 -3
49 -12
9 -37
44 23
7 -7
49 -47
-28 26
-36 16
8 -29
12 35
-31 -22
-16 41
-19 7
25 -2
41 -29
-35 -45
-41 16
-32 -26
9 -7
-10 -8
-27 32
-22 -8
-43 -3
26 -41
-14 -24
48 46
-7 46
-17 20
-32 8
-45 39
-11 -13
8 -43
4 -43
31 22
-20 19
44 -36
45 46
-35 -24
-12 -40
17 -48
-33 -23
-43 37
-2 -4
36 39
-14 20
-4 -45
0 -38
-48 49
-49 48
18 3
-27 32
-49 -25
9 1
-45 36
-23 -31
33 39
9 44
4 24
-19 -23
-26 6
-1 12
-36 8
33 -26
-39 -20
23 -6
16 -13
-32 -32
-9 11
43 35
-36 -4
-11 -19
29 27
10 -37
28 -43
-18 -7
-8 7
-24 30
-10 10
-46 -24
-16 -13
36 -26
25 45
-21 38
25 -10
22 7
48 -1
17 19
36 -13
-14 -1
-7 -10
42 -17
-45 37
49 10
-37 12
-32 9
20 -20
30 -7
-27 -7
-23 -10
-45 -47
30 -38
19 -13
5 -39
3 -16
-34 6
-25 -15
4 41
19 -30
-5 6
-7 41
5 -39
34 26
35 37
-38 42
49 -23
5 -2
8 26
-40 -15
-31 42
-37 42
26 -43
-27 28
20 -37
-15 37
34 -49
-2 48
13 30
-22 -27
-40 -27
40 -8
-23 -28
40 23
22 31
-23 15
-36 3
27 18
36 -19
35 -20
-2 1
-37 48
-23 31
23 -11
-22 33
-47 -12
0 43
2 26
32 -10
-4 6
-41 -44
-12 41
-30 39
5 8
33 -46
27 39
-39 -27
-19 22
-34 8
-20 21
-27 18
-14 28
-16 28
0 -36
17 45
44 0
41 -5
11 28
-2 -10
45 -18
22 -8
4 -48
47 -38
0 -47
-33 39
3 42
30 19
34 38
27 -10
-2 3
11 31
-19 -41
-21 -42
1 37
26 -48
0 31
6 -19
27 18
24 -31
-24 -7
-27 38
-46 32
41 28
22 -38
31 -28
35 14
-49 25
28 -12
29 -15
-1 39
-36 11
22 -35
30 24
-6 -45
22 -21
16 -31
32 -39
18 39
-23 -7
-12 -13
-16 9
31 46
29 13
-13 19
1 -3
2 -42
28 8
-18 -2
-35 25
-4 -49
10 47
-7 19
15 6
-36 -25
31 39
-34 17
4 -29
-1 -40
34 -48
-21 12
-34 -40
-20 27
-38 18
5 -7
-4 -18
3 -22
-19 22
-41 -46
-16 -41
-12 47
0 20
-6 -32
8 16
-8 -13
-3 40
49 -24
4 -16
-11 -6
-38 -35
-49 16
-39 14
-26 2
-32 -15
1 40
5 35
18 15
-25 -9
45 -27
-9 -8
-21 16
-37 31
-27 15
-21 42
28 19
44 -45
-6 13
-8 20
-15 36
-12 12
12 21
-17 -25
25 -38
-33 0
-21 40
40 39
34 3
10 -45
-15 15
23 16
22 33
27 40
45 18
-5 49
-10 9
7 -22
-9 46
12 42
-43 -4
-48 21
21 14
-19 39
-34 -1
-31 -23
48 34
-34 -36
13 -12
38 1
1 -13
48 0
6 -37
32 -40
-38 37
-35 -35
9 -12
43 -1
-25 -26
27 -30
49 14
-26 -24
42 29
-30 15
-4 -45
-46 -38
2 44
32 -45
19 -28
23 -12
30 -26
-10 -17
13 14
-4 14
41 40
-17 -2
13 2
47 47
-33 5
5 -2
-34 35
-45 17
28 -22
-27 19
19 -6
41 8
-45 6
-48 39
48 40
15 -2
-12 37
43 -6
24 -31
2 37
-16 -6
43 -28
-3 9
13 4
19 31
19 10
-44 37
8 -23
40 -5
-18 -14
-16 22
17 35
12 43
40 -31
11 0
-30 -8
-22 45
-23 8
43 -9
6 -21
17 45
-47 -48
23 -36
0 -25
-29 -33
-34 10
42 31
-5 30
-37 -3
4 39
12 31
49 36
39 -36
-44 -18
-29 23
43 31
29 8
-1 0
-28 0
-36 -49
-48 8
44 1
-9 11
15 -28
-41 5
47 15
44 25
-3 -15
-15 45
-29 -13
0 -5
28 20
26 37
-14 -3
34 -3
-42 -12
-13 -24
49 25
-46 -44
44 26
49 -3
-17 15
0 -18
15 -35
-18 -36
34 -10
-7 -22
-48 33
-42 -14
19 44
-10 -13
19 -2
-24 29
-40 37
-49 6
-7 -26
-4 -16
-40 3
-37 -27
-3 -28
15 -38
10 -8
47 -6
-13 -24
-6 -26
-16 10
43 -5
-45 33
39 3
-20 10
-33 -12
-12 45
-31 -41
25 -47
-36 0
-35 -46
-19 -20
48 29
28 5
39 -26
-6 43
-37 48
40 46
-47 33
-31 -16
49 -1
36 -46
-26 0
-10 9
15 36
43 -19
-39 7
-18 5
-38 -9
20 29
-3 17
-1 42
-3 -46
-7 28
28 -10
-4 26
-21 11
-39 -30
28 24
-24 -33
-33 41
48 -43
42 15
-20 47
16 -36
1 -19
17 20
-49 25
-49 37
37 45
-6 35
-3 -8
-4 29
46 14
16 -47
25 -30
-48 3
-41 25
17 -3
46 34
-47 2
47 31
39 0
33 -10
22 28
29 29
38 -30
12 10
36 32
-30 4
-38 16
25 -40
46 -24
23 5
-9 -16
-44 43
28 25
-42 8
16 -3
38 27
-36 0
36 -47
-46 -9
1 -35
48 -43
-32 -47
35 17
-24 2
14 13
41 12
49 33
-9 44
-12 34
8 2
-23 -1
-36 8
28 19
-18 -20
-29 -34
9 7
22 -19
-49 41
-6 28
44 24
22 -8
-49 -25
-37 -48
-15 -22
-42 -40
31 15
6 14
24 -12
-45 26
0 33
28 26
-31 -6
-49 26
42 27
8 9
-43 -11
-21 39
-49 -37
9 47
-21 -44
-35 26
9 16
-35 49
0 31
-40 34
19 0
-35 -16
26 45
3 1
46 -29
-44 -35
-10 -17
-8 9
-49 -46
36 14
10 -18
-21 -41
12 40
12 19
-1 -20
-32 -46
-29 41
26 -35
-10 39
45 46
34 -15
-1 9
6 39
-37 -39
36 8
33 35
23 7
-14 -11
41 1
-24 -10
-45 20
-39 45
18 47
19 -12
-1 16
-42 24
-41 14
19 -30
14 -18
-2 -24
-30 -11
36 10
6 0
-20 9
10 28
27 28
40 0
-48 0
26 5
-29 47
27 23
-1 25
-6 42
-35 5
40 -12
43 -1
5 -17
-41 10
-47 47
-19 42
47 37
4 0
15 -44
-12 30
30 -2
17 39
10 -30
-12 0
1 13
14 -39
38 -12
-46 -1
42 -29
43 -39
45 -18
-18 31
20 15
31 -28
-11 -36
-25 9
-44 22
27 -8
-13 18
8 15
20 -10
-17 33
21 -20
-27 -40
-10 5
40 37
-27 24
15 -35
-9 40
-7 47
10 28
26 10
44 40
34 39
-25 0
42 41
-20 23
39 -22
11 -25
-46 -7
-38 24
11 8
-38 -30
-49 17
-11 21
4 33
-2 -13
42 -7
17 47
11 16
-26 41
25 -47
35 -31
-42 21
25 -34
-7 -23
4 -19
-38 -23
37 -25
11 23
17 -39
38 19
-32 33
6 -4
-45 -30
-44 -31
-14 39
28 -33
43 0
-15 18
-23 16
-7 20
38 2
-12 -35
16 -7
17 -28
-21 44
44 -8
12 -15
13 -32
7 -14
8 -3
-35 39
-33 -4
41 -27
39 22
5 -11
-49 -49
25 -18
-42 20
10 15
-39 22
24 -37
16 -31
-13 -46
17 18
26 -27
-5 25
-8 -49
26 36
-35 -5
39 -18
37 -25
-25 28
-29 -24
18 42
-32 -46
-9 -45
34 45
-21 -39
27 -40
10 -3
25 -20
-11 -7
-27 -16
29 -31
-11 31
40 -36
-40 -23
16 -13
41 46
22 37
31 34
41 37
21 28
-10 -45
0 -43
22 -16
-39 22
6 -30
-37 11
6 -3
-8 37
14 4
27 -8
38 -7
11 19
-22 0
31 24
-29 21
-47 43
-15 27
-41 -9
44 29
40 5
20 -1
11 -40
10 0
44 4
47 -20
-5 34
-3 39
32 -35
31 14
-13 -17
32 -37
3 36
27 -19
43 -18
-20 -1
-40 -32
2 -37
46 13
44 20
23 39
-43 5
-32 -19
-37 -43
29 8
-28 -14
49 32
-31 -36
37 4
2 0
0 26
20 47
-44 -43
-11 -23
-38 -41
20 -34
-45 -29
41 -40
-9 31
-49 -49
24 -31
-45 -8
-35 -38
29 45
7 -38
19 39
18 32
48 23
-6 21
-30 5
46 43
37 43
-29 -28
-41 27
40 14
-11 -29
-22 8
-40 -31
-45 -49
20 45
-21 30
-47 38
0 -26
-40 -2
-27 39
8 4
34 -35
-4 23
10 18
11 -18
-30 -5
4 -6
-37 25
-31 7
31 17
-36 32
-14 -41
-5 48
-43 -32
14 5
-36 -43
-18 -15
-23 -18
19 12
23 -37
-18 -27
49 20
34 38
-41 -39
-31 -10
34 -6
2 -47
6 -45
47 2
19 -12
14 36
-38 -36
42 9
40 -49
20 -35
16 38
-30 -42
-40 -4
-30 7
-26 27
-20 38
-8 27
11 4
-33 -42
31 -5
-10 -10
0 21
-27 -9
16 6
34 -11
-23 16
14 -12
-30 46
-12 -32
10 48
-10 -21
9 -2
2 3
47 25
-35 25
13 -8
0 -33
-18 -28
21 29
14 14
-45 -38
37 42
-48 13
-33 -25
-38 47
-41 43
31 -17
32 38
-45 -3
14 21
23 -48
-22 -29
9 34
-17 19
-15 -19
-25 43
-38 -3
-38 36
-12 -42
-39 0
3 -44
31 23
-31 37
-7 -11
-43 41
-39 3
-29 3
0 -19
26 35
19 1
49 22
28 -26
-21 14
-34 21
41 5
9 31
11 -10
-3 5
25 3
30 -17
0 39
-5 -36
37 -9
-33 21
40 -31
3 -42
-3 11
-9 -30
13 0
12 -19
-38 11
6 -31
-36 12
37 -43
38 -37
41 47
49 -21
33 -35
-13 49
0 -34
0 45
-36 -43
6 0
-21 18
10 -18
14 14
15 -47
-25 -18
49 -20
40 -15
20 0
48 2
46 -17
-31 -34
-35 -33
27 -19
-2 -28
-4 46
-3 -12
-49 4
22 47
-33 25
-2 6
-11 8
23 -23
7 -48
-42 19
10 -10
-47 -12
-38 -35
-21 12
-38 2
-4 -44
41 35
-21 -14
-28 -6
9 -16
1 23
-21 -45
23 -25
-14 -12
-5 8
28 -30
48 31
8 42
-36 -33
0 11
8 11
-41 32
-12 -12
38 22
6 -45
-35 31
-25 -41
-37 7
29 45
-13 -7
-26 -35
-43 8
0 2
20 32
-41 -18
-9 26
6 48
32 29
-9 -46
48 -41
35 0
-39 -19
-33 -20
-22 -35
23 -4
-39 -18
23 -26
-28 -13
-2 43
-26 26
33 43
49 -19
-15 47
26 37
26 17
-1 32
-5 -49
24 -23
18 16
-5 -18
14 9
-23 1
38 46
13 -46
-27 -16
-37 -42
-27 -46
0 -6
46 0
38 23
-31 -23
-43 40
42 33
37 -38
-12 -12
-39 -18
-45 4
19 21
-28 -8
47 -4
-17 -3
-40 16
-24 -45
-15 48
-19 35
-6 -39
-11 42
48 23
49 -8
-40 33
26 29
-29 -18
2 -22
-2 30
-9 -20
12 -8
-33 -19
-1 -18
1 19
-6 -18
-4 37
14 -20
-23 -33
-31 -5
17 29
-24 36
-3 -39
49 40
31 -19
-29 49
-25 29
-6 -1
22 -34
-15 -36
42 -21
17 -2
-19 -25
11 -43
0 -11
15 -17
18 -18
-29 -30
-10 -43
-27 43
43 14
3 -18
18 22
13 -38
13 36
33 -14
10 -41
24 10
-12 -37
2 12
-31 17
43 7
-39 0
29 26
-5 -35
1 0
19 -41
-48 -22
-21 45
-43 47
-8 -7
29 -21
-36 -42
-38 8
46 -46
-46 48
46 30
-48 -29
-21 -26
-38 -42
-26 30
-49 -24
-7 13
-39 28
28 47
14 1
-45 24
17 5
44 35
-17 43
-6 41
48 1
-30 0
-8 -16
-45 -27
46 -45
-30 -41
-24 38
44 -25
0 -16
-46 35
-44 34
25 20
6 17
-46 37
0 49
35 0
-19 21
-2 42
-1 10
-47 10
9 -34
38 -3
-11 45
28 34
17 -1
-41 -17
21 32
-46 -6
14 21
44 36
-40 -20
32 41
-29 -16
-9 0
-49 38
-11 38
23 33
6 35
-2 38
15 0
15 -3
9 -29
47 -14
44 37
22 -18
35 5
47 -27
10 8
7 11
11 33
-48 -21
22 -37
27 -48
-47 -46
-28 -25
-32 48
-36 -30
-4 -48
9 -46
13 6
-32 46
-35 10
13 42
-7 -23
21 41
45 -42
41 -16
-29 -15
-20 -39
11 -38
28 -19
34 -10
23 -9
14 37
-6 44
-35 17
46 -3
-49 32
22 -4
-38 -4
-29 -4
-41 -12
26 -3
48 -30
30 -49
10 -5
-47 26
-21 -25
4 -39
-11 14
-8 28
-6 -19
-38 21
-11 12
35 -30
42 45
-39 -6
-34 14
40 21
39 38
20 6
19 15
28 34
17 13
44 -25
4 -18
24 -31
17 -44
-26 15
-25 17
6 0
16 28
-12 -17
35 8
26 19
-17 -16
3 -34
42 47
12 0
0 24
17 18
-31 11
-16 -18
24 28
-7 4
42 41
14 8
-49 -28
8 -11
13 45
43 33
-11 10
0 5
14 34
19 -49
3 6
-41 -17
4 44
6 18
-39 16
-9 -2
38 20
10 19
-39 -28
29 4
-22 -44
3 30
-17 5
-35 -40
38 16
34 18
-45 38
24 10
-41 -2
-32 -18
22 0
32 -42
11 -18
1 1
-3 45
26 -8
4 4
28 -24
-28 29
-9 47
41 48
-44 46
-23 2
-30 -36
42 7
5 48
-2 -29
43 6
36 10
44 28
49 25
-16 9
-21 -10
30 26
30 29
30 45
-43 20
-40 17
-35 31
-45 16
-6 -11
-38 39
6 19
-7 43
-43 45
-19 -22
-9 -36
-31 -24
13 -32
25 -40
25 -12
46 -34
26 25
-12 1
-21 -19
-26 -25
-35 28
-44 -3
-9 34
3 0
49 0
-19 35
25 -30
17 45
3 6
-39 12
48 -18
-15 -23
42 35
-38 40
-30 28
10 17
35 -2
-19 -4
11 32
-8 11
28 9
26 46
-13 -29
-42 16
-1 -35
-21 -45
-13 -19
-29 30
-8 11
24 44
24 -1
20 -30
-49 -12
21 -24
-20 13
27 17
-45 -6
15 -28
34 -1
47 -39
5 -14
-4 -11
11 -39
39 36
45 34
4 26
39 7
33 -11
-15 -21
5 5
7 39
19 -11
-14 -40
-20 -15
0 -1
46 -21
13 30
14 -31
-1 45
-21 39
-35 -33
5 47
17 39
-15 -10
29 24
-32 -37
-7 39
29 -26
42 17
43 -17
38 -32
3 -17
42 24
-46 46
-34 -22
4 33
30 29
17 1
-8 41
-31 -15
3 -32
49 42
14 39
5 -25
5 28
0 29
20 10
-19 4
22 37
7 45
37 4
-35 4
2 13
-39 13
-32 -49
24 -45
-4 -22
19 -6
-32 16
45 47
33 -28
14 19
36 29
-7 20
-10 -18
29 -45
40 0
-47 -14
-1 9
49 -30
4 36
32 37
24 18
19 -24
14 -26
-18 26
7 39
47 -32
32 34
-28 13
16 40
41 -49
18 3
-31 48
2 -30
-20 -31
4 -17
-45 -46
25 29
32 46
-36 -46
-5 -26
-3 -39
7 27
-27 -21
-33 47
-42 18
-34 48
-29 -11
-17 14
-3 -15
44 0
38 -25
-22 42
-31 48
-15 -31
-28 -39
47 -46
-41 42
31 27
23 13
-44 -18
29 16
-17 -32
20 -46
41 -8
18 -5
-25 -48
-6 32
5 35
-9 43
-42 42
-23 15
49 32
-43 41
-13 39
-39 -13
-10 -6
7 36
14 28
5 39
-12 36
40 22
1 27
43 -48
-43 48
-37 -20
42 -33
45 39
39 4
0 -40
-8 -32
7 38
-38 40
-46 4
36 -19
-6 -28
9 41
-21 27
47 7
-48 -18
-4 0
-24 5
4 24
-42 -46
0 40
18 -38
-25 -36
-8 48
-1 38
-34 23
6 41
26 25
17 49
23 -7
42 27
-16 20
-9 -47
-47 -27
-16 -11
6 11
-6 -37
-46 23
-49 -31
33 -8
-21 -33
-45 47
22 -26
-19 20
39 -12
-2 27
-42 -25
-36 39
-10 -14
-9 -34
9 -41
27 -48
21 43
-22 -2
16 -23
-45 21
-26 0
42 -13
11 -22
-35 35
48 30
35 5
-23 21
43 31
31 -14
19 -26
-44 17
-46 -20
11 32
41 15
-11 25
8 -13
18 -35
-11 30
32 15
28 -48
8 -11
-6 16
-18 -24
-1 -18
-30 -35
-7 -24
0 17
-9 -32
31 2
38 -1
43 12
48 -38
0 22
41 0
11 -43
13 16
48 18
-21 -47
-32 -40
-48 -29
31 5
-3 -45
31 -10
26 -11
25 30
3 11
4 34
6 11
-17 -29
14 24
0 -48
8 41
-36 -36
6 15
-15 10
20 -9
-2 30
-5 35
-37 -25
-47 -30
-30 -10
28 26
38 -46
2 -28
38 -24
-16 42
-42 23
47 12
36 10
-17 48
-2 12
-8 2
5 -9
-17 -49
-24 -13
24 -32
-33 -20
9 19
-15 -13
-13 -34
28 30
14 25
-37 -4
25 36
-9 -16
10 -7
-17 44
12 -1
-16 -9
-14 27
1 -6
35 -20
49 -26
13 -6
5 21
-12 34
-15 34
14 35
42 33
36 6
-41 -49
19 -28
34 -36
20 10
0 24
-39 2
5 27
22 -32
26 -5
-24 18
-35 -42
9 2
34 0
5 -5
33 19
40 -8
-17 -37
28 -4
11 2
-15 26
48 -46
43 -39
15 18
-6 15
34 14
14 7
30 -31
33 -40
39 -21
26 -10
-36 47
-41 -40
42 17
20 0
-3 0
-18 38
-46 -8
8 -2
-38 -45
-18 5
29 -21
-19 4
-1 -2
-45 -28
-34 26
-43 -1
-39 44
-17 11
0 46
-47 -3
-11 -46
-8 22
-6 25
-45 9
-47 -34
26 26
-3 -46
22 10
48 -33
43 19
-26 -23
-30 39
-12 19
20 -46
-28 22
-10 -39
16 -1
20 28
-33 -38
21 8
-30 30
-28 1
-11 6
-17 24
19 21
29 -44
38 49
5 -48
-2 31
-37 -11
36 3
-44 33
-20 7
-49 8
-38 -6
24 -41
-15 13
-1 40
-14 0
15 17
12 -2
12 -7
-7 -18
-27 -9
18 -10
-30 31
47 -8
22 -38
10 22
5 -37
-31 -10
21 38
8 22
-20 22
-19 22
31 22
14 4
-6 11
-11 -16
-28 -42
-36 -29
-7 49
-8 18
8 48
-34 3
-43 14
5 21
-3 35
-36 -7
-46 -1
-6 29
-29 -39
-45 47
39 2
0 18
-49 -48
-38 -28
11 34
-44 -38
18 39
40 9
36 5
-22 -1
-23 -44
-24 -2
31 21
5 26
-10 -21
-20 -35
-33 16
34 11
-26 44
15 -26
2 -9
28 -22
-5 29
8 -1
-5 22
-46 41
-33 -39
-3 -21
27 0
20 -35
-14 25
-45 -6
47 -39
-27 -24
28 -17
-11 46
26 49
28 -30
0 -5
-15 -39
-35 43
-28 -27
14 37
-49 10
6 -21
-46 -33
39 45
-8 -39
49 2
42 -25
45 11
8 -35
48 18
44 -33
26 -48
16 -37
-39 8
-27 37
-1 -18
5 -19
-32 39
40 -25
-12 -3
1 -4
-7 5
9 -2
-46 31
4 -46
-20 41
16 42
24 35
-3 33
4 22
-49 47
40 12
-35 -2
47 38
-25 28
9 -2
-27 -24
35 -3
-4 -33
-49 -31
-36 -33
38 -4
32 -48
-38 14
5 -36
-29 -23
37 45
41 13
-5 30
47 -47
-32 -38
-45 -4
-33 -13
-13 42
16 -29
8 -21
13 -23
45 1
-49 -10
3 16
-25 31
-44 -4
3 3
49 -3
-37 -37
-13 -40
36 27
-19 -36
-45 15
32 -31
-43 18
-3 -27
32 -1
38 -25
-49 -19
18 -11
-27 -38
-18 9
-6 36
43 -14
15 -21
-19 47
18 49
27 19
-37 -34
6 -13
-44 19
32 -30
-16 38
14 -16
5 -9
13 -19
26 -3
12 -43
-24 -48
46 36
-31 -28
48 42
0 -2
7 -29
48 -5
-31 -37
32 -8
-44 -27
-32 -38
-5 44
-15 -35
-11 -49
-44 1
6 0
25 10
-33 -26
33 -21
36 -41
-17 -19
27 -15
8 -16
16 0
22 -7
31 -33
11 -8
14 42
-27 -11
17 -1
38 -5
-16 -16
30 28
-43 -47
-44 40
-23 -18
-27 -17
30 -14
2 26
18 45
46 -28
-26 48
-22 30
45 -32
18 -24
-43 26
1 -2
27 -2
19 -13
5 49
-7 -16
-40 -26
-14 0
-30 -31
3 40
-22 35
3 -43
-2 -21
-8 7
26 -16
14 -20
-23 13
