-29 -1
37 13
-22 39
41 26
-12 18
33 31
-3 20
48 32
-18 -9
-48 -38
-33 -34
8 -24
-43 14
12 33
19 -10
5 -29
47 49
14 25
-4 14
40 -2
17 -23
9 0
-12 -22
-28 -19
-43 -27
38 -7
-2 17
23 22
-24 -29
35 12
35 0
40 33
-18 41
35 27
34 37
-12 -8
-30 -17
36 -26
-44 6
2 19
-15 6
12 -10
22 -27
-38 -37
22 -8
-26 -24
-5 -37
20 0
-18 2
6 26
-26 -32
30 43
-16 10
-27 -21
6 48
42 -10
21 -29
10 -11
18 -24
-44 17
7 34
-6 20
5 42
-21 -24
25 3
42 11
49 18
-10 -10
14 -46
-33 38
-39 31
27 -28
36 -12
15 21
35 5
-45 28
-5 -12
43 19
-2 -9
-36 -6
29 -13
34 9
-35 48
20 31
-12 -24
19 -41
42 0
-29 -12
37 9
1 27
-41 32
43 -19
8 -11
-30 -40
-31 30
44 -31
34 21
-48 -45
11 -16
3 26
-40 0
-43 26
-8 -37
31 17
28 39
-10 -14
4 -3
1 -44
-32 -28
-46 10
-40 -25
45 -17
22 -22
-37 -12
37 -44
-43 -1
22 12
33 41
0 -32
12 44
-20 -32
30 -21
41 15
-31 6
40 39
-19 16
-47 -43
0 -13
-45 32
-20 -21
15 -22
-28 -21
20 7
-35 -27
-30 1
-27 24
33 38
19 -22
27 18
-46 -41
32 -40
33 14
-5 -1
31 42
36 -3
36 -23
-46 30
-22 -30
-3 32
-22 34
5 15
-21 -14
30 42
26 -48
-21 -3
-44 36
-6 -14
4 -25
47 -8
-34 -30
7 -33
-19 -19
26 -14
30 32
-35 -16
-10 -7
20 -26
-29 39
-36 26
-42 2
-36 -14
15 17
47 4
38 -34
-38 16
-44 38
-44 3
0 37
26 46
27 2
0 6
15 -6
-23 27
-45 35
-48 41
41 30
20 -26
-8 3
-43 9
-2 48
-27 -26
41 -32
-43 34
-34 -31
47 18
38 25
-29 38
-10 19
41 18
25 24
42 0
38 14
1 31
-39 27
0 -8
-44 -3
30 47
32 -36
39 -15
8 14
-10 2
-24 24
-30 -41
25 -34
-19 0
9 -42
42 -28
-25 24
34 -32
41 -27
-18 -33
9 30
43 -3
14 -24
-24 21
14 8
-12 9
-20 -14
-3 -20
-8 46
-35 -15
33 3
-32 0
-1 -43
24 10
48 32
-31 20
25 -10
-47 -39
-21 -19
-8 44
46 -24
-35 10
29 -24
-49 -47
15 24
5 24
18 -5
15 33
-24 -3
-37 13
-37 -19
45 -21
0 23
33 4
-18 -16
11 -24
-5 -42
19 0
-13 -25
46 2
13 -33
23 10
0 -2
-23 2
-12 2
-24 -15
37 -27
-1 4
-44 8
17 -28
24 -39
19 -3
42 -43
22 -11
-48 46
-32 -13
40 19
25 -9
-26 7
-47 4
-27 15
-10 46
19 -25
23 21
-47 -11
43 -20
-38 7
49 -3
-26 11
-46 28
-45 24
31 -21
-24 15
21 26
-40 -31
13 15
-14 -3
23 12
2 15
-40 -43
35 45
27 27
31 27
2 -46
-15 -3
-48 49
-28 23
-11 -19
16 5
-38 -35
2 19
-26 36
-20 -12
9 -4
1 -41
47 16
-8 -15
-33 35
11 36
-17 33
38 42
-1 30
-44 -17
41 -49
17 8
-7 36
-13 -38
-6 -41
19 -4
29 40
-48 6
12 -20
-48 -40
-42 3
5 -4
-38 18
34 -15
23 -6
6 24
-9 -31
35 -6
-47 -13
-17 -45
6 45
14 3
-9 -25
35 26
-25 21
-2 5
-48 3
42 -31
-29 -34
7 37
30 19
-45 48
6 17
14 -16
-28 16
14 39
-29 -39
-21 7
10 -4
35 2
-22 -40
6 14
23 -12
15 7
16 -25
47 -6
-42 -4
-24 42
23 -9
-15 -15
18 -37
-43 -20
46 -1
16 -24
39 -28
6 10
-46 23
21 21
-27 27
33 -43
14 1
48 44
-45 -19
26 19
-36 29
-7 40
-44 -3
49 31
-1 -47
30 34
4 -24
-25 17
-1 -46
32 24
46 -24
7 -16
-39 -23
-18 27
-11 0
12 -15
-20 -19
-43 12
28 49
47 41
23 5
-41 -21
-28 39
-33 13
-12 23
2 24
-10 -48
-48 43
13 -35
-7 5
-25 -35
-29 23
24 -22
42 -15
-26 -40
-13 -34
2 48
32 9
41 36
-39 -41
6 -16
3 -8
18 -41
20 -46
18 40
20 -42
28 9
-14 14
-47 -43
-30 -12
-39 48
-22 12
-27 14
-35 -8
-31 -13
-41 -41
5 33
-15 -38
19 14
-37 6
36 -12
-48 5
-46 -28
25 -31
35 -17
37 -37
48 24
26 15
38 48
-45 41
1 -13
-14 -30
-11 22
-41 46
-29 16
2 0
18 34
-15 -37
36 -25
9 -7
11 15
-18 31
-26 0
-21 27
-7 -4
26 38
-48 -32
22 21
19 -34
25 -17
-4 33
48 -2
-14 -1
32 6
-14 49
-12 -23
-48 -12
48 7
-35 44
-10 39
-33 18
-10 -44
-14 -24
47 -28
-46 -9
9 -9
34 8
24 4
-48 -28
44 -25
-18 -16
-36 12
-40 19
5 21
-28 -36
13 26
14 35
18 26
43 -24
18 -22
-2 16
23 -25
40 3
24 -18
-40 15
-46 -8
-41 -19
23 26
-7 47
-39 -22
34 -8
31 17
8 -11
-31 28
-19 -14
-29 1
-5 41
-37 33
9 -41
-1 -22
44 -3
45 13
9 -41
5 48
3 -10
24 31
-34 20
-12 -7
-30 28
9 -8
35 30
40 36
26 -31
20 6
24 -19
-46 -19
24 34
-40 4
16 -30
-14 -3
16 21
-14 -4
-38 49
-38 -2
17 37
-18 36
23 22
20 -44
-44 -46
29 38
31 -47
-9 7
16 -19
11 31
7 40
-11 -6
18 -6
10 -29
42 -42
-36 -3
-48 -36
-14 32
-48 -30
30 -10
-23 -27
27 -30
36 -23
-40 8
-24 21
37 -10
32 40
30 2
-17 -40
-20 -6
9 4
-46 33
45 -11
-12 -11
-34 4
19 27
0 21
47 -41
33 27
40 0
-44 7
-29 -48
-28 -20
-22 -4
12 39
34 24
32 -42
-17 34
-16 18
-40 -42
14 41
-6 45
-32 39
35 16
47 48
48 20
3 3
33 35
-33 21
34 38
14 -1
-39 46
-37 36
-33 23
4 -1
33 -25
43 -44
-38 -48
-25 49
-9 -20
14 -41
-29 15
-27 -32
-34 9
-29 30
-39 4
-7 -37
-11 -3
-31 -6
-25 -30
-16 -48
-8 20
12 -8
16 -29
36 35
32 0
-23 -10
18 45
-39 -43
-33 10
35 39
4 18
-30 48
21 19
-3 8
-44 -45
34 45
-31 0
38 -7
29 39
-29 35
-10 -38
5 -47
10 13
-24 49
-29 -5
11 40
-29 10
32 21
-6 49
-41 16
-24 -28
31 -15
-2 -36
-35 -43
-18 34
1 -33
17 20
-45 18
-20 30
25 1
43 8
-19 8
0 16
2 -15
44 7
42 -43
-8 40
-30 23
-40 30
47 19
8 24
-2 -32
42 -24
31 38
3 -9
33 25
5 -11
7 38
-4 -17
33 -17
23 41
47 46
43 -41
32 4
-25 -40
-16 -44
-18 45
26 -25
20 -42
-5 -27
-34 -18
-27 -11
-22 -14
27 20
45 8
30 39
20 -27
-49 -17
-25 -34
2 29
7 28
44 15
3 1
42 12
34 48
-20 -41
29 19
37 46
-45 8
41 27
-2 10
-4 14
16 -25
-16 -35
-25 39
-16 45
7 48
46 -24
37 -7
-10 22
10 19
-49 -4
-46 3
29 -8
2 3
-44 37
43 10
0 -9
-36 -15
-43 44
49 20
-48 -40
-36 -2
46 26
-45 -34
39 3
-46 2
-32 -43
15 -3
-27 32
-19 45
30 -24
28 48
-19 -21
-11 26
-15 1
17 -49
38 -17
-9 -17
-43 -30
10 -11
45 -10
19 -23
-8 28
-24 39
-47 -3
-11 -31
-36 -18
-4 22
-44 -45
23 -32
-48 44
23 46
24 -8
41 21
-14 -43
49 -45
31 38
2 -7
3 -28
-46 -24
-19 -39
39 7
-5 4
42 -49
-23 17
-45 -1
0 31
-10 -3
-24 21
39 -38
9 40
23 7
-5 -39
-47 6
-41 5
38 13
-16 -3
-43 -25
33 23
14 -36
-4 -25
4 34
40 22
-21 -23
-14 -18
39 4
-36 -42
47 -9
40 -38
17 -47
-45 25
18 9
22 -41
-3 -43
20 -15
14 14
-36 47
37 49
-14 -43
-7 -3
-38 -6
10 -21
-40 34
-28 26
43 15
6 32
36 35
37 -28
23 -22
-4 38
0 -23
41 19
49 11
-17 28
13 46
-10 -27
19 -44
48 13
27 18
-16 16
28 -39
-17 31
14 15
-22 -4
-49 -6
41 -48
28 18
-45 22
-16 49
-9 44
-43 6
29 17
16 37
10 -41
-14 33
36 -32
-21 21
-18 -36
16 1
-31 19
-9 9
-24 46
7 -16
-39 -20
34 37
14 -33
8 1
39 -32
0 -6
-27 15
29 -39
-6 41
-32 -45
46 35
-36 4
13 9
-30 -36
7 -8
35 38
24 -21
0 -42
8 -12
-36 20
16 20
-17 0
18 -1
-44 43
8 35
22 20
1 39
-35 45
-49 -35
-9 39
-31 -6
-12 13
13 -24
29 23
-39 -21
-22 -20
35 9
49 25
44 21
-4 21
24 -21
1 -16
36 -29
42 13
32 -49
2 -12
-18 49
23 -6
-46 -44
-31 -49
44 -32
-46 42
2 -3
-15 18
-1 8
-6 -16
0 -38
6 25
27 -34
-17 -40
35 -42
-16 -17
-40 18
16 42
19 26
31 30
-3 46
-46 -25
20 -4
15 21
38 27
-10 -49
-46 -14
14 1
-23 -22
8 6
-12 -17
-40 -3
24 19
5 41
-49 28
-3 45
24 -2
35 11
-16 13
1 16
15 -47
43 -18
-47 41
34 5
-25 -43
-21 -18
27 33
43 8
-39 -45
-19 -43
-14 -23
28 0
30 47
14 -32
-4 20
25 -18
-11 -49
-23 0
0 8
-5 -32
-1 -21
10 -12
-13 -30
0 24
-17 -44
-14 36
25 20
17 -17
-32 -48
47 -47
17 48
27 -8
-48 -10
37 -40
-31 -20
45 -21
22 -22
29 -20
-4 -49
30 35
33 -39
47 29
25 36
-39 46
16 -7
48 23
31 8
-45 24
2 -25
-4 12
45 16
0 33
-37 16
45 -12
15 22
-3 -3
8 9
32 25
1 39
48 21
-6 12
21 -36
39 36
39 8
19 11
-41 27
12 23
-16 4
39 -18
47 45
-7 28
-47 22
0 -33
26 24
-26 23
-9 45
-26 -32
23 -24
-17 -37
-1 -18
-21 -12
16 12
43 48
25 36
-28 -5
32 -42
46 36
9 23
-29 -26
39 32
28 22
-39 27
46 6
49 10
-18 5
-36 -13
-19 -12
8 -26
32 11
-38 -30
-8 -44
47 -14
-31 -2
30 -46
-45 14
37 -22
3 2
-35 26
-3 -24
46 18
8 -2
29 -15
19 25
13 -3
41 -48
-30 -12
-15 13
-28 -42
-41 31
41 -10
-25 22
-6 -46
4 -26
40 -35
5 46
47 17
-18 20
37 -6
-39 4
-28 -47
-23 8
26 -14
-41 -46
8 9
-16 30
-30 34
-9 -3
-26 -8
39 27
-22 -39
-21 -25
35 0
-16 -14
-30 -41
-47 7
23 27
-8 19
-6 -33
33 18
13 45
-46 -6
10 45
-26 -47
37 47
-14 5
-39 -12
1 -27
24 -46
4 21
-19 34
-36 2
-18 -19
8 48
24 -29
-44 46
42 24
32 -14
16 -16
3 -3
-30 25
-25 -17
44 -44
19 20
-20 11
13 -3
49 11
37 -17
18 21
-29 35
-4 9
41 38
25 -28
-32 15
11 -5
-10 21
37 21
5 -18
43 26
35 -8
43 28
-46 -35
-44 43
-13 21
-12 20
18 -25
-32 48
40 -46
-37 20
49 49
31 14
17 32
-33 -12
-14 17
-39 42
45 8
8 -22
-43 35
-19 24
-9 -34
-34 38
-10 13
-30 -2
32 22
-47 -31
-10 37
-13 -9
24 -9
-49 27
-10 -46
24 -14
-11 19
-7 -21
-8 -33
36 -29
40 39
18 -21
45 -19
1 34
35 -9
40 -32
31 -22
-48 37
-7 -6
-22 19
-49 -4
-30 -33
25 7
-42 45
31 -13
17 42
-7 -16
-3 -26
17 36
-24 -47
-46 -16
-11 37
-22 -10
-16 19
-24 -35
-13 -48
-30 3
21 28
43 18
43 -37
-49 38
-25 -20
-41 12
49 -11
-11 -49
-33 28
39 3
-19 0
-49 30
-43 43
43 -15
-49 -4
-40 29
27 -17
-16 11
31 -20
39 -49
21 -33
11 7
-29 -49
-11 0
2 23
-12 39
38 44
-28 25
29 -2
-43 32
-23 0
2 -14
-4 -31
-4 42
26 45
-48 32
-39 29
19 17
-34 7
23 0
-33 2
46 15
-19 11
-30 21
34 -4
-41 -35
39 7
37 24
-29 37
15 -31
-27 47
-26 -9
32 42
11 1
43 7
23 -49
34 -20
-34 -47
-14 7
11 -27
-9 -41
5 8
36 -2
-19 -35
23 -37
-28 -24
-13 -4
17 -21
-4 -24
-44 -12
32 4
19 16
32 -6
-42 -35
-1 42
-39 49
45 19
8 -11
-33 -43
-46 17
-21 -30
8 31
22 14
40 -34
26 -47
-26 -41
28 -8
43 25
17 0
-10 -28
-46 -9
-46 -32
39 45
6 -28
34 -28
-46 -40
-44 0
44 -30
-44 -27
-9 29
-49 49
-26 -38
-43 -48
-46 0
-10 -5
0 43
20 -24
14 46
-7 -3
-32 43
-14 45
37 17
42 -8
49 -10
-7 31
-26 -22
-11 3
10 43
-33 44
-14 -2
23 -38
41 -31
-20 -12
-18 -5
22 0
4 6
-44 44
38 -18
-11 -8
47 -10
14 17
47 -6
37 -42
-30 15
-47 11
26 1
24 43
42 41
21 18
-35 13
-17 -46
27 -2
-45 -34
0 46
28 -13
47 17
27 26
45 7
-26 22
-21 32
-10 2
17 10
16 37
1 -15
-28 21
27 31
23 -46
16 45
-32 27
40 -26
25 -35
-7 -46
-38 43
15 -13
-26 -30
41 9
8 34
-21 -30
45 15
6 -13
35 1
-4 -36
-9 49
13 33
-7 -8
42 -18
44 -2
44 10
-30 -3
-9 -40
-25 43
-1 -46
-15 -25
-43 22
18 -22
-33 -31
-21 28
-14 -11
29 19
-47 7
-13 6
-35 -44
44 49
-16 -31
-25 28
-14 -39
43 5
9 25
-44 43
4 -14
-44 13
-12 -19
19 -31
-38 -38
31 -27
-1 -7
-47 -28
-22 -7
5 14
36 25
24 -3
14 -2
-13 -2
-34 27
-36 45
-20 48
-23 7
-41 14
-43 -48
23 44
-3 -20
27 41
41 35
31 -39
-34 -28
31 -22
-18 1
32 -47
-30 32
26 9
26 26
-30 4
9 -44
-30 46
17 -40
3 -35
21 24
19 12
-15 12
40 -11
-1 -29
-19 24
30 30
10 -7
-26 7
-27 7
25 -45
44 -2
23 13
48 6
31 32
6 -4
15 -19
-19 -37
43 27
-3 -21
9 41
-25 -3
19 38
25 22
-26 48
-2 7
26 27
28 0
-12 -30
35 -34
29 10
-38 -35
42 16
-6 -28
-1 -20
7 49
-48 28
19 11
19 42
-20 -46
34 -26
16 24
22 -1
2 13
-48 38
-33 -42
-33 -4
6 -12
-20 20
-13 -5
45 42
-39 -5
-26 47
-13 -45
7 -49
47 -4
45 -18
-4 15
-1 37
32 -1
-43 -16
-8 18
-25 38
-7 24
12 -43
33 28
33 -21
10 -25
-7 -27
-8 -22
-15 6
41 -22
-34 -31
20 18
28 9
14 19
-31 -33
17 -47
28 48
18 -37
45 39
-25 14
14 -17
-9 29
-12 43
0 36
5 -28
10 -2
6 -30
-25 10
-13 -16
-44 25
35 13
-26 25
-43 35
-13 24
45 41
-36 -40
24 -48
-46 18
22 0
-49 37
46 18
-47 -15
31 23
49 -9
-1 -42
-32 -47
-28 18
1 -17
-48 -34
-19 -1
3 13
42 -13
-8 -23
31 -16
-12 40
15 23
-14 -43
-32 2
-20 -37
-14 -4
1 20
0 44
-36 -43
-29 -12
30 -45
-21 -1
23 46
34 4
-37 -35
27 36
-24 9
-24 -27
18 -16
18 -39
24 25
22 33
42 31
-11 9
7 39
23 -7
3 -21
-18 45
39 41
-28 7
-38 -23
23 -25
-26 0
22 31
-7 -37
32 -32
46 3
-6 42
-9 23
23 -5
-35 -20
36 27
-29 6
-30 -23
-45 16
38 1
-34 1
24 18
-12 -5
-7 -31
-28 13
14 -3
35 0
28 -21
-16 36
-39 -13
42 -7
13 19
-48 -28
-14 -26
4 36
44 46
14 44
16 -22
-16 20
12 -46
15 46
-4 -20
20 24
-6 26
-4 -25
40 36
10 12
3 30
30 46
38 24
46 -41
26 33
40 -48
-42 35
-38 33
-14 -38
0 8
-1 30
17 6
46 33
28 -18
41 16
24 44
39 29
29 -31
41 5
-23 18
-38 -17
17 45
-11 -31
-49 29
-7 1
46 -44
35 -12
11 35
24 -27
28 -46
-48 -10
-8 34
4 -17
11 -35
-40 -13
-34 27
22 -36
-49 0
-28 -21
30 -22
16 -27
-12 -45
25 -13
-48 28
-45 24
30 -31
-26 14
49 -36
23 -34
0 23
0 -35
27 3
49 49
-25 34
-43 -37
-24 -23
4 42
-48 11
38 -47
-13 16
-14 -6
27 35
48 -28
-23 -28
-19 13
30 -22
14 22
6 22
42 -18
-16 24
-37 -3
27 43
37 -47
-26 12
-34 19
10 -36
-48 36
-42 -13
6 13
26 3
-41 -18
23 15
31 9
-8 -4
-12 -25
-8 -47
-2 -45
-10 19
39 45
34 8
12 -20
42 5
-47 29
28 -28
38 41
-15 -20
4 39
-16 20
13 -48
-43 -27
2 37
10 -24
-9 41
48 5
5 21
18 6
18 49
28 14
-31 -48
-45 0
4 9
48 -4
23 -13
21 32
38 -19
25 -27
13 20
-49 13
-40 -37
19 19
-47 17
3 0
1 -33
-33 -8
-8 -7
28 -12
-47 42
43 39
-9 -3
8 34
7 -7
-39 31
43 -11
-42 -24
-3 6
16 -16
2 8
-32 15
27 7
-38 -21
-13 -6
11 41
-28 -1
49 42
-2 -16
44 -32
-25 33
-21 -15
45 21
-35 -4
-18 -36
-47 29
-20 43
32 -10
4 36
2 3
-22 2
-47 -31
-33 35
-37 47
12 -9
-42 -38
3 2
-11 -34
40 35
-29 5
19 -35
-47 34
47 -7
18 -33
0 -27
-40 40
-47 -35
29 0
-41 20
-23 7
-23 11
33 5
-45 -13
-42 37
-4 29
49 30
4 39
5 -17
-47 31
33 23
-11 -15
17 2
6 30
17 -46
11 47
-6 4
18 29
-43 28
-17 18
0 44
19 -35
-23 0
7 13
33 43
12 43
-13 22
17 14
25 -40
-6 -9
-16 11
-17 -4
-46 1
-8 -15
-8 17
-22 -42
-10 -11
-15 -46
-11 -2
-10 14
-12 -12
14 49
17 -20
3 17
-30 -27
14 38
0 26
-4 4
-3 7
47 -31
-25 46
13 -1
5 34
-24 -9
-43 28
39 14
-33 14
41 -37
-31 -27
-46 35
-15 -35
30 -43
-10 -47
43 -28
44 -21
19 36
43 48
36 5
-9 34
-40 -3
-2 12
35 -5
-34 15
34 -32
-38 -42
2 -8
-30 7
-8 22
-2 1
14 -18
9 38
44 -48
-14 -5
-32 -36
43 -15
-14 -6
2 -1
35 31
46 -40
-39 25
13 24
-8 8
49 40
0 49
-25 26
39 -44
24 23
1 -46
7 10
36 -29
31 0
6 1
-8 15
-10 12
32 -5
26 0
-27 -30
-47 -45
47 6
-3 47
1 21
-30 32
8 -42
-22 47
38 11
37 34
33 21
26 -38
-8 35
-23 -25
29 -9
-2 16
-18 -4
35 16
-13 22
-35 2
32 -41
-22 -36
40 45
-41 23
-46 -31
10 15
0 36
-29 -13
47 -31
-32 -34
-29 -5
-39 39
-42 34
49 -10
19 -36
-27 -6
-42 41
-17 41
-23 -5
48 -4
20 -9
-49 -23
48 38
-12 31
45 -20
16 36
-10 11
-3 -22
13 0
31 -1
-21 -16
28 27
0 -15
-2 -46
-21 -36
6 -28
-24 38
34 -32
-28 1
-33 -8
-26 36
-32 -45
15 21
-16 8
-15 -37
40 47
-45 -46
-32 -4
29 22
11 -45
-29 33
15 42
22 -35
-16 35
-19 -15
-11 27
-1 -27
0 39
-7 6
31 40
-3 44
-21 -15
-5 27
-42 -35
13 39
-18 -28
28 3
-27 1
-45 -29
41 -46
-31 -41
-2 13
-27 -13
-15 28
27 10
30 -12
49 -48
32 -1
36 30
41 -18
-27 24
-33 25
-17 11
4 -14
5 0
-17 -17
2 -41
-4 6
-37 -46
-23 -32
-42 29
28 -25
29 14
46 40
-47 -21
-10 14
-17 -47
-29 -11
-47 -16
9 38
23 43
41 49
32 -37
-29 48
7 -25
27 22
-48 11
39 -33
44 -27
11 -35
32 12
-10 12
-11 -8
25 -44
8 2
23 9
-33 -14
-27 -44
37 -4
35 -9
-4 42
20 16
23 -1
-29 23
-13 -34
-10 4
-15 -29
-46 -12
49 32
-16 45
48 6
11 -34
32 -42
30 12
-14 -46
10 36
-30 35
35 -1
-14 -19
-26 -20
18 -34
-44 -37
-41 -27
-45 29
1 46
48 31
13 11
-17 33
2 27
-22 -5
23 -39
12 18
-38 37
39 26
12 -16
25 47
-15 17
-34 32
4 40
-15 37
-42 -35
26 -11
14 -47
32 -31
17 17
13 25
-4 44
-21 -5
40 -23
-7 -13
44 -24
29 46
47 24
-46 44
42 32
40 -14
18 -18
-3 -29
-3 -36
6 45
-23 33
35 -14
-21 39
19 -25
0 1
-4 27
0 0
49 -38
-49 40
48 34
-27 16
36 4
18 -6
16 13
17 -33
-2 -24
-37 31
15 39
47 14
-14 -35
-39 -34
42 26
29 39
-42 14
0 -4
19 39
-5 -47
33 -7
-6 45
43 -42
-41 -2
-48 46
-13 6
11 1
-34 27
-36 40
-4 -46
18 -22
-22 -4
14 -21
-18 47
45 17
-36 12
3 -44
-27 20
-10 4
-43 -49
20 -5
-32 -1
-3 10
0 -1
5 48
-7 20
5 6
-11 -2
-25 -2
-4 -42
8 -6
-33 18
12 -38
-4 39
-6 -12
-36 -48
19 -10
25 36
17 43
-40 18
-30 26
30 -39
23 5
17 41
13 49
16 -13
12 27
25 11
30 28
-41 -6
21 -23
28 -46
22 -41
12 -3
-28 42
-40 -24
-2 -47
-12 3
-7 3
-14 43
-18 18
-18 21
29 10
22 37
-33 38
-23 2
-4 2
7 -41
-24 20
-47 -10
22 -21
12 2
5 17
-33 28
22 49
41 27
-16 3
0 27
-32 -15
-46 -35
29 -33
-19 -7
40 13
-4 -36
41 -37
24 -24
22 26
41 -36
15 25
-45 10
24 27
-35 32
-21 47
-9 18
-34 -10
3 24
12 48
32 4
-39 40
-14 33
-37 20
-45 -1
-26 -18
19 48
-6 14
0 -10
46 -2
-17 47
15 -10
45 -42
11 30
-49 -23
0 -37
-30 24
43 11
49 -3
-46 6
43 -49
12 -16
35 6
26 2
18 -39
42 -42
16 -29
-19 46
9 -13
-12 -27
-8 -3
6 39
-28 38
-21 -33
-47 -34
16 43
12 -44
9 -20
-17 -1
23 -31
26 -4
-45 32
-45 -8
-23 14
2 -31
37 -36
-6 -4
35 0
-48 14
13 17
-22 -12
-16 35
-16 -13
7 2
-27 -30
27 41
-7 -14
28 -14
43 4
30 4
43 -32
-33 -22
-24 -41
-36 14
-23 8
28 18
-7 9
-18 -41
-29 -1
-25 -15
-21 -42
-25 29
18 8
-48 -35
15 38
19 -12
23 46
-48 -15
2 8
48 -8
10 -5
34 -28
27 -18
25 -20
6 -6
-12 -17
-6 21
-43 -33
42 24
16 -44
26 17
21 -18
-17 -7
-5 45
18 -1
-29 -18
-21 21
0 48
-15 -26
29 -7
-5 6
36 41
24 -12
26 -17
-25 -8
7 -20
32 43
0 -44
28 -33
-14 31
0 27
-17 20
-39 -6
3 45
-26 24
-45 -6
-20 16
-39 -27
6 34
13 6
47 11
14 3
-13 10
3 -48
-32 -23
-1 -26
23 -22
3 -13
11 -22
5 -41
-33 12
-29 -33
46 -12
0 -34
41 -7
-23 -12
-1 -2
-31 -22
-48 32
-4 49
-30 -20
12 25
-19 -16
23 -15
2 29
-48 -14
-17 -46
46 1
45 24
-16 14
-38 -30
-27 39
-27 -33
10 0
-44 3
6 37
-47 5
-46 -35
-5 17
42 -40
-12 -40
-2 48
0 19
-29 39
42 -31
26 -17
21 10
-45 21
-43 -40
-27 9
-44 -13
16 21
-2 5
-34 8
-22 12
23 30
-3 0
-42 -49
-19 -12
-11 33
-11 2
-26 -19
10 -31
-2 29
29 -14
-2 -9
39 17
-47 -45
-21 28
2 -38
8 -4
-13 -48
-44 26
-17 48
37 11
-31 46
23 -9
44 -27
-6 10
40 21
47 -13
-30 22
38 40
24 -11
29 20
49 -16
28 -46
10 -1
25 -26
-40 -43
14 16
-2 -34
-2 40
25 13
-25 43
-38 -31
45 34
-16 34
-16 -31
-27 -46
28 49
-33 -11
-24 28
-28 -22
-27 2
38 -32
-8 24
-9 43
18 -7
-32 4
-11 -28
-24 21
-32 47
30 0
-33 -33
48 -33
9 -46
-41 -41
34 29
3 -37
-41 -23
-21 12
21 -4
36 -35
31 27
26 -26
11 -30
-43 16
25 35
11 47
39 -39
20 -44
0 16
-33 -5
10 -26
-18 -44
-36 -32
29 27
-9 4
-36 42
10 7
11 -16
4 -14
-16 -7
-26 -34
-29 0
40 -28
-1 19
-20 -29
-8 -17
35 47
33 -28
21 -12
27 -35
-4 32
28 27
-11 37
-26 -30
-24 -27
14 43
20 -40
-31 39
30 -26
-9 0
-30 13
34 -9
-7 7
-29 49
-7 45
22 7
-43 -6
34 -43
1 -48
8 -11
-27 38
-16 -12
-48 8
-41 -4
-29 -20
-20 -6
42 -32
-31 -10
-31 -16
-46 -11
-43 27
28 34
47 -21
-26 17
-32 25
-12 7
-7 24
20 -30
-7 18
8 -41
14 -49
30 -23
-41 48
30 -4
32 27
-27 7
25 1
0 -15
-40 26
-13 38
-18 13
20 10
24 6
3 -20
-19 -22
33 19
32 29
14 -38
26 -35
43 39
36 -26
-40 31
-7 49
29 -36
-22 20
-37 10
38 11
28 27
14 27
27 5
-20 -48
-37 31
-46 -2
-37 -25
-5 46
-41 -32
41 33
20 1
-5 25
-21 -29
-7 14
49 22
-12 44
-41 -2
-45 44
1 1
0 0
23 1
39 -36
-49 -38
-45 -9
23 -44
-26 6
0 13
9 30
21 48
34 -28
-4 33
1 -22
11 45
-5 10
-27 -9
-37 21
-41 0
-22 -34
-7 16
-16 39
-18 -43
-5 24
-40 -27
-32 25
25 -41
30 43
18 -37
-22 -46
0 -6
-12 -24
-25 -13
-27 20
-40 7
4 14
-18 37
5 -22
-16 -31
9 13
-4 -14
1 -41
49 -15
-13 -39
-5 5
-40 -44
24 -7
48 16
-4 40
28 1
34 -31
49 45
29 4
-27 -42
38 33
-7 -13
-34 -33
9 19
-30 -42
-1 -42
-26 -24
-11 -7
-6 -21
45 -14
-20 13
-48 -12
-9 -14
7 3
-40 -17
-17 49
-21 -46
38 -41
-45 -24
48 27
31 7
-15 20
21 -25
-22 15
41 -43
17 -5
48 -22
39 -35
-47 34
32 -43
0 -45
12 18
-42 39
36 -15
-42 -22
-48 26
21 39
39 -44
-13 -19
7 -49
-9 7
10 10
47 39
48 47
-2 1
-40 23
15 -25
-20 17
-34 -24
-20 28
-12 29
-27 25
-27 33
25 -13
-9 -33
-46 -37
36 22
41 -10
18 -17
-3 -21
18 42
-47 38
-36 44
28 18
-24 20
-15 -49
15 -11
-46 -47
-13 -27
-24 -22
44 40
33 41
48 -42
-8 26
-2 47
-5 37
13 -19
-28 31
-31 21
43 -38
12 24
48 25
23 -49
14 28
-15 -4
25 -21
-11 16
-18 19
4 15
17 33
36 25
3 -6
-3 12
-29 41
29 47
-16 25
48 -26
22 -21
-4 9
-26 -14
-17 -31
-23 -2
-38 1
46 0
49 -41
-8 42
-47 -15
9 -31
36 -48
16 45
44 1
43 30
18 -38
16 -44
24 42
-10 -14
-6 -9
-25 -4
-12 16
17 24
-26 36
-32 35
-1 13
34 33
20 -12
38 19
-29 -21
42 -35
-29 -17
25 10
45 21
29 -14
-47 18
23 12
-4 34
-30 -37
19 43
-29 -8
-40 0
-35 24
43 -19
-4 25
-5 -1
33 27
27 -45
-18 21
1 47
-40 13
-34 16
12 7
-40 -48
43 17
18 5
7 -27
-22 27
2 -12
16 -28
-27 14
41 31
40 12
-10 -39
30 30
20 14
-32 -24
-15 36
-20 34
-36 -25
37 -30
41 -16
11 18
-1 -6
-48 46
10 21
4 -30
3 -48
19 0
45 21
33 10
31 -10
-2 -12
11 13
-11 40
-5 42
36 32
-17 5
6 -18
41 -36
19 -2
12 -27
17 -45
-8 19
47 -11
21 -8
-5 -46
-2 28
25 28
22 -1
46 -17
-42 -35
-40 47
-31 27
-9 -26
1 42
46 27
22 44
2 5
14 -13
27 35
-47 -27
13 -12
-27 11
47 28
13 4
28 -24
15 -12
32 -12
-12 15
-41 47
-33 -26
-36 -45
-41 39
9 37
-17 20
32 41
-31 -31
-36 15
-7 -2
0 -36
-15 -15
39 -32
-41 -9
-11 3
45 -49
35 0
-30 -42
-28 0
-3 -12
-29 -21
36 -37
-37 44
22 46
-10 -16
-21 19
0 -2
32 34
0 32
-7 0
-8 -23
-49 -39
45 -4
-44 6
47 -17
36 6
43 27
1 9
31 46
30 36
39 -32
-24 -15
14 30
-20 17
48 -8
-43 28
-16 14
17 -17
-3 26
-15 13
-29 30
-12 -8
-16 42
-34 11
-19 -40
38 -46
13 -10
13 20
-49 -14
25 15
-20 -37
-38 49
-37 -42
1 42
0 -16
-49 -49
-18 33
-16 30
39 42
-19 6
11 -12
23 34
42 -38
-12 26
-22 7
20 5
0 30
-40 -18
-22 18
-48 -38
9 -39
28 -7
-36 4
15 41
-27 -49
-3 -24
-47 18
4 17
-9 44
-27 -34
-33 1
-34 -38
15 41
34 7
-47 45
-2 -11
-20 -13
-49 -32
40 -22
0 34
5 45
9 16
37 -44
-5 30
-20 44
-46 -27
-43 -15
40 -19
33 28
15 18
39 5
49 -37
-37 -27
-2 26
18 22
-31 6
-8 49
42 -47
27 -38
-35 14
44 24
-9 -10
-46 -33
-47 33
-1 -44
22 -21
-12 1
38 -11
19 -5
27 43
28 -7
-26 47
8 34
-49 -36
36 35
39 -32
8 47
-1 26
38 -40
10 40
-45 -11
25 18
44 6
-35 48
-38 -8
18 36
17 -11
31 -16
-17 -38
47 34
1 14
17 14
-16 37
-37 48
21 2
30 -23
21 -4
43 -48
-18 25
-16 33
11 -1
40 18
44 -44
-15 41
33 34
-42 39
-36 -3
14 2
3 -23
-33 -14
-2 24
-47 -8
8 -37
-43 12
38 -14
12 2
-4 -5
-40 -30
18 0
-11 35
42 -13
1 45
-18 -12
32 19
-33 12
-42 -32
49 21
2 -34
47 46
45 30
2 44
-35 -37
-40 -15
-47 34
47 31
28 -20
-46 -12
-10 39
-32 -17
-45 44
21 5
31 -16
-41 -37
-43 -15
45 42
-38 17
1 31
-2 -24
3 -2
-43 47
23 37
-48 30
-12 -18
-40 -13
-49 -39
-36 8
-34 -12
36 -28
-47 20
48 39
-23 -19
15 -15
34 4
4 -4
-48 19
43 -24
24 -32
33 49
-6 43
24 5
-41 7
-12 0
-30 -39
16 27
-33 29
-6 -42
-17 49
-6 -15
14 44
15 21
37 43
15 0
46 -40
-34 -11
17 -39
-45 -24
34 -27
-32 -25
34 3
-36 37
44 -33
38 46
10 41
0 -20
46 -39
31 -19
21 47
29 4
-44 -20
-32 7
-1 47
-21 -35
-28 38
-47 9
-34 18
8 42
49 -45
36 -21
-28 25
20 32
24 31
-21 39
29 -2
40 7
-28 -9
27 11
-13 -22
14 -15
-30 19
18 -32
-26 -6
25 23
7 -6
49 -15
18 41
17 25
-42 -32
-5 31
16 -24
-23 6
-26 45
-37 17
-6 38
20 -29
30 -8
13 -8
7 -7
-28 10
-18 20
-28 -16
-36 25
40 -3
13 -4
28 17
-41 32
38 46
27 8
7 37
-38 22
-24 -15
-38 36
23 31
-3 -26
44 18
-45 -13
-19 36
2 -49
-24 13
0 -28
-20 -33
-35 -32
17 28
41 -5
26 -4
-42 30
-15 45
17 21
-28 -20
38 23
-33 9
-44 -36
13 18
-22 4
0 -39
-42 21
48 -32
15 25
44 22
46 41
-45 -31
-5 10
1 -16
-41 -5
35 49
-6 32
-2 -22
-3 -22
-31 20
-38 -17
-12 -42
-11 0
23 -45
33 31
-36 22
4 0
-43 44
-20 10
-9 18
37 11
-11 -34
14 -27
-35 -42
43 -40
26 -22
-37 11
8 3
0 -24
-15 -28
-33 40
29 15
34 -44
19 18
-17 -29
-3 -33
12 -13
-25 -16
-1 23
27 -35
6 32
4 19
-39 -7
-15 37
-16 49
34 -49
4 15
26 -17
-31 -32
-39 0
32 23
-43 -31
-18 -36
-4 38
-35 8
-39 -49
-38 13
30 47
-36 -21
48 37
11 -13
-41 19
20 28
21 18
33 42
-31 -45
38 38
20 41
46 21
38 11
-45 -42
-37 -7
-12 45
46 32
-6 -36
36 33
-41 -17
1 37
33 -7
29 -14
-44 25
-33 -33
34 -30
14 -37
-4 -8
12 27
-38 1
-7 2
39 -46
28 45
-9 11
1 -49
-43 45
-19 48
-3 10
17 -19
-11 16
-1 30
-48 46
7 -29
18 13
22 -27
-20 -13
29 -36
36 24
40 6
49 -2
-39 -26
-37 13
12 -32
16 -45
22 36
-26 17
43 -37
14 -14
27 -1
42 7
-39 40
-16 12
-43 -10
-15 17
11 -38
-21 -18
-44 42
-38 -11
-28 -13
-13 -29
1 44
14 -1
-47 37
-40 15
-20 21
-8 -25
29 2
30 0
-29 10
11 -11
31 -17
-19 5
45 -31
-10 0
-28 4
-43 3
1 2
-15 -8
13 -42
-18 44
5 43
-27 17
-18 3
-15 -17
19 -13
43 49
-19 -4
-39 13
23 -26
-20 -8
-27 -9
20 49
-41 -10
-41 11
36 35
5 41
-40 -1
-8 0
-7 -19
-27 16
-40 38
-6 -48
-21 32
-37 0
-41 -41
41 33
13 -38
30 37
20 -39
-34 -6
-31 13
-16 43
16 -22
-15 8
-48 7
-43 26
39 11
-22 -15
-40 4
24 -20
-39 -4
-45 -39
-35 -9
36 28
-7 -28
-29 -31
31 0
12 -8
-5 -10
-19 -36
-16 -34
41 -30
13 -38
-41 16
-25 5
-35 -15
-31 46
-4 31
17 42
-48 47
10 29
-22 -47
-14 28
-18 -10
10 31
-7 38
-5 39
-4 21
-25 -36
15 41
13 36
-13 -12
-25 0
-13 21
-18 26
41 29
38 -36
-37 -34
15 -42
43 -10
-38 3
20 8
35 36
8 0
14 47
35 -33
-40 -39
15 44
-44 45
-31 27
25 -17
37 3
-9 20
27 -23
44 -27
8 -2
25 29
-6 30
1 31
-33 -3
7 -37
29 13
-38 -25
-47 -27
47 -43
0 11
27 -11
-22 -4
-19 -5
-20 -30
-27 32
-32 11
-8 14
33 36
-48 36
-49 48
20 -42
-20 -45
35 13
-35 38
30 15
-17 -40
-42 -9
-26 48
-10 -31
38 40
39 30
36 -23
12 26
32 -38
46 -2
-29 25
-48 -5
-1 -38
-7 -24
-15 -13
49 -49
8 -31
-10 -37
-7 -12
-31 -6
-35 10
13 -16
28 -28
-18 -2
-25 -5
25 12
11 46
-16 -15
30 -7
-15 -24
-47 -14
49 4
32 -37
25 -13
-18 -14
-44 -19
13 -23
0 44
45 18
41 -46
-35 -48
-3 -24
12 17
-25 47
-32 -1
-16 15
-32 -7
-49 27
-22 23
-41 -35
0 -24
29 28
20 -27
-11 43
6 16
7 -29
-5 -25
-43 -49
-30 1
-35 -3
-13 46
-19 -6
-25 -39
28 -9
49 -39
-49 46
-15 -28
-23 -29
0 -33
3 -48
-14 -3
25 -45
25 -42
34 -36
-39 5
9 -47
22 -13
11 23
-28 -49
40 32
-6 -9
40 -11
43 25
-10 45
-21 -18
2 -35
-12 13
46 40
3 -4
-36 23
0 -5
46 -23
-39 21
7 -9
44 -17
-39 21
-34 -45
-23 37
-31 3
-8 1
-46 33
-13 24
41 47
32 28
-6 -39
-29 -31
17 37
-28 29
49 23
-27 26
22 8
45 -49
30 -45
-27 38
-27 -8
-18 12
-33 1
33 -46
25 43
-14 34
39 -1
0 30
-49 -33
-44 -38
-47 -44
-21 8
-35 4
29 -45
-15 14
-11 -35
-45 16
9 30
11 25
-31 16
5 -33
0 -28
-43 -42
-43 38
-16 -29
-26 20
4 35
-4 -11
-35 -2
38 47
9 -32
40 -23
-5 7
-31 -43
-32 20
46 15
11 -11
42 49
34 36
-27 32
-8 10
-28 -13
13 10
41 44
-12 5
29 -2
41 -31
27 5
-40 -32
24 42
49 17
-34 -3
31 -3
-45 13
-19 -44
5 10
22 -42
42 34
-26 -32
-42 -46
25 17
-41 10
-28 33
-6 -40
-49 -22
-44 7
-8 40
7 -6
34 25
-20 -12
-24 -36
-45 -1
-5 -39
45 20
10 -39
6 -3
-16 -18
-25 -47
-29 -3
4 -43
-36 27
30 -5
-48 -9
0 -9
13 19
20 -38
-32 -43
6 45
27 36
33 -11
45 -28
0 -18
-16 31
27 -11
37 3
-41 -19
-22 -34
3 36
39 -28
3 10
-45 14
16 -4
-23 28
2 43
-7 -14
17 11
-8 -14
-47 0
4 33
19 -48
-26 18
16 -32
-26 -23
36 -41
-24 30
23 28
39 47
44 42
31 -49
36 -28
-11 28
47 46
-29 0
47 -5
33 -46
-37 32
-20 -35
-41 9
-28 -14
48 -2
-32 23
-47 9
-40 -9
-48 11
36 -37
-29 -31
45 -23
27 25
-45 -41
48 -29
-47 -39
-26 0
-19 -15
-34 -11
-5 -13
-15 -44
18 13
27 -24
-35 11
4 39
-45 7
-18 25
-47 18
45 -39
32 -1
15 13
49 40
-8 37
-21 28
25 34
-41 -6
16 -32
-46 -11
24 -8
35 -45
-27 0
14 -28
27 5
8 39
35 -15
6 39
-35 45
43 -49
15 16
20 -33
-31 6
-12 19
-37 2
-19 2
-37 -20
-23 -45
26 33
-42 -33
46 -9
-2 -44
-37 10
8 -12
33 -1
-46 -16
-27 -17
0 25
18 1
-46 -21
36 -13
-36 42
-47 -39
35 -36
-26 -3
-12 24
-28 -49
-6 -15
33 13
38 -35
-8 20
-26 -30
9 -25
-19 -48
-22 -13
40 13
19 -49
33 29
-48 10
-45 18
3 45
-34 26
-23 38
-12 34
28 46
38 -35
-42 -5
-17 -4
7 -30
48 -5
35 -44
34 -48
-41 2
16 27
-45 -40
37 20
-27 42
17 47
45 11
38 17
-35 -27
-19 34
-44 -4
-18 -48
23 42
-19 25
-5 13
34 -23
-13 25
-14 -6
5 -2
44 41
6 -22
-28 37
-32 -27
-49 -6
-21 28
-10 -15
-13 -35
47 5
-44 -32
44 -30
33 -18
-1 36
-28 4
47 45
39 16
15 -35
25 32
20 13
-45 45
-27 31
36 6
-22 10
31 10
20 -6
38 24
28 -28
-15 30
3 -28
-13 -31
43 -49
39 -25
15 39
3 -49
4 -8
-13 -35
31 3
-29 -31
21 -41
-23 36
6 48
-47 49
-18 -22
41 42
36 -37
11 -30
-19 49
31 -19
4 -34
41 -49
28 29
-19 0
-21 -4
36 -21
47 0
-38 -10
18 40
-29 -2
-5 -45
-6 -15
6 14
-49 -23
-15 -2
-9 15
33 3
-25 48
-6 10
-16 -3
-31 -47
0 -33
-47 39
-41 40
25 -46
22 35
-5 22
-21 24
-9 -46
-15 0
-14 32
-17 -35
-35 9
-1 14
-41 32
-5 -48
-37 43
49 13
48 47
-30 -19
45 -21
-15 -41
-28 16
-34 -39
-9 -40
37 42
16 -29
28 -18
19 -10
25 -45
31 40
7 2
-46 47
21 -42
25 14
-47 -49
46 37
-2 33
26 -21
-36 -24
26 16
-20 -33
49 21
-11 -16
47 -8
-39 10
-25 -25
-21 -48
17 -28
-28 38
48 30
-26 -6
-17 27
7 -38
45 -35
-47 24
-46 -8
45 -1
46 33
-23 -43
21 7
5 -4
45 41
24 7
-5 -7
-48 48
-27 -5
-17 26
-48 -6
31 -23
-5 -16
39 41
-3 36
-15 46
40 -37
0 0
-38 9
-9 41
-44 17
37 -39
-11 21
25 24
-12 42
10 46
-21 26
46 -42
-46 -40
37 -31
16 17
29 -46
43 -35
22 -12
-23 10
22 -17
-42 -25
32 -29
-8 -9
-1 -43
-18 6
-4 -48
27 -17
12 -30
-47 22
-19 15
1 -35
0 -33
-26 15
48 -40
38 47
-30 -39
-40 24
14 -6
39 -25
-20 24
40 -9
39 -1
27 30
4 34
-42 12
44 43
-18 -45
17 35
10 -46
39 30
-22 -10
-41 49
-44 -1
-25 21
-10 25
-31 -43
-40 -17
-26 -25
36 24
-14 21
-40 25
13 -28
-35 9
-42 40
-24 46
-48 33
0 -27
9 15
-8 45
7 -42
18 42
-40 16
-9 -18
-32 -1
23 -1
-6 -36
5 -29
-43 7
4 25
22 31
40 -13
-3 -16
36 -40
-15 -7
-48 -44
-42 6
-45 -41
-15 14
3 -46
49 -49
-23 -12
-38 -4
43 -43
33 7
-11 26
34 12
-47 10
32 -37
16 23
-30 -9
-32 11
-14 -4
24 -41
-35 43
-13 13
-39 20
34 -20
-45 30
-2 7
29 -40
-45 42
-37 28
-8 39
-23 35
-43 -43
-23 17
-44 -36
-35 23
34 16
1 34
-40 32
25 -16
47 -19
36 42
-31 -1
13 -13
27 9
-31 -3
-48 -48
38 -9
-15 2
-27 42
-21 25
1 23
-30 -35
-14 -48
15 -32
-40 4
-38 12
-33 -13
-46 17
12 -14
-14 2
-23 -47
44 -30
-8 0
-11 19
32 -30
34 5
-24 -33
23 -19
25 -5
-6 15
-13 -38
21 39
6 43
0 -47
26 -22
48 -17
-25 19
31 -13
-48 10
-18 -39
18 45
-38 -48
11 -26
47 5
16 36
-36 -2
-3 0
9 9
-30 -19
-25 4
-43 -4
-5 -21
33 12
-24 3
-1 -41
3 -12
-14 -14
-18 25
-23 -34
30 -18
20 -12
-47 -36
16 5
0 25
-17 -48
-32 22
-39 -8
0 -11
-41 -42
25 0
8 5
37 -2
5 31
-42 5
-9 32
0 18
-23 -22
-17 21
10 5
48 47
-23 4
13 -29
35 -33
-3 7
-43 39
16 29
17 3
-42 -11
22 26
-18 10
-20 26
45 -14
34 -34
36 -3
11 0
-8 8
6 31
38 7
27 30
-26 -18
37 -22
6 33
11 -15
-1 42
36 26
-15 47
42 -15
-22 23
18 -18
-43 10
-37 6
-15 -36
-11 31
37 8
-40 -17
-18 -18
33 24
23 -12
39 -26
-47 31
-2 20
-25 -11
39 -28
0 -11
7 -22
-43 -13
0 41
-36 -39
-32 2
-27 -6
-10 20
-23 13
48 -16
-45 -27
-49 28
-8 -46
43 -4
-1 -30
21 -48
13 14
49 23
-31 -17
-48 19
20 39
9 -41
-4 -5
-8 -26
-15 39
31 -37
41 -39
-46 0
9 -8
47 5
24 15
-35 -18
40 5
-9 9
6 43
-41 -22
17 48
15 -26
-3 42
-35 -42
-10 32
-29 47
20 42
11 27
-5 0
-1 -16
-40 -11
46 32
-19 49
42 -12
-36 -12
29 30
20 -4
-34 45
-19 -24
-38 -41
-49 -44
18 -5
-30 -35
49 43
26 8
7 -34
-19 -33
36 34
-14 -40
-39 28
24 7
18 44
-46 18
-18 -9
-36 -18
48 42
38 -35
36 -40
-7 -1
-2 21
-3 -39
31 -48
0 36
16 44
-38 40
-42 6
14 5
18 38
-15 -18
19 -42
0 -41
-16 -15
0 34
-28 42
26 37
46 34
-49 -29
29 -22
47 27
23 46
-2 -24
36 17
-39 43
-6 11
32 -5
-13 -27
24 0
27 27
-45 12
48 -38
-35 12
42 45
-35 8
42 23
-13 -48
22 -35
14 45
-48 3
-9 30
24 -7
2 -34
-17 2
35 6
-29 -32
-3 -3
-2 -46
18 35
-2 18
37 8
-5 43
47 -15
-2 14
46 -32
-6 21
43 24
-12 17
42 -35
-37 -47
-11 29
-4 -45
46 38
-3 -7
-5 -32
27 -38
11 4
21 19
-10 -35
-29 -31
38 -41
-2 28
19 -34
-45 32
28 26
33 -24
17 25
-47 33
7 -28
48 42
1 15
13 -11
22 -12
28 40
-11 15
48 -45
-24 30
-19 -11
43 28
14 16
-31 -30
-33 21
-8 46
-30 -5
-40 -38
-27 26
-21 46
-7 8
-37 -10
-37 5
47 -2
-10 -27
35 1
0 7
-43 9
29 33
40 42
36 -2
-19 -45
-14 -40
-27 -11
33 27
-49 33
-28 35
-16 -5
21 -45
29 -19
1 42
-34 35
34 2
38 26
8 13
-48 -2
-5 -35
-39 -45
3 -10
45 44
-16 12
9 22
-40 35
14 -30
-22 23
28 46
-45 -25
-16 10
5 -24
45 -46
5 44
13 -15
-48 -45
35 -40
-24 13
-29 -33
38 -23
20 29
37 -18
7 29
37 23
43 10
31 -41
3 10
-2 33
-17 -26
47 8
-40 -25
0 6
-17 -22
6 -7
26 -15
-27 19
49 -47
40 48
8 12
14 42
1 -23
-5 -8
-6 33
28 18
-9 -36
-15 25
-25 4
-47 41
31 20
-11 -5
-14 4
40 41
18 21
-23 23
-45 -2
35 -21
-13 2
-20 19
44 40
29 -28
-32 -2
-37 35
-48 -48
7 46
-36 48
-44 8
-38 7
28 -29
-11 -37
-42 45
-7 33
-29 -8
1 10
14 6
-18 14
-43 16
14 -21
28 -6
-21 25
43 0
27 24
-32 -27
-31 -24
21 5
-38 -5
-29 -28
26 0
-17 -16
-40 4
-33 30
-18 -46
25 -27
-6 -5
-46 3
42 -2
29 4
0 5
14 35
11 -48
6 -9
13 44
-41 -38
-13 -10
10 2
-9 22
7 2
31 -12
-27 -15
30 -2
-17 -38
-32 36
-27 -38
-49 -45
-49 34
4 10
-12 16
48 -7
36 -5
28 20
-30 -25
-21 10
11 14
5 12
35 -7
27 12
9 37
-31 -9
-20 -42
43 -23
47 5
4 -33
39 41
-23 41
29 5
49 -31
-19 -46
26 23
-29 6
-37 -34
-32 9
6 -31
-17 -23
38 -22
49 -14
-35 -18
-18 16
-18 -3
-20 36
22 6
35 -45
38 24
25 3
38 48
44 -38
-22 4
-28 35
-22 -49
20 19
-45 7
-8 -17
-35 -27
35 23
2 -3
-40 -36
-45 40
13 5
44 -19
24 4
31 -42
22 29
-9 32
-43 -6
28 -15
-25 -37
10 33
-38 1
37 -45
30 -47
-47 -40
-6 -28
39 -30
-4 -48
-28 38
37 -21
-25 -24
25 -34
-11 32
29 -11
49 40
-5 26
-23 15
33 -2
17 -22
-11 8
-33 -24
5 19
20 -33
25 43
2 46
-2 44
-49 -12
17 6
0 34
-4 -6
-32 -32
32 -38
-14 24
-14 49
4 -8
6 7
1 -37
-4 23
28 42
21 -37
43 -48
-38 0
36 -40
-43 -36
30 5
2 -36
19 44
-29 -26
32 -40
21 0
10 40
-31 34
21 17
45 32
4 -34
-34 2
-7 -9
-13 23
23 -10
-39 39
6 -32
-4 -35
44 -34
-31 -26
19 -3
7 20
35 -30
-25 24
11 -7
33 23
-37 6
13 -15
38 -3
39 6
46 -20
1 -20
-42 31
0 40
-2 41
39 -45
2 -42
39 8
-33 -35
-2 -27
21 3
-11 25
-36 2
38 0
-18 31
20 2
48 40
24 35
17 -29
37 -4
-1 37
-47 -4
-15 10
35 -2
0 14
-30 -36
26 -49
-42 -28
23 -44
-14 -30
-23 47
18 13
-33 11
-4 -35
-48 4
-43 5
-7 21
-44 -17
17 -11
-49 5
-7 -2
-20 29
19 -22
4 -34
44 47
-33 35
5 -29
-11 -12
45 12
-34 47
6 17
-7 -46
48 49
26 -34
37 36
17 -4
32 -5
13 37
21 43
33 -15
-34 -14
-27 -27
-26 8
-40 -47
-31 18
-32 35
-8 -3
-45 -8
-23 -29
-49 29
24 -16
14 -26
41 24
8 -10
26 32
33 0
48 -30
6 27
30 -14
-43 -29
24 -40
36 16
-24 1
31 23
-35 -41
19 0
-18 38
-44 1
-3 8
32 -39
-37 -25
-43 28
-20 -15
-45 -15
13 1
-39 14
-6 43
-48 14
18 49
33 20
-47 -32
-43 -33
49 15
5 40
-20 -44
-6 -47
-17 4
7 1
0 21
-35 -46
22 17
-19 -24
-46 8
6 9
18 34
44 -49
24 11
-33 35
35 -27
21 17
-46 -23
-30 -18
-21 34
-28 -33
-35 21
-32 -19
9 -38
-34 -10
21 -2
3 -23
-4 -35
11 43
21 -27
13 6
-30 -8
22 16
-44 18
-34 -20
20 -39
-39 6
13 40
11 -7
8 -34
23 -6
15 -45
-27 -35
-13 29
-45 -25
-10 29
18 -28
-4 -30
-25 -1
27 30
-1 30
22 -10
-15 -7
-12 43
23 -44
-28 23
-15 4
36 -47
15 -17
-19 -8
-1 -21
44 14
-11 43
-28 42
10 37
-40 49
0 27
30 -9
49 -46
-49 27
0 -34
45 -26
-28 24
-15 44
-22 26
-40 -2
35 -19
-35 -2
-36 6
6 32
-27 -5
-31 8
47 -45
37 -24
-19 -22
-48 -41
17 -35
-31 13
8 -31
-9 32
35 21
-11 23
9 -42
8 -12
-7 -7
20 14
-26 3
-6 -18
25 -5
25 -1
-33 30
-2 45
-23 -24
-13 24
47 20
-16 -26
25 -9
5 34
25 28
-39 -36
38 -17
22 21
-8 -8
21 38
5 -37
26 -12
37 7
-37 30
-44 -32
0 41
22 10
-28 0
-21 -45
-43 -17
-16 -40
-4 34
-4 32
25 -42
-12 19
35 38
48 -39
11 -7
-43 6
19 7
4 45
