24 -15
3 33
-22 -23
-31 44
-25 -47
-42 -32
27 -4
-31 -48
-15 5
31 -45
26 -26
32 36
-9 -48
0 29
47 -48
18 -37
14 28
44 22
-32 43
40 -32
-7 25
13 0
-39 -25
30 27
-19 23
-41 -8
-26 22
-6 -42
32 36
-21 3
21 -15
36 36
39 -45
-7 -40
-17 -47
-26 30
-35 23
-7 11
-39 -14
5 -21
22 5
-26 -47
46 -16
-48 32
-21 18
47 -24
11 33
-28 -4
-24 39
-37 -13
-1 -34
0 -19
12 19
-7 -32
-6 29
-7 -8
17 -48
-9 38
4 5
-46 -1
12 -17
-6 -38
-19 -13
-14 -45
-49 -38
29 -1
30 12
-11 -16
-33 -25
-24 6
36 28
-1 30
-10 -8
-45 34
-15 9
43 -45
-13 41
-24 -45
31 -33
-45 10
-47 -14
-46 36
-9 34
-45 40
-35 44
-34 -27
19 -3
31 -23
-45 20
26 -28
21 0
42 39
-23 4
-7 11
7 -22
22 -49
-26 -43
27 15
-29 -44
0 25
