2 21
-42 -49
-2 0
31 -2
33 -42
41 16
-38 25
-3 -2
-29 -17
1 32
18 45
12 -35
-28 -1
8 -46
0 45
10 38
-12 -39
0 -34
-8 17
-27 14
-39 41
7 30
-43 -2
17 3
-34 18
-47 -2
-13 -10
-38 -25
-11 -30
-6 38
-14 -32
42 19
-31 7
27 32
44 18
35 19
-37 23
8 33
32 -32
-2 2
5 8
-9 -12
-47 20
18 28
-35 49
31 -32
2 -12
-26 46
21 -47
21 -38
-35 -17
-8 -10
28 30
8 35
0 17
-8 16
17 40
35 32
21 36
-42 21
-31 -26
27 1
-10 -49
45 -43
-44 37
-26 -36
20 -27
41 48
28 -29
-3 43
35 -40
19 -4
7 -20
17 48
-21 24
-29 -13
-13 6
48 -40
-38 -42
-5 -25
-17 40
-36 -45
-48 -20
-19 -13
-28 -45
48 7
-17 19
16 -32
-4 18
17 9
-48 -27
4 -16
42 15
44 9
-35 6
-29 27
18 -16
-38 -14
5 0
-5 8
-21 35
5 -25
-41 37
6 18
-28 42
30 31
20 10
16 3
29 -22
3 -2
-45 -33
-27 -16
-1 -34
-39 -5
-3 32
-19 0
-17 -28
-9 -24
8 6
4 -9
-22 30
-41 -4
33 -34
-48 2
-19 7
15 -6
2 -35
13 15
23 26
29 -9
-4 7
-12 26
-37 19
38 37
-35 20
40 7
18 -22
29 -12
-39 -44
-42 -43
-44 7
-23 -34
25 9
3 -11
35 26
-13 -47
38 32
-9 48
-11 47
-41 17
41 -39
11 31
-5 36
33 -35
-34 -3
8 48
-43 46
5 -23
41 31
-29 -22
7 -43
11 -36
-33 -31
-19 -29
3 -22
17 -35
-45 0
-42 32
-40 -4
-8 47
4 44
-33 -26
-35 -35
-5 6
49 -47
-9 0
-29 -27
-35 -37
-16 30
-15 9
20 47
-47 5
-37 32
-41 -6
3 -31
45 38
-49 -45
-38 -31
10 -2
-16 4
35 -19
-44 -14
-48 -45
48 23
43 8
11 -9
-42 6
2 -46
35 34
-34 37
-38 23
-23 -39
43 -33
-1 -24
-42 33
-49 -40
0 26
-40 -37
-49 -7
-17 -38
-34 23
22 -34
-21 25
-30 46
46 36
44 -25
49 21
43 27
-38 22
-8 19
20 -11
41 -3
16 45
14 -31
37 -9
6 -38
-36 -2
20 -39
-17 39
3 4
-12 38
-41 -17
15 -4
-49 32
24 0
13 18
2 8
13 3
9 12
-18 -3
-35 7
11 31
15 -47
-27 42
-3 14
11 18
17 34
-36 7
32 43
36 -30
12 -25
-13 12
-36 0
9 -22
-37 6
40 49
21 9
-8 -16
42 39
-45 17
5 34
-5 -40
24 -27
33 -13
-1 47
-5 -28
16 7
-17 28
2 -21
-46 -1
42 37
-22 39
0 -41
20 37
24 -14
19 48
5 19
5 15
21 32
16 2
-25 26
10 -24
15 -39
-40 -46
-17 -45
-28 24
-38 -16
-6 -9
-3 21
-38 -49
38 -33
-8 2
-17 -35
35 -49
-37 33
3 -38
40 3
28 22
-28 26
13 49
-40 24
45 21
-47 -36
44 -14
20 0
-9 -28
12 12
-13 18
6 4
20 -11
-11 -32
32 -11
-19 0
43 -35
-45 -1
-35 -17
-46 10
-20 4
-21 27
8 27
-43 -2
-49 19
20 25
-45 3
-30 8
-18 30
-11 47
13 -40
-10 -34
17 14
-7 -45
-40 -20
36 3
-2 13
-42 -22
-34 27
19 -8
31 -9
-10 35
49 -48
27 -11
-20 -17
0 0
-19 48
9 16
20 6
44 -32
8 14
47 48
-31 13
21 9
17 18
-36 -46
-25 -16
34 -28
23 -9
-13 44
2 21
19 -42
-38 8
-18 10
-5 -4
0 46
37 11
31 42
-45 14
-3 -17
23 -4
-6 -20
-1 -42
23 -40
46 -47
-4 29
-23 -21
-47 3
-13 -32
36 44
49 -35
1 -3
-28 -18
2 -34
-22 22
5 11
-36 -23
15 47
-45 11
-36 -45
-46 -35
-17 36
-3 -48
-25 16
6 -41
0 -25
-26 -24
-3 3
41 -23
34 30
21 8
0 -12
23 -2
5 1
4 -15
9 -19
4 -26
-1 19
-7 37
26 -42
48 -31
21 -38
-21 31
6 -46
18 -27
-20 -35
-43 12
17 18
14 17
7 -35
27 -9
1 15
-9 -11
0 27
8 -3
34 -24
-11 16
41 45
-35 -30
31 -39
-36 -20
0 6
-20 -39
-44 0
3 -36
-49 -33
41 -31
27 -19
44 -47
-48 -25
13 34
48 34
-47 -46
-30 39
9 -24
-29 37
18 -27
39 42
-8 18
-15 5
-18 -7
-1 9
-35 -35
10 -27
-10 35
46 27
40 18
13 -23
42 -10
-9 -45
-10 32
-28 -20
3 47
7 -49
-5 -40
-28 11
49 -18
20 48
-11 36
16 12
3 -43
-34 24
41 6
-41 -6
-12 45
2 41
14 -22
2 -27
-42 5
-1 -15
13 -31
38 33
31 38
-17 0
-14 -21
-7 15
22 26
-49 9
-26 12
18 42
16 26
-27 -33
0 4
-42 38
-12 -39
28 -25
40 -41
43 -1
13 42
-27 -21
34 -16
32 -3
47 20
7 3
10 -12
-25 -30
-37 28
21 6
-48 -27
-27 -8
-44 -27
0 -45
14 24
-17 36
5 9
44 -46
-24 15
-46 -8
1 -28
34 -6
-22 37
20 -31
-15 -42
29 -29
-11 -48
-21 26
-17 2
-5 14
10 14
20 0
30 -22
-9 34
-10 16
19 8
-11 -11
-27 43
7 -47
-40 -36
20 -12
-27 45
-21 -10
-23 32
-18 -3
-19 -18
-31 25
-48 11
33 23
34 -20
0 37
-32 0
-6 7
-19 41
30 -32
17 10
-37 32
-21 -31
8 2
32 27
13 -5
-39 19
34 29
-28 20
27 0
-44 30
2 -10
-25 -31
-1 -45
42 -40
-17 -46
-12 33
-45 -49
12 25
-27 -6
5 25
-30 -41
30 -43
40 22
-12 11
48 -1
29 -29
18 27
42 -17
30 44
-10 47
35 23
0 -22
24 -33
-17 -30
-11 -6
-5 16
-23 35
-28 41
-6 -7
47 10
47 43
5 9
-24 49
9 33
26 1
-42 45
-33 -31
7 -12
25 27
-24 -31
41 26
11 -14
32 38
-36 17
5 25
-5 35
4 -1
-2 -8
4 30
-12 9
30 1
-44 25
31 20
14 21
20 -23
13 -22
46 4
-19 46
-41 49
25 28
36 18
49 -38
-39 10
7 31
-21 -25
21 -10
13 44
-21 -40
-13 33
9 -28
-25 -46
38 34
42 44
-34 4
-16 -40
-19 44
-34 38
12 17
-10 -30
-31 -27
-42 -6
-22 -23
13 48
24 5
12 1
36 28
-12 22
18 -16
6 6
14 42
48 19
44 13
-6 -11
-3 0
-21 2
18 -31
-29 13
-45 39
8 -30
-46 22
-18 -12
-9 -41
38 25
-15 16
-4 -35
34 36
42 26
38 44
-38 6
-21 20
44 -18
-6 -4
19 4
19 -7
10 48
-37 16
40 -12
28 10
-31 -48
-15 -46
14 -4
-8 -10
-45 30
33 4
-2 -8
-14 -27
-26 -32
-47 -12
6 30
-30 -6
-15 -23
-15 0
19 13
19 44
-29 46
-28 30
2 -2
36 -5
-41 -33
