24 -15
17 5
-17 27
-13 -6
-41 -21
48 -31
31 21
-41 28
38 41
-9 48
32 6
-46 9
17 -48
30 -47
-14 -24
28 -4
4 -30
49 -49
35 -11
-23 37
0 -34
-31 -42
5 7
43 46
-19 14
19 -35
-1 -11
-8 30
-38 46
-17 5
45 -11
9 -24
-47 3
21 -20
-23 -18
-16 14
-47 49
32 -42
47 0
-8 6
-18 5
-8 28
40 49
-36 34
27 27
38 -9
15 -44
36 -20
46 -45
-34 -19
3 45
-10 45
-26 -25
-14 -16
48 -26
42 23
10 -5
-18 -10
41 39
-44 29
-4 23
-13 -22
11 -38
43 -37
-13 -16
42 35
-36 -2
22 -46
7 25
20 -36
-27 41
34 3
28 9
12 7
-20 22
18 45
-6 -30
29 25
-41 -15
20 -41
13 -18
-36 -15
19 36
-22 29
-21 -3
-6 23
0 -6
2 49
-34 20
48 -34
48 36
-46 -36
-45 41
-41 30
-13 -10
-20 44
-45 28
45 -7
32 -32
-36 35
24 -20
-46 0
-1 49
3 -16
38 -36
7 17
4 -12
15 -24
7 0
49 -1
-31 46
37 28
-7 -21
-6 -33
-25 47
-34 15
47 -21
8 -31
10 41
-31 4
-26 -16
4 -48
43 -44
47 -34
-5 -21
-15 45
-26 -24
31 -33
-33 -36
0 -25
-35 -36
45 44
-11 -47
4 14
-26 18
-21 -42
-25 12
16 -18
0 33
35 19
7 -22
2 19
43 12
-39 -5
-12 35
-27 5
32 31
-39 1
30 -21
39 10
-36 -23
-37 39
-2 -39
-27 -34
-29 -8
-9 -45
-45 -3
-31 46
4 3
42 0
-12 18
-6 49
2 20
3 -42
28 42
-5 31
-39 17
25 22
-32 36
-24 -49
-42 -37
-44 -20
48 -11
-27 8
-9 26
5 6
-11 -4
-6 -2
4 3
-24 3
-41 -45
-1 -11
43 29
-3 10
3 1
34 30
-45 -48
39 -26
20 32
49 36
3 28
-1 -12
0 20
-45 -26
12 32
-21 -12
-7 -7
8 -9
7 -12
7 6
-16 32
39 48
31 -21
-31 0
-36 40
32 38
-9 -1
35 5
37 46
43 -8
5 33
37 -7
7 -40
21 28
3 -6
-10 23
23 25
45 7
-28 38
-27 34
-8 -13
17 42
-48 -36
49 -23
-30 -11
-38 28
-46 39
39 23
4 -15
9 -11
10 25
2 4
-11 11
-7 12
10 -14
-8 18
33 -46
-33 -26
-33 -2
-13 -40
-10 7
23 36
27 32
7 34
-33 27
-21 -15
25 19
-17 -25
23 7
47 40
13 48
5 -48
44 16
27 -49
-46 -23
17 -33
11 18
-39 -35
39 22
-6 -29
33 28
-44 20
-18 -22
18 19
14 -15
-33 29
-21 -31
-7 -8
49 43
-19 10
46 37
-24 6
-13 24
-45 18
0 44
-4 35
3 -33
-4 -23
-8 0
-46 -13
-32 -31
-9 -2
-47 -41
6 -10
1 24
14 -46
2 -23
18 44
-44 -23
-18 37
6 -12
5 -7
-39 -46
16 18
12 33
9 7
23 -42
-44 -18
-13 -7
-6 47
-20 22
19 20
30 -30
20 -4
15 -41
1 1
-43 39
-25 -22
27 48
-37 34
43 -37
36 -45
-15 -30
40 8
6 16
10 0
-6 -48
13 -14
46 7
-22 30
13 -8
-46 -44
-19 -36
10 -49
42 -2
-14 -6
40 9
-9 13
-24 16
29 -15
12 -12
-4 23
34 -18
-15 -13
-44 -24
-45 25
-24 -24
-12 -30
4 0
-3 -38
-40 0
-43 35
-43 -35
32 -14
30 -1
3 9
4 33
37 -35
28 -35
-30 -34
-45 35
39 14
42 42
18 13
37 -12
33 45
-22 0
0 -22
14 46
-46 14
-5 25
-44 26
29 42
-9 3
33 -13
46 47
-36 -45
40 -13
47 40
5 -35
-16 15
11 46
-8 -5
-47 49
-4 -22
27 35
-39 -35
34 -19
-44 -25
3 31
-47 48
-42 36
-19 41
-9 -3
9 48
-47 36
-24 -3
1 -43
-28 -12
-48 -41
-39 -4
-16 -42
29 10
6 14
-28 -4
-22 -38
-29 -33
-39 38
-37 17
-10 3
-45 3
38 30
38 -29
-22 -8
-39 40
40 -26
-10 -20
8 -44
-11 -15
-46 -14
9 45
44 -39
22 -1
-3 8
30 10
-32 32
-38 -36
-27 20
-24 22
-40 -18
4 -26
7 30
49 10
-27 4
25 -46
-17 7
-2 20
-22 3
-21 2
-11 27
-3 -27
-27 -30
32 -7
-29 -49
-20 37
-18 -3
4 -26
42 -23
-9 49
-21 26
-44 -22
-31 16
27 -10
22 -39
-36 8
-36 -3
25 24
-17 -31
-11 -35
-39 -27
-30 -24
-12 -17
-6 39
23 24
-41 41
37 -31
-13 -18
21 -36
-39 25
-49 2
-5 23
3 -38
9 22
41 -5
-8 4
9 -8
-49 -33
-49 41
37 44
25 40
42 -48
-28 5
-4 -48
-20 31
44 -27
47 33
42 -39
12 -38
-27 -48
28 -14
-11 41
-24 -48
4 39
15 19
-38 30
-43 -45
39 17
34 -40
41 -41
20 -24
-32 33
10 47
26 -9
16 2
8 47
38 40
-17 -4
-7 39
-4 -27
-29 29
6 16
17 -3
47 31
-31 -38
-1 0
6 -5
32 -21
-9 11
26 19
-13 -46
25 36
0 37
31 -11
-32 9
10 -37
38 -4
0 44
-14 -42
-16 45
-25 18
10 -23
46 15
-47 -16
40 -25
21 -6
-15 -27
34 3
15 -34
-34 -27
12 44
20 31
0 24
-34 45
26 -26
27 4
14 20
-20 -14
-7 18
-25 -5
0 0
-44 21
36 -49
-49 -9
13 -4
31 -3
-3 30
-35 45
33 -3
39 25
25 34
-11 -1
38 -37
-30 44
-47 -27
33 12
7 17
25 35
29 -10
23 8
49 -37
-29 -18
25 -38
-37 -31
-11 -8
32 -17
-48 27
-3 45
33 1
42 35
31 5
20 6
20 14
0 -36
34 -2
-4 -15
11 -16
6 39
44 -27
-46 34
-25 30
5 48
39 -11
21 0
-3 25
16 -21
-2 -4
-14 -48
-18 37
-46 30
-46 11
-24 31
-41 -2
-30 -1
-30 -12
-45 47
-12 43
-35 -45
1 -6
17 -18
40 -39
46 28
-24 -13
-40 -12
-1 28
34 -6
-8 48
-47 37
-13 24
43 -30
35 6
46 9
47 -30
-4 17
-40 -32
-12 28
16 -4
36 -4
-42 31
3 12
48 -24
-47 -12
-46 -23
17 -11
13 -42
34 23
-18 4
-10 -35
-28 -26
14 -40
9 19
-22 -19
-36 31
-30 -8
-48 -39
-17 -11
10 5
-2 6
-30 10
25 8
-4 -24
-30 5
47 -38
-44 -22
-33 -9
39 47
0 4
-5 -9
-13 -39
-31 1
40 -30
-33 -16
24 -16
-28 5
38 40
-29 29
-38 -17
11 -32
9 19
-10 33
49 0
0 -42
47 7
46 43
-45 -36
-22 -17
-19 39
49 29
-30 47
-39 28
2 -23
-6 -14
-23 -27
11 24
29 -40
0 -38
-10 15
-37 -34
-29 -42
14 25
27 41
-28 -17
8 -22
4 13
-24 -31
20 -39
42 23
13 29
31 13
-23 43
33 7
-33 -16
-19 7
-24 -39
45 -41
43 -6
7 -35
-12 -12
-8 -15
-46 -12
47 29
-8 9
5 -24
-20 -22
-42 -31
-33 48
17 -39
-22 -9
33 -49
-44 -9
-2 -47
-41 -10
9 43
-14 -5
-13 45
-32 8
29 34
40 1
44 43
-47 -21
-40 27
11 -40
-26 45
-7 42
-5 -13
-15 21
3 6
7 -32
-29 39
31 6
34 48
-11 -6
-17 42
22 15
-3 3
11 4
-18 -24
-36 43
48 -1
25 -7
-9 28
38 31
33 20
31 49
-33 -15
4 -44
-20 24
-17 17
-6 21
-29 33
-21 -36
-18 -26
-3 -19
-37 6
13 -37
-38 35
0 -26
37 26
6 -34
-44 7
-32 35
28 48
1 17
10 16
3 35
13 18
8 -28
-7 -10
16 5
32 0
-22 27
-12 -16
44 -49
25 -23
-21 41
6 -30
11 46
35 37
-8 -29
28 28
-30 47
9 16
-45 28
-46 11
30 49
6 -48
9 -27
-41 -33
8 -8
-28 -13
45 -33
-44 49
6 -24
43 18
35 -49
9 -43
40 -46
17 -13
5 42
-35 47
-29 10
-32 30
-5 -42
-20 -43
-16 24
-6 -18
-10 -17
-13 4
-45 8
-32 -48
37 -19
-4 -46
-31 44
-18 49
-29 3
40 -27
-3 -28
20 26
11 18
22 16
40 -6
15 24
28 -2
-13 15
2 7
-45 9
-47 18
-29 35
40 -18
49 -27
-1 -24
-26 -25
11 20
-8 -40
36 0
-44 -23
19 4
42 -39
3 39
-32 -8
17 -8
37 45
-40 36
-44 21
30 7
6 -35
29 22
4 19
-3 -17
44 17
-25 12
12 31
-49 -2
-39 -28
-5 47
6 2
-12 35
21 -5
-48 47
39 -10
-14 -20
48 9
-37 -40
36 44
-22 -10
26 11
7 4
-27 -32
0 36
-32 -20
46 -22
12 36
47 -2
-7 -10
46 43
22 -29
31 26
-38 16
-44 20
-41 -19
11 -37
44 -39
-23 -25
-23 10
35 33
20 -49
35 43
19 -24
28 -32
49 13
35 -40
-7 -44
5 29
44 -2
48 -39
4 -7
0 31
-45 2
-12 -1
-42 3
26 -6
18 44
-48 -26
5 9
34 49
-38 -32
43 -27
23 36
9 33
46 -26
8 -21
34 47
21 -28
-13 25
35 -21
9 1
-44 -19
0 -26
7 -4
36 -42
43 -44
-45 -31
22 10
-2 -34
-4 -26
26 -4
3 -38
33 9
7 -35
-13 31
-42 31
-29 0
-30 18
-29 -5
-25 -48
29 32
29 35
14 -29
-30 0
-41 44
-27 39
-48 6
0 -36
49 -41
16 -7
-8 13
18 -14
29 -13
44 6
-42 26
45 30
47 16
16 30
27 11
-35 31
-19 34
33 -47
2 11
-16 0
42 32
-44 47
23 -29
7 14
-27 7
-16 -34
-14 -12
12 30
20 -28
-47 45
31 -15
38 49
-28 -1
17 -23
21 -15
9 -30
-30 -4
15 -27
9 40
-32 -9
34 -23
31 10
-22 -35
-16 41
-17 -36
11 -49
4 34
-38 -27
-6 -44
-11 48
-28 -6
-30 8
-14 33
32 24
28 -43
-47 -38
-9 -6
23 41
-17 -2
13 -41
42 24
16 10
-31 -18
-35 31
13 -26
44 37
24 -42
-2 -43
-23 -29
-20 -36
-18 34
4 -41
-30 0
-48 -34
27 0
-34 18
-23 33
-7 34
26 -37
-24 39
-23 -17
46 26
-17 19
-17 -40
14 13
-24 -36
-12 -20
-44 25
-15 44
-39 42
-2 -2
-4 -41
46 16
38 -49
20 10
-11 -16
7 5
-24 18
11 -45
24 -7
34 19
28 -41
4 21
-44 -30
-1 -7
-36 -45
30 -5
-37 0
40 -14
33 8
11 43
-48 37
28 28
16 -28
8 -9
1 3
44 -10
-7 -2
-24 -25
32 44
8 46
-6 -1
-46 -40
-36 -36
41 -13
-43 6
-9 -10
-14 9
15 -18
-35 -43
-11 -30
-32 -6
-47 -11
-40 39
-1 18
-38 -45
-38 -7
-34 12
26 47
-8 3
21 -12
40 42
12 35
25 6
-33 -46
-46 34
2 18
-23 8
22 -13
-28 -35
24 12
-23 -18
-17 -18
-26 12
24 35
22 -35
-44 -20
44 -11
-47 -5
-15 25
4 30
17 -27
-23 -45
28 -34
-46 29
-42 12
-26 24
-5 41
45 23
9 -30
38 -9
24 -28
-30 8
-40 -5
-9 3
47 -29
-2 -45
-30 -31
-28 16
44 0
-12 29
-1 48
-13 -7
-30 -37
-47 17
9 0
2 -43
-6 41
3 35
28 11
18 48
-16 -4
10 14
8 12
-18 9
-40 42
36 -12
13 49
-8 8
-25 -10
48 -6
19 -11
43 -27
11 13
6 10
-1 46
-24 5
-8 -30
-21 -44
-48 -30
37 -7
47 8
41 32
-25 20
1 28
0 16
-40 -3
-8 32
-39 14
31 14
-46 -16
0 35
3 15
-36 -27
5 19
-8 -14
-42 -27
-29 29
46 -7
40 31
35 2
-14 35
47 -21
2 9
28 -43
-10 42
-11 34
42 48
33 -16
-24 6
-13 1
-23 19
3 37
46 -1
11 -12
27 -19
-38 41
-25 21
3 28
0 -24
20 -36
37 -23
-9 29
38 10
-8 -8
6 41
-39 43
18 5
-25 8
49 42
36 48
-11 -15
-28 -8
-10 31
-42 18
-29 -15
-34 5
3 16
-29 0
-36 -40
32 -43
-25 -16
-18 43
25 26
19 16
34 20
19 -40
32 -6
-24 -48
38 39
11 -20
30 30
18 0
-23 37
-16 47
18 14
0 -9
8 -40
16 -8
-44 32
-19 5
-21 47
34 28
-39 25
20 2
42 -14
5 3
-49 22
-30 -25
17 -18
-23 -17
42 -14
8 8
35 44
-26 34
0 -35
-48 -39
-42 43
40 -24
25 34
37 -31
-11 -40
0 -36
-2 -24
-32 -40
-6 -36
-49 -29
29 -7
49 39
-1 -5
44 -37
-4 14
-28 -39
43 4
8 -42
26 -2
15 0
10 2
-9 -32
2 30
-28 2
34 9
-40 19
-16 22
29 -18
-3 17
-13 19
43 11
40 -44
25 2
-23 10
16 28
-8 -19
-10 38
41 31
-41 3
29 7
26 18
23 -17
-8 1
23 -33
-49 -34
14 41
-20 24
-46 -28
-41 5
33 13
42 16
-25 -32
-14 26
-49 -20
35 -49
-21 1
9 43
-27 -10
27 -3
-38 -36
-3 -49
27 21
45 -2
-27 33
31 31
18 -14
7 -9
-7 45
-10 41
32 -34
28 -33
-26 25
24 5
15 4
-28 45
35 -6
0 -12
-41 -9
4 4
10 26
-27 15
-44 6
-38 6
-38 11
0 -21
30 29
22 4
39 47
-34 29
30 5
-32 3
34 -18
0 -41
46 36
-33 35
45 -35
-35 10
8 -45
10 -35
-18 -16
33 -18
-44 -34
-7 16
46 6
-35 4
-14 -9
-5 21
0 24
-34 7
38 37
47 1
-33 -2
-6 11
-40 -20
-44 42
-44 37
44 -1
43 25
15 29
14 -26
7 -32
-21 9
-32 48
10 -9
0 -43
9 24
49 -30
31 42
25 2
13 -6
-42 -34
40 -36
-14 -38
47 42
23 38
38 43
-37 16
4 16
-34 -43
-8 38
-48 47
13 -30
-27 16
-41 29
-2 29
31 -8
23 -8
13 -48
-18 -12
40 -21
-36 25
38 -46
42 45
-46 -42
-22 -7
45 -34
48 8
-42 -3
38 14
41 -15
44 -2
-17 -7
20 22
-31 0
36 13
-36 5
-2 3
43 19
-8 2
20 -30
-19 -48
12 -21
-23 45
0 21
-46 36
-7 29
46 -3
26 12
12 -49
37 46
-40 46
-25 -2
22 -10
-14 1
-8 -19
-45 14
43 -16
-45 -9
-40 -38
-25 8
-10 -8
-1 12
-2 47
17 -49
25 15
36 35
23 42
43 -40
10 -1
31 -1
0 22
23 38
45 16
-38 43
-16 -6
41 -33
-12 -20
17 -40
5 -23
35 13
32 -6
38 -8
34 14
-37 -24
-19 -39
34 -42
5 -38
6 44
31 6
-16 -48
30 -12
-44 -49
-7 -25
-8 -49
16 12
38 -43
-30 16
-36 38
45 -39
-20 -13
-8 -29
10 18
20 -21
12 6
-12 17
-6 -23
-46 -18
-27 8
7 33
-14 25
-43 11
46 -45
-29 3
5 26
-21 16
-39 -14
-37 -44
39 -23
-16 -10
23 -3
37 17
-33 23
-40 27
-32 36
-20 26
-47 9
9 1
45 -9
33 31
-26 -7
-19 35
-22 45
18 -29
-6 -22
-3 -45
-38 41
-25 12
-9 -40
27 33
-13 -29
1 -1
21 -31
13 -41
15 -20
5 20
-33 47
0 -4
18 -32
-44 17
-10 24
-15 16
-21 2
5 -10
-2 -34
-46 28
19 -3
47 45
14 -15
-21 5
-10 7
0 43
-33 -18
-3 25
24 -44
38 -10
-37 28
-16 -41
-18 -16
30 -3
25 0
14 -44
0 -11
27 27
-15 -42
39 32
29 2
27 -24
-40 2
-40 -39
-48 18
17 46
-25 -35
46 -10
-32 -38
40 45
-4 6
-44 -13
25 -31
-30 -1
-19 38
27 48
34 28
-31 47
-17 -11
-29 21
-43 -8
-23 2
35 -31
-21 -41
-6 40
47 36
25 23
11 -32
14 -3
27 -35
37 -23
-36 48
-29 2
-49 39
-6 -20
-20 20
6 -12
-3 49
-43 48
0 -13
-28 35
29 8
-35 40
47 -15
-29 -16
11 -33
-10 -1
-14 19
23 36
-29 -5
-33 -19
4 -11
20 -28
-44 4
30 27
25 28
-14 -24
7 16
43 -36
20 -48
-10 25
45 -13
9 15
-7 -42
-16 8
28 -44
14 -2
-32 31
25 -39
43 -24
29 8
-17 -39
29 35
49 34
-33 14
-24 34
-22 -35
47 -15
-22 43
17 19
46 -41
-12 31
34 0
40 7
44 49
10 -42
35 -37
36 -13
-17 -4
-8 -22
15 -47
-40 -13
3 -16
40 47
-35 -36
28 -7
43 -1
-29 -16
-24 -2
28 33
9 -43
32 -44
-11 46
-40 -21
-3 15
-10 -43
-16 19
-38 19
-28 9
-22 -19
-49 -5
43 -2
0 -35
-37 42
39 -43
-26 11
-3 3
6 26
-32 44
6 35
13 47
-1 -44
34 12
-18 -6
19 -43
5 11
-36 0
-13 6
15 -19
-42 42
-2 30
-20 -10
-11 12
-28 48
-8 28
33 -34
13 -38
-35 27
-16 -18
19 33
45 -14
40 20
43 8
-48 -6
-36 -47
17 -10
37 19
-29 31
-41 30
49 20
45 -47
27 2
-25 5
-39 26
8 47
-9 -27
-47 -7
-20 0
32 -21
6 10
27 -9
-40 47
36 -46
-33 30
-15 -20
19 -23
30 -32
-34 38
-26 -17
29 -44
-15 -46
-30 19
26 19
28 41
-9 -35
13 -20
-46 43
-28 -47
-47 4
-13 33
-14 32
7 35
47 -38
3 -16
-4 -39
-38 42
34 30
-45 46
32 -6
-35 32
30 26
-26 19
29 -20
46 -47
-49 15
-20 -5
-21 10
5 -31
-8 22
-16 -46
-16 0
-4 45
22 1
-42 12
41 -11
9 -1
-12 -42
1 -3
-5 -32
-48 -30
41 -35
-23 -40
-28 10
21 -5
-15 33
-29 -20
3 13
45 -24
-43 -3
23 -1
-25 8
42 -40
7 31
26 -8
-35 5
8 -10
-38 48
-30 -34
-27 -48
39 0
23 -16
7 43
35 42
46 46
19 1
-33 -18
-18 8
32 5
-39 -12
5 1
-12 -43
12 -23
-39 -13
14 -29
22 -48
22 -15
-39 10
7 39
-7 -34
38 -43
33 30
42 16
38 22
-9 11
-20 29
-19 -36
28 23
-31 10
27 -39
-38 13
-39 29
28 31
3 -34
-43 -41
-34 29
-44 -16
40 23
33 -34
-30 29
-46 -31
27 -47
44 1
-30 36
-48 -48
32 -27
6 -14
10 24
-48 1
42 2
-46 0
-13 6
-37 16
9 -35
-30 29
0 43
-6 38
-14 0
41 0
42 -23
0 28
0 26
-27 40
-9 49
-4 -45
2 -4
-31 8
25 -29
-3 2
-30 29
-32 20
25 21
44 37
-31 35
-13 0
-16 14
21 -47
7 38
10 20
49 -34
-33 -9
21 -21
24 28
4 7
49 26
-29 -39
-6 -47
13 1
-35 45
-39 -46
16 24
13 -14
39 -42
-1 -26
28 14
30 -21
-7 26
49 8
14 0
44 46
-35 10
-33 -42
-39 -45
28 -33
11 35
-13 -2
-40 29
42 -25
49 -40
34 0
45 32
-44 -29
-32 -15
-19 -41
28 -41
28 12
-38 40
20 5
41 21
-21 30
-43 36
-4 23
34 -29
0 40
8 -49
-33 -21
-27 14
36 40
18 15
0 31
17 -19
-2 8
-11 17
40 15
9 -29
-11 -49
8 9
-21 -31
-27 3
-6 -39
-49 10
24 -34
13 -42
12 -12
3 44
-38 2
-21 36
-34 24
0 32
37 0
3 40
2 -35
-20 -41
6 -41
-36 11
-17 -6
20 45
45 -46
-8 -30
13 4
29 38
-4 -19
-36 -20
-32 -36
48 -26
8 -29
24 6
6 -46
-43 -37
-3 34
27 47
-11 -24
43 -49
14 25
9 -48
41 6
-4 2
28 1
12 -43
18 2
23 41
45 -46
44 19
-26 26
16 34
-1 8
17 11
22 42
4 0
36 41
22 0
-13 -22
-38 2
39 45
18 44
14 -32
-9 12
-33 41
-48 -23
42 37
-45 0
14 34
35 44
43 -33
-30 -35
34 44
43 34
-38 46
46 2
34 -28
5 7
46 46
-30 6
-23 -34
17 12
16 18
40 9
33 19
-16 -43
33 30
15 40
-34 0
-27 -44
-36 -9
42 45
-47 -13
45 -13
40 13
39 -7
-49 -11
-16 12
-17 43
0 -32
-3 44
33 -27
8 16
1 22
-26 49
-49 24
-41 -47
-38 37
-12 36
-11 7
32 -9
-39 12
38 26
-17 -38
-33 13
24 -8
-9 23
28 3
43 29
-48 -10
-48 -1
34 -38
-1 -3
6 -22
43 19
21 17
-47 25
22 34
5 0
-24 3
1 -25
0 -6
-42 -26
0 47
31 35
-31 18
45 22
8 -16
-49 -19
-39 -6
13 27
-40 47
-49 -4
25 28
-19 2
21 37
31 45
-35 -10
37 26
17 13
-38 34
-28 21
-30 4
1 -47
-36 -44
10 20
-24 10
48 -6
32 44
-24 -34
49 -6
-35 34
30 -9
-9 27
32 49
-34 -34
24 -48
-38 10
-45 -9
-46 -41
-48 -9
-7 -11
26 -32
3 32
30 34
14 47
-42 27
-45 -22
-43 -1
-9 -46
-4 3
32 -1
43 -45
6 -9
16 -23
-17 19
7 24
-45 48
28 -37
-29 -46
-2 26
-34 -44
42 -6
-17 30
21 0
49 -17
43 14
39 37
29 0
-44 -35
-42 16
-3 16
38 38
-43 13
-10 -35
7 21
21 -12
12 29
-4 -7
-47 28
-7 0
-18 18
0 -16
-16 -41
-40 0
-21 -20
-19 -44
17 44
27 -45
-11 30
-34 11
-5 -39
-29 23
0 -36
44 30
-29 -4
14 45
13 -24
-39 10
13 37
-16 15
25 -11
36 -9
38 -8
17 -36
12 -26
-14 2
-27 -34
-40 32
-41 40
-39 39
-42 -13
-40 8
-13 42
-25 46
24 22
-45 -23
17 37
0 -47
-3 45
28 -27
35 -33
3 10
-2 40
44 -15
-48 -26
-10 28
-3 -46
0 1
-5 -34
-30 -25
-15 35
-16 22
-42 -18
-41 17
-16 21
-11 -18
0 27
-23 28
32 -45
34 31
-43 -7
17 49
-6 37
11 9
34 -49
-14 9
-24 -9
19 -25
-28 20
36 39
-30 16
-3 -19
3 36
-30 26
-49 28
44 35
-37 36
46 -2
-28 -12
-9 -41
-7 0
39 27
-30 45
-45 24
-31 -33
41 10
-41 -10
10 -24
48 30
-24 49
-27 48
-47 26
-3 -14
5 32
-15 0
6 0
-49 -31
18 17
27 -27
-46 -41
28 31
33 43
-33 -33
-42 38
2 28
-24 26
26 1
0 -20
-28 10
-14 22
-37 -15
-22 18
14 47
-12 -37
18 -40
11 -3
18 37
23 -17
26 -33
-31 -16
1 -28
7 16
35 29
3 26
-34 48
-5 20
-27 -39
-33 -20
-24 -29
37 36
-32 30
31 -38
27 -38
-11 34
12 -39
44 -38
-40 -6
-22 -30
22 25
3 -17
19 5
43 -45
11 -30
6 -19
-12 46
41 39
30 -5
29 -25
31 -5
25 33
1 47
37 -7
23 17
-22 20
47 33
26 1
-35 -20
-45 -43
25 19
47 46
-22 17
-48 43
-10 18
-33 -29
-22 32
13 16
42 -38
-33 6
34 -25
44 0
-30 -7
-17 -38
-27 16
-7 1
48 -48
34 37
-24 39
