-45 39
-23 -29
-25 -18
-41 38
15 39
-8 12
33 29
0 35
-12 40
33 -11
-47 -31
9 16
13 40
-8 -1
-24 -42
48 42
-32 49
35 4
25 29
34 -8
29 21
17 -35
-36 23
19 9
42 -28
-27 21
38 7
-6 21
49 12
38 15
-3 -42
-15 -26
42 27
-45 37
34 -17
0 -41
-21 35
23 -45
16 24
44 39
22 27
48 -16
-17 -35
-24 -19
48 -15
-27 -21
27 4
18 -46
-7 1
-17 -42
36 24
31 -31
38 -20
-43 4
-22 24
-10 -43
-8 -47
-29 -1
9 -1
41 -1
-45 -29
-13 -36
-34 0
-48 -26
34 -38
-5 -42
-15 13
30 -12
18 22
-20 13
32 16
14 -17
11 24
21 23
29 2
-46 -45
26 44
-24 26
-37 21
12 23
-40 36
-30 30
-37 31
0 33
6 11
28 -7
-33 -29
-30 -18
-19 2
3 22
9 14
-22 -5
-47 16
-37 -1
-12 -36
-31 9
34 6
-6 5
18 -44
33 26
-48 19
-1 25
-22 45
-25 33
-14 -3
-5 -46
-30 -44
43 28
-8 34
43 14
1 3
-35 -11
15 36
-11 1
30 -36
41 -44
-37 4
-44 -41
16 15
15 40
-9 -34
48 -11
14 -10
25 -27
35 15
-38 -43
-32 1
-13 36
0 33
-33 1
-10 -46
-10 -27
38 3
-34 2
-36 28
-27 46
42 37
5 -46
-23 11
45 -2
2 -4
0 28
-24 14
47 31
-7 34
9 -34
11 -2
-33 17
17 45
-36 -20
10 -12
-28 -3
5 -41
38 -6
-9 -39
12 20
46 7
11 -45
2 41
1 -24
5 11
-30 -48
-24 12
-14 -41
-44 -4
30 -27
-12 -46
-43 5
17 -38
12 -28
-6 -40
-28 3
0 -12
-40 2
-9 -9
-16 24
-24 8
-1 -25
-16 -38
-2 -38
28 15
4 20
-1 -20
-8 -36
-24 -34
-18 -24
48 -30
-11 -7
38 -2
-7 31
49 -28
-29 -41
10 0
5 -13
47 -18
36 -8
-42 -42
20 21
-5 -35
-13 -38
43 -5
0 -30
-6 -13
-39 -27
-30 -16
43 -34
-8 19
-32 -32
-36 -28
30 -21
0 27
-8 23
-35 -22
-36 -27
-37 36
48 41
-16 27
-28 -46
16 45
40 -49
44 46
48 -11
-15 31
24 -33
22 35
-49 8
30 -49
-3 -3
44 -22
-41 29
46 -42
-45 -23
19 -34
4 -39
-49 -35
0 -39
5 -45
-1 -24
32 38
-26 31
38 -40
6 -37
49 -1
-46 -22
-27 -31
-21 -6
-16 -48
-44 -35
12 32
10 -28
2 1
6 1
41 -38
6 30
-22 1
-11 -32
-34 28
-39 24
-27 37
-25 -42
27 -37
-21 19
-17 -34
-1 -38
-23 -5
19 -46
-1 43
34 -10
-16 -34
9 -33
36 23
-21 -5
32 25
-31 -8
30 4
-47 -25
43 -11
-43 -47
4 49
-21 30
7 7
18 34
-39 19
-7 42
16 -15
-12 3
49 -1
-5 -36
41 45
-9 -7
9 -19
-46 -45
-7 30
38 -10
-10 -43
15 18
42 -12
19 -11
3 37
-14 -11
19 -38
15 -13
-34 -22
-26 -9
-13 25
15 -49
9 -10
37 -15
-21 -5
-11 -35
-4 -17
-47 -44
44 7
-49 -45
-40 46
-10 -2
30 -11
29 40
43 -38
-2 25
0 7
12 -42
31 25
2 6
-30 -1
41 -41
-33 16
-18 -17
7 20
-28 -20
25 21
-34 37
36 -37
28 37
-15 21
-18 40
24 16
17 -18
-10 1
-46 37
49 -13
-35 36
24 21
-3 2
-5 5
14 -14
41 -19
-14 -39
-12 -38
-3 -1
-12 42
-10 38
5 -24
26 -4
45 22
-4 13
-5 -26
43 5
-11 44
-34 -43
-9 38
-47 -40
-15 16
-5 5
35 -49
45 14
26 -11
-30 -1
13 38
34 29
-25 -14
-44 -39
-27 3
-10 4
17 42
32 26
-10 -13
-14 -30
-5 -35
-14 35
-1 2
-5 -1
-39 0
19 36
-6 45
-20 -46
46 9
22 -7
-23 45
-23 9
-25 42
42 -40
2 37
-37 12
26 -15
14 -9
-47 -39
-36 -47
-41 10
-30 -6
30 12
29 -21
39 -25
23 24
-31 7
-1 -24
24 20
-5 19
-10 35
19 -26
16 -24
23 -24
44 8
-6 -29
-40 -10
3 49
47 34
-20 -10
-23 8
10 24
-35 -24
-41 -8
-49 6
12 -37
16 -37
44 21
-10 14
6 -36
31 -24
-2 -41
47 11
-10 -35
28 25
-14 -5
-12 -23
-16 -22
29 -19
-25 -30
-8 18
-49 41
44 27
-27 28
-23 15
-19 27
45 -34
34 -12
-36 49
46 39
-41 -26
12 11
-5 13
35 -11
9 -11
14 -46
17 14
15 29
29 -6
-4 7
-31 18
4 3
-14 10
-1 -39
27 -5
31 7
1 25
18 -34
23 -31
16 -7
-16 12
-39 -43
16 -21
16 -28
-37 20
12 -21
-12 1
0 -32
27 43
-48 13
1 -1
-48 43
-9 -1
-45 23
42 -17
36 7
36 -40
-13 20
16 21
44 -39
27 37
-14 -35
-16 17
12 44
-33 7
-36 40
-37 39
5 9
-48 10
-3 42
17 -13
-22 1
-35 -9
-22 0
23 13
-30 40
-21 43
38 8
-36 -43
-1 43
-18 -20
-14 38
13 19
40 13
48 40
-5 -41
6 26
39 -13
1 11
-46 -19
-6 44
-33 29
-44 20
-30 10
38 34
20 11
25 25
-47 -17
11 -16
46 -2
-46 16
-45 -19
-34 13
10 40
-27 -8
40 0
22 -3
-32 -24
11 -9
-5 -1
-4 2
-9 18
37 -23
-2 21
22 -42
-34 -44
43 16
40 26
-11 0
-38 -47
-34 0
45 24
-34 -41
32 26
-21 -23
8 18
-2 -13
18 -36
-16 30
7 5
0 21
30 -30
20 12
6 -24
-36 -24
-36 -9
41 -27
-27 24
-21 -48
-41 38
40 7
-15 -47
7 46
-2 8
22 -14
-11 29
-6 2
28 -26
-43 19
44 49
-33 -4
34 -1
-45 4
-43 -10
-14 -14
-4 -3
-49 35
-19 -39
38 -30
10 33
-7 -13
-33 10
-23 -9
-11 42
-32 -12
-32 12
-33 26
7 14
6 -39
21 -38
-25 43
3 -30
-40 -14
-11 47
26 -25
-36 22
30 5
9 -18
3 -14
-4 6
6 8
11 5
-35 27
20 19
26 21
-34 -2
10 -16
26 -16
-22 21
-3 -47
29 -44
37 -32
6 44
-24 18
-11 -37
24 -9
-16 45
-36 -1
-43 42
45 0
-31 44
-25 -47
-19 -28
-10 25
-46 49
-19 -30
49 40
-24 4
-10 -35
-15 -14
8 -32
9 -26
13 0
17 -31
15 30
22 -44
39 -44
49 -6
-36 37
29 -32
-13 35
19 -13
-13 -20
-15 -31
40 36
11 10
37 34
26 -15
-12 -8
49 7
7 11
34 2
-44 -36
-24 33
16 -44
41 20
-43 -47
39 -44
6 -41
-27 -24
22 19
18 -18
1 30
10 8
-32 -37
24 47
26 43
2 33
13 4
-2 -8
1 -48
-42 8
-14 -48
-23 -20
44 32
0 33
42 -37
-9 -29
-45 20
-11 33
4 22
23 19
-46 21
0 -20
-3 0
37 -21
18 31
43 -31
19 -39
-30 34
26 -7
-33 -28
16 37
18 -19
-12 -33
47 6
-10 -1
-2 28
46 3
0 7
0 -43
27 10
-19 39
27 -18
35 3
-23 8
19 49
12 -2
-44 -15
-11 20
-42 40
20 27
21 22
46 -38
49 -43
45 37
-19 -29
-35 39
3 37
-49 20
-23 48
13 -31
4 47
-43 -15
-14 -5
7 4
42 -28
-1 -39
2 41
20 15
30 36
42 -5
41 -23
2 18
22 12
37 26
11 -22
24 -46
-24 1
45 -27
-17 13
-46 -29
22 11
-31 -26
-39 49
-48 -49
42 -17
-21 -29
24 11
-41 -15
37 6
5 9
12 -13
-32 -9
-35 -41
42 4
39 -36
39 32
-16 31
-21 2
-7 46
7 -29
7 46
-33 23
45 1
47 -28
-21 -26
-18 -22
-29 3
36 37
-10 -14
30 -14
-44 2
22 -49
47 37
25 39
39 24
-33 28
32 39
17 -2
39 -21
42 41
-1 -41
-43 -13
23 36
-1 48
28 -17
44 -40
48 0
15 32
29 16
-34 47
-22 -23
25 -46
42 7
28 -32
43 22
-38 -47
-5 6
-38 13
17 44
-40 -31
19 17
26 24
-2 38
40 -44
15 3
-47 -4
41 27
23 8
41 32
9 9
-4 27
-27 36
45 -10
-31 -35
-12 35
-40 44
-18 -10
12 -43
5 41
-1 10
-29 -27
4 29
-29 -1
2 -35
2 -45
21 -7
-39 -13
34 15
-18 -34
11 -6
-32 -14
-17 -23
-33 18
33 -24
-9 29
-30 -17
-33 -39
-10 -47
-22 -15
-21 11
-23 22
-49 3
-14 12
-46 34
-21 -39
42 -40
25 -10
3 -25
32 -47
-49 20
-1 -8
30 44
35 6
35 44
47 -30
49 -16
27 -29
-5 -10
-24 -23
-33 24
-25 -31
3 -1
16 29
-48 -41
43 10
8 -36
42 -3
9 -21
-45 22
-26 0
-46 -43
23 11
-2 14
-6 27
-4 -27
-44 -16
11 -9
29 27
-28 -31
2 -29
-11 38
22 37
-31 12
48 29
49 -16
-2 -7
9 29
-29 9
-11 -18
-36 21
-4 9
-22 -7
2 -15
-29 -29
2 -19
-8 17
37 2
-19 -5
46 -33
10 -27
21 -49
-46 -42
35 35
5 -29
-20 -46
-28 20
-34 23
29 48
29 48
46 8
36 -10
-41 40
10 -2
-23 -8
-19 16
-3 15
8 10
-48 14
-45 -6
-14 4
-41 46
27 -36
12 23
27 26
-46 26
18 -42
-26 42
13 1
-21 -15
-32 -5
-45 -41
-6 20
-42 47
6 1
14 29
42 -16
-14 9
6 -49
-41 49
22 -39
-36 39
-7 -33
-28 10
25 7
-12 -44
-44 11
-11 -45
46 -49
39 34
-4 36
34 37
36 31
-23 46
-10 39
-25 -30
30 -37
38 40
42 48
-47 3
39 46
5 16
-7 -48
37 -20
-42 45
-30 -49
-47 13
-25 -42
34 17
21 -30
31 -40
23 -8
-5 49
47 -1
-36 27
37 23
17 -44
-2 4
13 5
-2 8
8 19
-30 26
-24 8
30 -6
11 -4
12 -26
-37 -35
47 2
-30 10
-40 -1
43 18
3 29
7 15
26 18
-5 -45
-46 11
4 -19
43 14
-29 21
-43 37
-16 -48
10 31
0 -1
-37 38
31 -10
-9 -19
-32 24
-32 41
30 -36
-26 -9
31 3
34 -15
-49 -15
-13 -21
7 43
9 37
-43 -13
32 25
-3 -9
-12 -29
13 -5
-27 -12
41 -33
-3 -45
-1 38
-9 -36
-49 36
12 1
47 3
13 11
14 38
22 -23
7 18
-42 -8
7 -25
-3 20
-36 36
39 -48
42 34
35 -9
-45 48
-28 9
35 0
9 -4
13 26
11 -14
-12 -36
-3 -16
-9 15
-31 -4
-14 37
-3 5
32 -10
-45 -1
-5 -40
-26 -31
40 -42
-48 -35
-11 12
41 -43
31 -17
25 14
28 2
24 -35
-42 45
9 35
0 -14
29 -3
-20 -26
44 -21
-30 20
18 0
-10 8
32 -8
8 -7
-17 -38
24 -12
-41 46
9 33
36 -31
22 -40
-22 -39
-15 41
-2 14
11 -32
-28 21
11 -32
14 12
36 -39
31 -31
1 20
-47 27
46 16
4 -10
-38 16
-31 -37
30 -6
26 28
-1 -36
16 44
41 45
25 19
-10 -26
-34 -5
-36 -39
-47 -1
8 21
31 -8
13 5
3 47
-15 6
-38 49
-33 0
12 -27
28 -7
-6 -27
-28 34
39 30
-29 10
1 -31
-32 28
-12 46
-34 -33
4 8
43 -27
18 -9
-13 -6
-20 -6
-14 -1
45 8
6 18
27 -43
3 3
35 14
20 -49
-41 -16
45 -18
42 6
-18 13
16 -18
31 -36
46 -46
48 -35
-42 -11
-40 -37
-15 -48
48 -23
37 9
-23 -28
-8 -19
30 -6
-13 44
18 -28
-19 -16
-47 -41
-28 17
49 29
43 45
9 -7
-31 33
-37 14
44 -26
30 -29
13 22
22 44
31 -22
-32 15
-15 -48
-36 -49
1 5
-17 21
41 0
-37 22
-16 1
-16 -46
24 47
-28 -38
33 -26
-20 13
-6 1
-43 -23
46 -7
-49 -49
-43 -25
-12 -30
35 -33
49 -49
7 -2
-15 17
33 46
-6 -39
-4 1
-4 49
12 -23
-6 0
-30 29
-19 -46
34 -13
47 -16
-2 48
15 -12
-26 -17
-17 -38
26 -16
41 -34
-35 -10
35 31
-48 -23
27 37
-14 -38
-14 0
8 -37
21 4
-28 47
4 -15
-2 -1
5 18
10 -19
-28 -15
14 -3
-23 -40
-21 43
-33 -25
38 -48
26 9
7 9
-47 -18
7 42
-7 40
-1 -26
-5 -44
-18 -17
-8 -5
21 14
-5 -41
-30 17
-32 38
-34 -32
21 4
-28 5
18 -2
25 -21
-29 -49
-28 36
-24 7
47 -24
-4 8
-39 -36
49 -37
-38 -3
-20 28
3 -31
-22 9
-20 35
43 -19
-42 -39
25 38
32 1
11 26
13 2
29 -16
-25 12
-15 -34
21 8
-14 -3
-12 -37
-18 -15
11 41
23 -8
49 28
-46 -30
37 34
20 -44
-38 14
-7 35
-16 -16
30 -23
36 46
-27 -15
29 6
-43 42
8 -39
-7 16
-38 -45
-21 -4
6 -43
35 35
-39 24
2 -41
-8 3
40 27
18 16
27 -29
-23 18
44 14
-33 18
9 -17
-40 -42
-27 -1
5 26
-12 15
36 -2
49 -47
-21 21
6 -23
-12 -19
-14 24
21 -23
27 -20
46 -38
45 -33
-15 47
45 30
0 -14
5 -5
22 -19
23 -40
-34 -29
-28 44
-31 41
24 10
-40 -17
-14 -9
-38 42
7 37
47 26
-28 17
-6 35
14 45
38 -6
-17 -10
-21 -27
-47 -11
-36 23
-47 -49
-26 -19
-34 13
-48 -3
-33 24
3 -14
48 5
-2 42
2 36
-31 -17
26 -25
-20 43
7 -46
23 44
31 -2
-30 -40
10 8
-19 7
30 -4
49 9
-7 -16
-42 -13
-7 9
25 -6
47 38
-21 -1
-1 22
1 16
26 14
-1 0
35 10
-44 -29
41 -26
10 -35
16 -49
20 -17
-41 24
-42 -26
30 2
-13 26
23 -46
-48 -29
18 37
-48 -46
-9 -24
-20 7
2 2
-2 15
-41 -43
41 6
47 14
-25 -47
14 -25
-37 -9
15 44
7 -19
-46 35
-45 -40
31 36
-28 16
31 40
40 32
2 49
-11 7
-47 -16
-44 -41
24 40
47 -46
2 30
-17 -16
-12 19
-47 47
-4 -15
0 25
-34 38
45 -24
-27 -25
43 -14
41 1
-37 33
-17 -8
6 0
7 8
16 -32
33 -29
34 20
43 -31
16 47
-11 -1
-17 -30
-36 36
-22 20
-42 -14
-47 0
-23 -21
-44 -1
-11 35
19 -26
16 48
33 1
-26 9
16 30
17 47
43 38
31 -47
36 9
-46 -9
-15 -2
8 31
-27 37
-30 -2
-20 -5
27 31
6 17
-39 1
-11 -15
-28 -39
7 -35
-10 19
-31 44
-18 -7
17 -28
40 38
24 -24
9 -43
18 15
-44 16
31 -6
39 18
19 30
-5 -8
-3 -5
-3 32
1 -7
24 -41
-17 12
-17 -28
11 17
22 45
45 27
7 42
-2 -40
40 11
25 -34
32 46
13 48
-7 38
5 4
11 -47
-48 13
27 -11
32 -2
10 -5
-30 -12
27 -34
-42 48
-47 -3
28 -20
28 -28
41 21
-2 -6
48 -41
-44 -20
36 -37
-37 8
-49 0
33 46
31 -40
-45 -6
-34 -25
-15 33
31 -13
47 -46
-17 -26
-40 22
12 -17
44 0
5 31
38 27
43 -14
6 19
36 -38
10 -39
4 4
13 35
-24 16
13 -12
26 10
32 15
41 -42
-9 -22
23 -24
-30 38
38 -20
4 -47
0 -11
44 31
12 31
2 -30
-43 33
24 43
-6 21
40 2
34 -6
-8 2
-5 16
-8 6
46 47
36 -5
36 44
1 -19
9 34
0 36
5 -12
-17 -48
-35 24
10 46
-42 15
37 -36
-45 28
-14 40
49 -19
-38 38
-5 10
-3 -12
27 1
-30 27
45 3
9 17
37 -7
42 -11
-3 43
-43 -39
14 9
-7 -43
-3 -36
5 -37
-30 32
-15 -19
-1 12
20 5
-5 -1
-35 -47
7 -1
40 20
31 -45
-1 -47
-49 -32
12 -11
-4 0
-3 -17
0 -39
-42 49
45 31
-4 -31
16 27
-32 -30
24 9
18 34
11 -31
39 46
39 20
29 10
27 46
15 43
34 -12
-37 3
-15 -9
-31 -20
-23 -34
-19 38
-35 -24
-34 24
-24 25
10 -17
1 -44
-2 -25
-9 -7
34 -31
17 -17
42 3
-10 26
-36 3
24 38
17 16
-10 34
0 28
-35 -32
32 -49
-23 -44
-24 -40
-19 -25
45 3
-30 -35
21 26
24 35
-15 -13
12 -6
4 -12
47 45
-6 13
-19 47
34 -3
35 -30
9 1
43 -32
32 37
-18 4
-25 25
20 -6
11 -37
4 -45
47 49
23 -12
5 -6
-42 -33
-23 49
-25 -49
-44 -27
-12 1
24 -27
30 46
35 -18
43 25
-20 17
-26 -17
-22 -48
34 32
-21 19
25 46
24 35
-14 -39
42 -18
15 -13
25 29
-38 -47
-19 -15
-3 -26
-46 47
31 -44
27 -35
-6 2
2 -9
3 -10
16 40
35 0
-5 -28
-37 4
-2 31
-13 -36
21 -15
-21 23
-30 -1
3 41
-22 17
-32 35
-46 3
-37 28
-34 -31
34 -24
-35 -46
38 35
-7 -4
18 24
36 -7
42 -36
-22 16
19 -2
8 -41
35 -16
42 -49
-6 21
-21 -9
-23 5
-48 45
21 6
-6 -8
-21 0
27 -49
3 -35
18 -38
-21 -30
-37 20
35 33
3 48
45 35
-13 -37
-40 14
-44 1
-23 42
-14 -32
2 14
-30 15
-38 12
-39 -23
44 -30
-19 -3
19 18
-28 -24
-26 -15
39 -12
26 19
26 31
32 6
35 46
-1 22
-7 0
48 31
-2 -43
-9 25
41 -26
8 0
-38 -2
31 -24
-45 48
33 39
-9 40
6 -45
-37 25
34 -40
-35 20
-48 45
-17 -13
-18 -4
4 -4
23 -19
-22 -7
11 -35
-30 16
-35 42
-39 10
46 -7
-43 -43
-31 -16
7 -38
2 1
2 -34
17 -4
-40 40
19 -17
33 -33
-42 16
24 -44
36 -8
-47 -9
18 -19
8 -10
-16 37
33 33
0 42
38 -22
-22 49
-35 -24
-18 26
-41 49
42 -41
-26 -20
34 -15
2 -3
-16 6
11 -3
25 -32
-11 44
-18 -14
-8 8
-42 38
-20 42
13 -32
-3 6
-16 -17
4 14
-13 -36
8 -25
-21 0
37 27
42 47
32 33
-25 -27
-19 -40
1 8
-4 -31
-29 -42
0 -16
14 30
-38 29
-9 33
-4 10
-43 20
-6 -3
-49 4
25 30
-2 6
39 35
40 -40
4 -31
9 7
39 -9
-46 4
45 43
-4 33
-34 -3
5 44
14 -31
-23 -43
-47 -3
33 -22
26 -26
44 -15
-19 -3
-41 15
-9 6
-23 6
11 5
-40 -43
-7 -46
-28 9
0 35
-8 -36
-35 -7
-48 -28
7 -42
40 43
-22 -44
42 -14
28 33
6 5
-21 -23
13 -28
-20 -12
44 49
27 43
-35 -16
4 -27
20 39
26 -11
-36 8
26 47
47 26
37 -29
-12 22
20 -32
22 43
36 -45
28 -48
5 -33
-30 -12
45 -28
45 43
-25 -24
-44 -42
44 29
-14 -34
0 -7
-47 19
49 1
11 -38
8 29
44 5
13 6
-1 49
-15 -32
15 -23
-13 -26
-10 45
-32 21
-49 10
39 39
29 23
44 -15
-43 -19
35 34
8 -23
44 -4
-25 47
8 42
-17 16
5 -23
31 -16
-17 46
-32 31
-46 -1
-22 -15
38 5
9 6
18 -2
-24 -45
8 3
-21 42
-16 42
-34 -34
-32 -16
49 -34
41 23
8 19
39 -47
-44 -13
-16 19
-22 -22
36 9
35 -44
-15 48
-27 22
17 -44
6 45
22 30
42 -32
8 -33
30 21
-40 3
-31 49
39 46
-29 4
-14 -30
40 37
-15 -5
32 42
-22 -31
12 -32
10 41
-43 17
47 12
34 -15
-34 -40
3 -17
-37 9
-7 27
-30 33
31 -1
-22 -25
4 28
-4 46
-19 -5
8 4
-48 -21
28 38
1 2
22 -37
45 -13
-37 18
-4 21
49 0
-38 -45
-22 42
49 16
20 -1
-17 21
-20 4
-14 -44
-13 47
38 -35
17 -15
-33 41
-5 39
38 47
12 -47
13 -3
5 -16
29 -38
46 38
34 -5
-20 -35
19 9
5 0
-29 -38
-27 -19
-45 7
-24 48
6 -13
23 -35
-44 14
37 27
0 0
12 39
18 20
3 46
34 32
23 -6
-38 45
-14 15
-7 -47
-44 -40
-31 27
13 25
2 34
41 28
-49 15
16 -12
12 23
-12 48
38 -20
41 6
-3 -7
43 -18
-35 12
-15 -33
-13 -2
48 9
19 -12
48 48
-12 -7
31 28
-37 -15
-42 1
29 -43
47 -36
34 17
-20 -45
-48 23
-6 -9
19 10
-47 18
32 -44
19 -44
26 6
20 30
-3 -34
37 23
-4 15
-3 38
-19 -3
-2 -6
-42 32
38 26
29 12
-37 -30
2 -28
-8 19
46 -47
36 -29
21 11
30 36
34 -35
-4 13
41 40
18 -34
0 0
40 18
-39 48
44 -13
-9 -44
-28 0
-47 3
32 -39
1 -8
46 -48
7 8
12 -29
-15 47
-13 -46
15 32
3 -30
10 46
17 31
17 -49
-42 -17
-9 -37
-14 -34
-24 -49
47 -37
-29 -20
-22 26
40 -22
16 -6
23 -19
23 -20
20 31
2 6
22 36
-28 -2
-29 44
25 24
-33 -22
-35 46
-29 -12
-10 -16
-12 -15
-40 -29
41 -7
31 -33
-24 24
-45 -27
36 -1
31 -27
-27 3
33 43
1 37
-37 -7
47 31
29 40
-20 31
45 -40
49 20
-23 -31
27 -25
24 18
-17 48
-2 32
39 -4
-3 7
-31 -37
36 -22
24 -48
-45 -40
-8 15
-42 8
-31 -11
25 -38
27 46
45 -17
-33 -44
5 32
8 -34
-7 -3
33 -15
37 10
-19 -21
-46 17
11 -43
-16 -48
47 -20
0 41
24 9
-30 -18
11 3
11 -43
-32 -21
18 -29
-41 -4
-11 -38
23 -42
5 -5
36 -43
-39 -34
34 25
-13 23
37 -39
26 -40
-12 -8
-14 46
-22 -33
-22 43
-15 22
-39 9
28 -47
47 48
-3 -10
-44 -43
-41 -38
23 -11
36 25
27 -31
-23 28
0 28
0 -18
8 46
-18 26
-48 -45
-49 42
18 10
-18 -43
-24 -19
43 15
-29 -24
16 -36
13 36
29 19
9 38
0 -36
-38 8
-15 26
-18 5
-24 0
25 38
36 43
39 11
43 -28
-19 -4
-6 33
10 35
5 4
41 -20
13 5
-4 9
30 -46
-44 20
44 34
-27 -42
-47 -47
-27 -21
31 -18
17 41
31 -32
-44 -26
-17 32
-18 -22
-44 -7
24 -27
23 -25
-33 -48
-34 19
-27 41
-5 -36
1 -36
11 -36
-24 22
-41 -22
14 -35
-3 5
-18 -5
40 46
36 -34
-40 19
-27 43
0 -7
0 38
-18 -30
20 28
7 39
8 44
-49 -1
-26 31
0 -29
-2 47
4 -46
-36 25
5 28
-6 -9
26 3
0 7
-18 11
-32 -24
-22 -35
13 -40
-3 -2
31 43
-13 22
42 -42
-42 -15
6 47
27 21
-16 24
-35 -42
-10 -6
-34 -37
-31 2
31 4
-24 -44
35 27
-1 5
14 43
18 7
-4 26
-9 46
40 30
45 35
-24 22
-13 -26
18 -33
45 9
-12 0
40 -39
-20 22
5 34
2 -38
-6 23
-18 46
-35 3
-15 -16
-12 -41
-32 20
-2 31
39 -35
-17 35
-30 -9
-32 44
39 29
-22 -10
-6 -21
2 40
7 2
-40 -20
37 -45
-30 -49
-23 32
13 26
5 21
-33 -23
-32 -45
-19 39
37 49
-29 -28
-44 17
48 -12
-23 -40
-26 0
-5 -6
-6 -9
17 33
21 -16
34 -17
33 28
22 22
46 21
-35 45
47 -15
0 48
21 -45
37 45
-33 -14
-14 -44
16 -8
-16 -16
49 -3
-43 36
12 32
4 41
0 -12
-24 31
5 45
14 -9
-14 -24
-44 6
16 -2
-36 14
-46 9
-21 24
-22 30
-41 -46
-18 -43
13 -14
-34 40
-21 -23
-21 2
16 0
8 -2
30 34
40 -21
12 9
-26 14
15 -46
29 -33
-15 -27
23 -32
-18 -34
12 -35
25 -1
0 -3
-9 -8
-5 -4
27 -31
-45 -37
28 24
37 3
5 -14
-41 32
33 -33
23 -37
0 -35
-45 19
22 35
28 -2
-14 18
15 -5
33 36
14 -11
-25 32
44 -45
25 48
30 12
34 12
30 11
0 4
10 39
12 -44
20 25
26 38
1 -13
39 -13
-1 20
2 32
41 8
-2 48
-26 32
-35 -4
-10 -47
28 42
16 -9
37 -47
-21 35
37 -45
-12 25
-3 26
26 9
21 29
-37 -37
-39 34
42 6
12 48
44 43
-37 44
7 11
35 -46
3 -33
48 -47
13 -18
1 6
5 -35
6 -19
-2 10
0 -27
3 49
34 7
0 16
-49 -9
7 -12
-13 -24
26 3
36 31
-31 -12
-35 46
11 8
26 -1
21 21
40 -9
0 47
-47 -12
-12 6
29 36
-14 28
8 26
33 11
48 8
1 -26
-13 -28
18 -21
24 41
20 -12
-40 -2
-1 -35
46 47
24 -38
-23 46
-40 43
-26 -48
-38 -13
41 2
-2 24
33 -37
-23 29
-20 0
-30 -11
-14 9
-1 -3
13 8
-22 31
31 -29
21 -29
9 24
-23 -34
-16 -8
7 21
-36 -21
-1 41
45 46
-4 4
33 39
36 -36
-49 -2
6 3
37 -41
-48 30
-33 -40
-38 -10
-18 5
-28 11
-39 -21
-34 -3
-14 -24
-1 48
-16 -30
31 34
11 -25
-36 45
22 -20
17 -13
16 5
-29 -28
28 -32
32 -23
-4 27
33 6
5 25
25 -13
-28 46
-7 -4
38 -22
43 -33
-43 -40
-34 -5
-14 17
-43 -30
-9 -29
-29 24
-45 0
-38 3
25 45
21 -42
-37 -29
13 -20
20 -26
-4 12
20 16
-40 -6
-43 49
2 38
9 -38
-36 -15
-1 2
23 -8
36 38
-44 48
48 24
-2 -44
-14 27
28 0
-20 -11
-39 -47
3 19
-18 9
36 47
-21 43
-18 -37
-19 -37
49 -45
23 17
25 -3
-30 17
-9 -48
-14 18
32 -28
-14 -35
-28 21
18 -41
1 18
21 -4
-28 -13
-40 15
-40 19
-36 47
22 0
-17 14
-26 -14
7 -9
8 -20
-40 44
-18 42
-6 -45
