3 -42
25 -3
-25 3
-19 2
-13 34
-5 11
-28 34
-23 -6
-44 37
-40 23
26 -23
-42 -38
0 -31
4 -26
-24 -41
-14 -20
-10 -49
15 -7
10 -31
-15 5
-20 -45
-17 -35
6 41
-3 8
-27 48
-13 -44
45 -17
-5 8
5 17
-47 46
46 27
-45 44
22 32
-21 34
-39 -3
-2 -19
44 -22
-28 -13
-24 2
-35 7
-42 -35
-47 -46
26 9
-39 7
-20 -15
3 -12
30 -46
22 -14
-26 -9
-14 17
-18 -23
-45 -9
9 -4
31 -21
-29 32
-42 -28
17 34
1 -10
15 -35
44 46
-46 38
-37 35
30 -30
19 -15
-8 -2
13 5
48 -12
-47 15
14 21
-19 -34
-9 -8
-16 30
43 28
42 -4
-47 -35
49 29
-38 20
-19 12
21 -14
-3 36
-5 8
42 42
-16 -38
34 -16
-31 20
-38 39
-46 -22
42 27
-45 -5
2 41
-47 -45
36 -28
-35 32
-8 26
17 43
-49 -20
-28 -17
-36 1
1 -28
-1 25
48 -39
38 37
17 44
16 8
-31 37
2 42
23 -37
-3 17
6 -47
-30 15
-36 -4
-25 44
18 28
29 45
-13 41
27 -36
6 -7
16 38
41 46
-21 33
0 37
-36 -14
0 -31
41 -9
-13 -21
14 4
-47 13
34 30
-4 -22
13 22
-10 -13
43 11
14 49
-6 -16
-32 7
36 17
-24 -22
35 -16
6 9
28 -43
-37 -11
-37 -10
-29 20
-32 8
13 -21
2 -16
-48 -28
-4 13
26 -22
28 26
17 10
-9 -9
-11 1
47 -43
36 4
-3 25
-20 33
20 -48
-35 41
8 43
35 20
16 19
-47 0
-40 -2
-32 -11
41 8
32 21
22 -5
-37 5
-7 37
-24 -3
43 -35
23 -45
25 -10
31 -7
43 -47
18 -20
42 33
-12 31
-24 -40
47 34
32 -46
21 27
13 -13
46 39
23 -3
28 38
14 -49
-8 18
31 -17
37 -23
-19 -26
-34 -10
10 30
-36 8
0 -27
5 16
35 -7
45 10
-24 -12
43 44
-11 1
-15 -17
25 33
0 -11
17 -23
-35 24
-49 -29
10 39
-26 33
23 24
-6 14
-31 6
-18 11
21 36
16 37
48 11
-19 -6
4 12
3 35
13 10
19 -9
-27 43
36 -40
27 -6
32 27
-1 14
18 30
45 2
6 23
-48 -24
30 -9
22 -33
16 -9
29 -10
-40 -29
-12 29
-1 -41
-5 2
23 -38
-34 39
-26 22
-25 -38
-19 12
38 8
-35 -29
-20 46
9 25
-11 -22
43 19
18 26
-20 -12
-45 33
16 -16
-46 37
-32 -26
0 -40
35 -49
0 33
-20 10
-15 33
-19 42
-31 -17
-20 -13
-48 -10
-35 -29
12 -9
46 41
21 11
-46 28
6 -22
5 -25
27 27
0 -20
2 -49
-9 -40
17 23
19 26
11 27
-34 43
44 -15
-8 -24
15 25
-15 -11
0 -49
36 25
12 10
-26 -49
-38 29
4 -44
42 -30
-23 40
-38 8
-12 -18
-44 -46
-20 -13
0 -35
27 10
11 2
24 5
-45 47
3 8
22 -46
-38 46
-24 10
-7 -32
-15 -5
12 -37
43 -11
49 34
-39 3
32 33
42 -39
-31 28
-3 -6
1 36
-18 -48
-13 -20
-1 -33
-12 40
-45 45
-30 46
-1 16
49 -28
32 26
-16 5
-22 -40
-27 -26
17 -32
30 12
43 -24
-25 -39
13 27
21 -12
-41 -20
-3 46
-16 39
0 -27
-19 -24
-11 -20
1 -13
42 -46
-43 38
-49 26
26 2
4 -46
-14 46
-32 -12
42 46
-15 45
40 48
-12 40
-46 43
22 24
3 44
-3 25
24 -21
-36 -48
-28 8
2 36
4 -11
36 -41
29 -16
44 -19
-27 2
48 -38
-2 39
-34 11
-7 5
-9 42
-6 46
28 -44
-15 39
-20 -14
-16 31
-32 -16
16 -32
27 -23
-7 14
-4 -2
0 -46
-26 2
12 30
13 38
29 40
35 22
23 -12
-8 31
12 36
-23 -26
11 35
24 19
-25 27
-34 -48
-37 16
-37 -38
10 -18
10 -21
46 44
-5 -9
-28 27
-34 30
41 23
24 -36
-40 -6
-42 18
46 3
-46 37
-16 -34
-20 8
-17 42
-18 -42
13 -8
39 -49
0 6
-20 -46
17 30
-27 48
18 42
2 -32
-22 46
43 -22
-25 -3
26 -44
16 -24
13 -48
-31 -30
-49 -46
-14 17
30 -27
10 21
-5 -16
-13 44
-19 35
19 -22
-29 46
38 16
-1 -36
37 -8
17 33
6 48
33 -4
39 -26
26 41
-47 -29
25 46
-33 -15
-2 -21
-20 -31
6 24
7 49
1 0
-27 17
-29 -34
7 -43
43 10
-32 15
-41 19
-19 31
42 10
-7 -1
49 11
-46 6
-23 -17
-37 3
-43 38
-35 20
-25 -44
35 -18
-29 -2
-2 37
24 -31
43 0
9 49
31 43
-48 40
-42 -19
46 -49
18 -25
-18 15
-27 -30
36 29
38 -9
-16 26
-5 12
-35 -26
-10 -19
-27 22
-25 5
-11 -42
-4 -18
-2 24
33 40
37 31
-35 30
-32 14
-47 -44
-2 49
23 0
-28 -5
41 -36
0 4
-12 -23
5 32
-4 24
-13 -4
-23 -32
9 8
8 -13
6 -36
-30 -21
-26 22
11 -10
0 38
49 -22
-16 15
40 39
-47 17
0 25
-13 44
-42 -27
6 48
42 -27
18 -31
-18 -22
10 -17
25 15
25 -22
2 38
6 44
16 -10
48 -43
-17 25
-7 12
47 33
-18 49
-27 45
21 11
9 36
5 0
-11 12
12 -34
8 -14
-45 49
37 24
-6 -36
35 40
-11 46
-17 41
-8 27
-13 29
-46 -20
-17 5
-48 -1
-47 26
-34 38
49 49
46 -35
-26 -37
-43 -15
14 -24
-1 6
6 -24
49 -33
-10 13
37 40
-29 8
-28 16
-42 -12
-34 -33
45 3
8 8
-48 38
-5 -36
-35 -44
-41 -16
-18 -5
-18 -6
15 22
-43 -48
27 -13
-12 -7
24 1
-49 30
17 38
13 -24
18 26
-28 -9
49 -4
1 -28
-31 40
28 3
15 -40
19 -33
-40 -47
-2 24
-39 42
36 33
-41 -32
12 46
-24 -29
-23 -36
48 -24
-30 14
-11 -13
12 25
-28 16
-7 -16
31 40
19 35
-4 -32
29 -46
-17 -39
14 0
-12 14
-22 31
8 48
48 -48
-34 1
-40 -15
-36 45
25 30
-40 -17
-9 -2
19 49
-39 43
14 12
8 38
31 -9
10 5
-3 38
-26 7
-44 0
37 -23
-6 1
37 19
-10 14
-17 21
32 -49
48 26
-1 9
-37 -42
38 10
-49 10
26 -43
20 -26
11 -4
-23 -6
35 44
-4 41
11 20
-43 25
8 8
-24 43
48 -30
-18 -35
0 -45
-27 -14
45 31
7 -26
36 -12
19 -22
13 -5
-27 -34
-3 -41
-29 -3
35 -29
-28 -11
12 4
-15 -31
-9 -14
19 43
-22 48
-13 23
22 -29
-20 -46
-32 -34
-45 19
-39 14
44 45
-15 -45
-11 45
36 -15
8 -1
0 -38
34 26
-42 24
-45 -18
43 30
-16 12
32 -32
42 -11
-23 6
-25 24
48 49
-10 19
38 -5
-47 -29
-27 -7
-39 -10
47 -45
-18 -32
-12 -10
19 -36
21 -7
0 39
16 39
7 28
14 -35
-27 -35
-9 -23
-49 -29
11 20
-23 -10
-49 15
0 15
18 45
23 49
-6 3
-14 40
30 -32
13 -48
19 45
2 -24
-14 -45
-41 9
19 48
-15 48
18 15
32 36
12 -3
35 39
-16 -30
33 44
35 -44
-9 -45
-2 -40
-36 -6
36 -27
-24 36
40 11
-40 -5
20 12
49 -47
6 -12
36 -35
-49 45
-32 -44
-23 -46
20 -19
13 -13
-9 -7
-12 -18
-10 -17
-11 49
30 4
-8 -36
37 25
-15 -44
14 49
46 -23
44 -26
38 17
-10 36
-28 -48
15 -6
-19 -4
29 -38
-39 35
0 -6
17 -18
-16 -27
49 36
41 -3
-9 -31
0 11
-39 -8
-10 -32
-4 9
9 0
-16 17
-24 22
-8 -33
44 -12
-39 3
-38 -22
17 13
42 -40
-10 -20
-22 39
9 46
42 -22
-36 -30
26 34
-25 -11
-11 6
-5 -11
29 13
-34 29
-7 46
15 -30
15 7
-24 20
15 -28
40 24
4 0
33 -2
-20 46
32 -43
17 44
-31 36
13 -20
9 5
24 -42
-17 39
-5 12
-22 -28
19 39
-47 13
40 -18
0 -45
-39 30
33 -1
-37 -13
9 19
31 -10
-48 30
-10 44
28 48
23 -48
-1 -20
18 33
-20 -36
12 8
-24 -17
45 41
-26 14
5 17
37 -49
-2 -22
12 -21
-23 27
38 37
-38 9
-47 7
5 -16
-10 -3
-26 35
16 21
7 44
-32 -45
27 9
39 35
0 28
35 -18
6 -28
-10 -31
49 -30
-28 42
-43 -49
9 -31
6 43
19 -45
41 45
-44 -40
5 13
-5 -14
-39 11
37 -11
-6 -15
11 -36
15 -15
-12 19
15 -22
31 -1
-48 35
6 29
-24 -42
30 16
19 45
-31 -21
39 -16
35 -34
25 19
-16 -40
-44 -40
-2 -49
-33 6
42 -30
15 0
-24 -4
-27 -28
3 43
-38 -47
-36 47
5 45
-9 35
36 20
-10 -36
-28 -34
10 -43
19 1
-45 -46
-42 46
8 -2
-10 24
-4 -30
10 -29
20 -19
23 36
-1 -48
-9 -9
4 43
14 0
-9 -14
-8 -32
32 37
-47 -17
-25 31
5 -12
-1 -20
32 -48
7 18
-37 45
-36 19
-34 13
26 20
-14 -20
45 -8
-8 -46
-36 -39
32 -9
33 -43
-43 -28
15 7
31 -14
-44 -23
-24 7
-38 -42
9 35
-27 -35
-7 15
34 21
-24 23
40 -10
33 33
-7 -41
28 26
-19 49
-9 31
-46 16
-22 -27
-48 43
-17 -31
-19 -8
1 40
2 -16
0 -31
32 -1
-6 14
-41 42
15 2
27 18
-46 7
-33 34
14 43
-35 -30
39 5
4 -39
-11 15
15 14
-17 2
26 -25
-15 -28
-11 5
18 35
3 46
15 -43
-2 20
6 31
-25 36
-33 -44
26 -48
37 21
25 -7
43 18
41 35
33 -8
-42 -45
-27 11
-1 -40
3 -20
13 10
29 -38
-29 -33
17 23
-36 44
-45 -46
-45 35
-2 32
-10 -22
-2 31
-40 27
40 32
6 -23
-14 0
-16 26
25 3
-1 -1
10 20
18 -5
-23 16
-13 -14
-16 -39
-49 28
-35 36
32 29
3 30
38 3
-12 46
-47 -29
25 29
0 24
-38 6
0 10
41 -29
23 15
-4 -38
29 32
3 -38
-11 40
46 -43
-28 -23
42 -35
-22 14
-17 19
-45 6
-21 -38
-12 -49
-11 26
-28 -31
17 -7
-6 -23
-16 -42
-23 26
-25 48
15 -23
-30 4
48 18
-19 35
-13 -26
-6 3
-32 -14
-42 38
35 46
5 -28
-13 45
-30 -41
21 45
-38 8
-5 32
-27 -3
-14 -45
-27 -28
2 14
45 0
3 7
20 27
2 -42
-43 16
-25 -29
-8 -31
-24 10
0 -3
-48 27
-13 10
-43 17
7 -40
10 -49
16 37
-31 -16
32 5
29 32
-5 -47
0 -44
37 27
-5 6
-24 37
-18 -3
-49 -18
-22 -2
12 -47
-27 -47
-27 -5
44 -33
21 14
-7 48
30 35
-13 -49
-12 32
33 -29
40 -32
-10 -2
36 -3
40 2
-2 -46
-25 -34
-30 -44
-40 39
12 10
-12 23
35 9
-18 -11
-22 -2
10 -24
-33 15
35 30
18 0
21 -1
32 -11
-3 10
-39 -38
39 -36
-24 24
28 -33
26 40
13 -19
13 10
-26 26
37 20
-45 -16
-45 -37
-49 26
-4 1
16 -42
-49 25
31 35
49 25
-30 -43
-38 35
1 -15
-13 38
28 -23
38 3
31 36
7 -9
33 -11
31 -9
10 44
-45 13
-18 23
-23 -24
20 -6
27 32
-40 -21
32 39
47 8
-11 5
-49 2
-43 8
-34 -23
39 0
-19 39
48 42
38 36
44 31
44 -25
5 -45
20 3
3 -48
27 1
48 -3
-49 47
19 37
11 -10
37 45
-19 -46
2 28
34 45
-24 -15
-23 7
16 17
25 -23
-42 -42
-24 0
48 -24
-38 11
29 33
-3 -42
-41 -5
-7 32
-32 22
43 0
-44 -49
-49 28
-32 26
34 31
-15 31
29 -36
33 9
49 -6
34 -9
-6 30
-8 27
-10 16
0 3
-25 30
-43 49
-18 -13
-49 -39
39 -6
-38 -37
-29 -6
7 -2
-40 42
-8 39
-11 26
3 -37
2 -49
-3 10
-8 30
-4 -20
20 -43
-17 -23
1 -42
-32 28
25 33
-5 46
-10 -46
3 -16
-34 25
42 -16
-2 -19
-42 -37
31 -5
41 3
-14 -38
36 -27
-19 49
48 -41
37 -13
-41 -19
35 48
46 -17
-25 35
-21 16
4 -16
-18 12
-45 -4
-26 -2
43 2
-41 -23
-35 -22
38 43
23 35
-23 41
18 -35
36 2
9 0
12 49
34 45
-6 14
43 30
31 -21
42 13
46 -12
-11 49
-46 26
48 30
-25 -39
-11 -33
13 -20
-30 5
-29 -30
36 -18
-4 39
-14 11
43 -49
-33 27
25 -3
4 -47
-44 -47
9 -23
-43 -13
24 -36
16 22
-32 -5
-24 -25
25 -19
18 0
15 23
25 36
48 45
-29 37
24 14
3 42
32 5
-49 29
-39 -44
6 -39
6 33
8 6
10 -38
8 33
-16 -18
-18 33
44 12
1 4
-18 37
-3 36
0 -35
38 -18
-31 -43
-25 15
-41 -23
-41 -21
29 -33
-34 43
-43 18
-24 -35
-31 -2
-20 41
28 43
-34 8
23 -29
-14 -6
0 -33
-13 16
46 29
3 32
-41 -39
13 -19
-38 35
-3 11
-13 -31
-29 -14
33 33
-44 48
20 -2
-5 -37
-17 -41
25 3
-26 31
-35 -33
42 -35
6 23
47 -5
-22 20
46 -35
48 -35
3 36
-44 -32
-23 34
8 -8
-24 34
17 -1
27 14
42 -8
-42 21
46 -32
-36 5
45 -35
-24 -5
40 5
-36 -48
-18 -22
40 -38
25 -5
-11 -48
40 -2
45 23
-36 -39
21 38
29 24
37 7
-6 -1
-46 29
-13 8
-3 -4
-13 46
21 27
-34 20
-10 17
-5 -47
25 22
40 -11
-14 -8
27 22
-27 33
12 47
48 49
1 34
26 -10
39 -44
-49 -40
22 44
-29 30
1 -45
-44 -49
8 46
0 -16
-17 10
-9 -3
-32 39
7 48
31 46
-12 1
-22 18
25 -13
28 36
-45 15
35 -2
42 8
-28 -42
36 -43
-14 36
6 1
-38 -9
-40 28
22 12
-20 39
-47 29
-43 45
39 -33
6 -33
-20 40
32 19
-23 34
15 48
7 -28
32 -32
-23 1
-36 31
41 9
-20 32
-44 -16
-9 -36
0 38
30 44
42 -4
45 43
39 47
-36 45
-35 -33
4 29
-7 -23
-31 -28
-45 29
-12 5
35 15
35 -38
24 -41
44 -10
16 -9
-46 23
31 -33
-28 43
14 1
-47 -7
19 -19
-26 0
-21 -13
-42 -41
26 30
-13 38
9 44
-47 48
-23 -49
27 45
-45 29
-48 -22
11 -28
27 -23
37 -3
30 25
20 34
-22 -18
39 -25
-23 -13
-27 -26
-17 -40
10 -18
-48 5
-33 -48
3 -22
-23 18
-22 2
-47 27
-49 34
-41 1
-20 37
-15 -1
26 -8
38 20
-29 -24
7 -45
-44 -21
22 36
38 -49
0 23
49 41
-5 47
-22 48
12 3
-18 12
-37 -6
-16 35
-25 10
-28 4
26 -16
-12 26
-28 -17
14 -36
40 48
15 -41
7 22
0 21
31 -30
-12 1
-10 -24
0 -45
8 32
-3 -47
31 -44
27 24
-31 2
26 -34
40 -8
-2 -48
-21 18
14 30
30 42
27 -33
3 -37
44 -6
-2 -2
-24 26
-2 47
45 -15
33 -22
1 -13
-14 13
26 10
-35 -16
-15 -14
-2 -42
-35 0
48 -15
45 -40
29 12
36 26
-35 9
-35 10
-39 -46
-44 -44
-28 7
-31 -8
29 5
-35 -36
31 -9
49 -31
-45 -26
-27 49
20 -48
34 2
-30 27
-37 35
-40 -42
2 29
-20 0
-4 0
-39 27
-47 49
-20 -11
-12 33
-44 -40
31 -46
-11 -29
38 -27
-49 -30
-7 37
-20 -31
32 -36
44 45
-48 -8
23 28
-46 -17
-27 45
46 -33
-32 -7
-29 -21
-12 -25
24 47
17 -21
-11 34
-10 33
14 -18
1 15
-19 -28
45 17
46 -39
18 -26
36 25
-12 6
46 41
21 -8
-7 -30
-43 -13
5 46
-27 12
39 -17
45 -26
-6 -2
-31 -49
8 -31
-40 -49
-10 -42
35 -28
-8 -23
-17 28
23 -4
39 -47
45 -11
31 -16
-26 0
45 43
-16 -35
37 -44
47 -19
42 -33
-45 -35
-26 -10
48 -24
11 8
-42 -1
30 -48
7 26
-12 6
-38 48
7 -24
26 -16
-26 12
0 -18
-44 -4
-28 -26
-25 5
-16 -42
19 -9
-3 32
-17 -15
39 -23
41 30
1 -15
21 45
-30 30
20 10
-47 21
38 -48
-7 -37
-38 8
15 10
-12 19
9 32
47 1
-30 37
-42 3
5 -44
8 34
25 -23
35 -48
-24 -41
-15 12
-45 11
-2 43
48 -37
6 -23
-17 -22
-12 -45
31 -2
27 -37
45 -6
6 -3
9 7
-1 -18
-21 -6
30 38
-32 -10
-42 46
-9 -11
36 0
28 -11
-27 45
-35 8
-1 -38
8 38
-26 34
-40 11
-24 -44
43 11
-45 -1
27 -38
16 28
45 31
23 3
-48 3
47 -36
-25 48
45 42
-17 -6
20 32
45 -1
-3 46
30 -37
29 8
10 -26
27 1
21 23
32 49
-23 -11
11 18
-48 40
34 41
48 27
7 24
-24 26
17 -37
16 -14
-24 -28
22 48
17 4
22 -43
34 3
35 38
-6 -43
-24 30
29 7
-48 41
40 -45
-6 -15
-44 43
-7 -35
25 31
3 1
-36 33
29 -2
-35 32
24 48
40 47
28 11
-34 -15
9 -17
29 31
3 -24
0 23
19 -20
47 48
27 23
-13 19
-34 0
10 27
-19 -16
-13 -32
44 44
-37 -36
38 45
-41 17
28 48
-5 -15
22 12
21 -34
14 24
-29 -3
-35 -12
11 37
33 -30
10 -23
-25 -21
31 29
-34 -35
5 -48
-5 18
-48 -14
20 47
-46 7
-18 39
-13 29
-17 -45
34 5
-38 -45
-39 -5
22 32
-17 0
39 18
48 -15
25 -15
15 -11
-44 -12
41 -7
-8 -9
14 28
32 -5
-18 -49
3 28
-8 20
47 0
-42 -24
-18 -17
-29 25
13 4
-24 -46
44 3
-37 -38
-22 18
12 -39
-28 -32
34 26
-45 19
48 22
21 -43
-16 10
-49 -35
22 -42
-47 38
-35 3
-45 20
-45 -40
-32 28
48 24
0 33
34 6
43 -29
2 17
18 -48
-32 11
-48 45
4 -13
-48 -27
31 44
-26 22
-46 -30
-23 -18
-22 -9
42 -12
37 -17
-36 -6
-13 34
-1 32
-46 -29
-9 28
-42 -20
24 -20
1 45
-39 -27
1 25
-14 -27
4 11
0 5
48 -4
17 -33
13 -3
46 0
1 -33
18 0
6 46
47 22
5 39
39 12
-9 47
16 0
2 -37
-15 -34
-44 -22
43 10
-24 -2
-32 -28
-40 16
33 19
41 -16
-22 22
29 -40
23 1
21 36
-45 -2
1 0
18 -28
-13 2
-18 -19
48 -2
28 34
-12 40
38 15
-30 43
0 44
-5 3
-26 -24
24 -30
-16 11
13 -48
0 35
46 -13
-25 -6
-43 8
1 -25
-24 38
9 -17
-24 48
25 31
-25 4
29 -37
-5 -23
-13 0
41 -6
16 -15
-5 28
10 -48
17 9
-21 9
42 23
-2 -9
-45 -22
39 0
-41 26
-30 7
3 -34
-46 -37
-27 11
-47 -25
17 44
-42 -23
12 34
-10 -10
0 -43
15 -36
15 -43
-7 -11
31 3
47 -33
-28 -30
-16 -45
-37 -36
16 -37
24 18
-24 4
38 -5
30 23
-2 31
-5 44
21 0
-14 -12
24 -8
-49 0
6 45
47 20
-10 9
-2 -15
42 -39
-37 -35
13 -12
-48 43
29 -33
24 25
48 -13
49 3
20 16
-43 20
-49 23
-33 12
-21 23
-24 1
-42 -19
36 31
-48 31
-47 29
-11 -13
29 36
-38 46
-13 -42
29 -2
-21 28
38 27
41 46
-2 19
-14 -29
30 21
42 26
-31 11
18 -15
-28 -34
3 -18
32 -21
-14 -12
0 18
38 1
4 -47
-27 -48
42 -23
2 -39
-3 4
45 9
19 -6
23 -15
44 39
-25 48
37 5
-48 32
37 -24
34 -47
-45 34
32 7
-12 2
-30 -1
-36 17
-25 -41
46 -29
41 13
11 -14
-39 -42
-40 -42
4 35
47 0
42 42
-3 11
-44 -38
-19 0
12 -24
19 -28
-29 44
-26 37
17 -45
-30 16
25 -9
24 -10
-1 -34
-23 -22
44 -25
-6 -14
48 -11
32 36
46 -43
-19 -11
13 -32
-21 -17
-26 -18
-26 3
-3 17
-2 1
14 -15
9 19
45 44
15 22
-30 47
17 0
3 -25
38 43
9 -35
-48 -21
-16 37
0 13
36 22
16 30
-16 40
-17 37
43 3
45 12
-49 34
45 44
16 -46
-8 8
-29 -44
-41 14
-49 -13
39 20
27 -4
36 -25
-36 25
48 -25
-20 29
30 -3
25 -24
-29 -47
16 7
-3 -34
33 -4
28 -33
28 -9
-23 -2
12 22
35 23
-18 -12
35 17
14 42
-20 -42
-27 18
-40 48
46 29
29 25
33 11
6 46
-46 -5
11 -3
-7 21
43 -3
30 8
-18 -32
2 4
39 -40
43 -7
-19 7
10 6
-8 17
-15 0
48 -4
35 43
-17 -24
-7 21
-48 0
47 -23
23 4
11 -12
13 47
-6 22
19 39
-40 -32
-4 33
6 31
-47 -27
49 -35
38 0
-19 42
-4 -12
-25 -35
-34 -9
14 -3
-31 43
37 4
23 31
-48 -47
23 0
14 49
-5 15
-35 -48
16 35
-43 -11
17 -15
-33 15
-6 6
-21 13
-11 47
40 -12
11 42
-1 22
43 -47
30 32
-40 -13
10 -35
36 26
30 -34
-42 17
9 18
-36 49
-40 -16
43 10
16 -25
4 -1
15 1
-8 35
48 -32
-35 19
45 32
-2 -17
40 -44
-35 -19
-31 -47
39 -22
28 -23
-11 24
-49 47
0 24
27 5
-3 33
7 34
0 -18
-20 -4
-28 -38
-11 -12
-2 -40
47 -14
27 -2
-31 35
25 12
-15 0
38 -26
44 -4
-9 37
6 -23
39 29
30 -40
-46 13
36 -13
3 -15
-23 -37
-37 -40
13 -42
22 1
-35 -26
12 -36
-26 -4
21 21
-37 11
40 44
47 -38
-3 11
31 -23
-8 16
37 -35
49 -33
21 29
19 -4
-33 -33
-34 40
-3 -24
-12 -45
4 14
-43 0
-19 32
4 10
22 47
-43 35
7 -10
0 17
37 40
-48 -32
23 -18
21 -14
21 -24
-17 31
-21 43
18 49
18 -34
48 31
-18 16
40 -31
-20 -27
-9 -4
42 10
-45 16
0 -21
-48 -32
0 -37
-24 4
37 12
33 26
6 33
-39 43
31 42
-11 24
47 36
-4 30
-37 -14
30 -43
-24 -9
-2 27
10 -9
48 34
18 31
0 -37
8 -3
-49 15
-16 49
-9 -32
4 -18
-19 0
-43 5
23 32
-33 38
-20 8
-13 -35
31 -40
1 -43
-10 9
-20 42
-3 13
-27 -9
14 39
-29 -43
-31 26
31 42
-7 46
27 21
29 0
6 -4
41 -44
13 37
44 5
9 -34
-19 21
8 -44
-39 -20
47 -32
41 38
-33 22
22 -37
-40 10
29 -4
-29 40
29 42
19 -31
-21 16
-10 -17
-43 -25
-45 -14
25 27
-29 -29
5 6
-6 19
10 20
6 -16
-43 36
33 34
36 18
-28 -30
47 -33
-14 -16
-8 -37
11 -29
-8 34
45 -43
-7 -26
26 -14
18 48
0 -21
-2 -41
-5 33
-11 41
-39 -24
22 -41
4 -5
27 17
-20 -35
29 -28
24 22
-25 -14
10 9
-5 -14
-3 -19
36 -34
-4 -36
-45 6
46 39
7 34
1 -6
10 -20
-39 19
-21 -46
43 47
19 13
39 -14
-45 -40
-48 8
7 -17
-43 29
-46 -46
-15 -40
-1 -49
-21 -18
-41 4
-4 -49
14 40
8 43
35 27
-13 14
21 -44
-27 40
-49 44
26 19
9 16
-37 31
47 6
11 16
30 -27
-1 20
-45 49
-4 40
39 0
-23 -44
-44 12
7 -36
14 -6
9 24
28 28
-49 4
39 33
-6 -29
32 -15
43 -28
-18 49
41 -15
10 -7
37 48
7 38
-38 -44
31 37
45 -15
1 14
-5 -13
-7 -20
31 42
-11 -36
23 0
39 27
-17 0
-16 -29
15 -12
1 16
37 29
6 17
-37 2
33 -43
-49 -17
37 -26
45 -34
9 35
20 -33
9 37
16 48
18 -21
3 -7
-42 -14
-18 -31
49 23
3 14
-34 44
39 -16
-26 43
-12 5
-8 5
-6 -8
-40 33
-6 36
-39 21
47 -37
-30 43
16 49
39 -29
-42 -44
33 21
-19 42
-41 -15
-4 12
0 3
-44 15
28 -45
46 15
3 -45
-41 34
-37 -18
48 -44
-8 -34
48 10
21 28
39 -39
22 35
20 14
27 -20
-16 -48
12 18
40 -31
8 32
-19 -41
-15 0
-17 -21
-11 -24
-20 0
-32 30
-40 2
20 3
-39 -12
37 41
-28 -23
31 2
44 -42
-1 14
-13 29
29 4
-47 -2
45 -11
48 -32
-20 -38
25 27
-39 1
-21 15
-25 28
-37 -21
34 27
-4 25
26 35
-39 -48
7 -49
-6 9
-26 -9
40 -43
-16 -25
35 -47
-19 42
12 -26
-49 -35
-39 -2
-40 -3
1 -21
14 -19
15 38
-39 -32
40 18
35 38
46 30
-2 3
9 44
14 2
24 26
0 26
-40 29
-19 15
-20 -12
34 -45
-27 22
-39 -3
-22 28
3 20
30 27
43 -17
-39 7
31 3
-1 4
-23 -20
26 44
6 14
45 27
40 -39
33 -42
13 20
-37 -46
-4 16
45 30
-4 5
41 -22
0 47
-47 -35
17 -18
36 -10
49 -29
38 -31
31 18
6 -47
-31 47
-12 -9
-44 35
27 -37
-33 -16
21 -1
23 -7
15 -28
45 -47
45 -30
-36 -32
-17 -30
0 21
27 33
14 -5
-43 -27
-21 17
27 -19
-14 26
-3 -46
-42 36
-14 44
19 17
-1 8
-17 -17
-9 -2
24 -40
-9 -45
-37 10
26 39
-35 12
32 0
17 -12
-45 -41
39 3
-6 33
22 10
-38 -8
-10 4
-39 10
-6 36
13 20
8 -13
-5 -47
25 19
-23 -24
46 39
-34 -22
39 -45
-10 37
32 -15
-4 28
42 -18
14 -46
-38 18
18 -34
-16 -8
-8 14
11 -11
31 42
-39 30
-29 -41
-5 -41
-24 -18
13 21
14 -8
-45 32
4 22
15 21
-33 41
-39 42
2 0
42 -9
49 0
-29 21
-28 -19
-31 -48
43 3
-48 2
-4 -37
49 -44
30 -46
-12 30
-47 25
-34 -14
36 -3
13 -21
33 -22
37 -31
-11 4
49 -5
-10 26
-47 -36
-31 15
31 21
14 0
-47 -35
47 40
-48 -24
28 -39
-27 23
13 44
-32 -29
34 14
30 -14
28 47
42 22
-48 -2
12 -5
-6 9
5 -29
47 -12
1 4
-7 3
-28 0
29 -18
37 14
42 -23
47 -37
-36 33
18 -1
-12 -46
5 14
29 43
-28 14
-5 -45
18 21
33 43
-47 7
47 2
-23 12
37 12
-33 27
49 -45
26 -33
-28 31
0 -48
-21 -7
15 -25
41 -45
19 -36
-44 41
23 6
-42 42
-30 33
11 4
11 -27
23 13
-21 8
-22 45
28 -29
-15 -22
-33 -6
32 37
-48 39
16 -17
-11 -4
-27 -26
47 -24
-10 -22
-27 -45
-14 10
-11 -15
-29 -30
40 -10
-41 -28
-45 -36
15 32
15 19
49 -48
-1 33
-18 0
48 -46
-13 -10
-23 -10
-34 41
24 -43
-14 2
-47 14
29 7
30 24
4 -2
31 -18
-7 -1
-4 36
-30 6
-15 -45
-19 -27
28 -32
34 5
-28 35
-26 35
26 -33
-22 21
-24 39
-4 37
18 49
26 32
-12 -7
21 -13
-30 -40
-26 11
31 -24
9 -30
-32 -21
35 -19
6 -42
-17 7
-48 12
40 -36
-22 13
9 13
-21 -28
-25 -39
-44 -10
-31 18
10 21
10 -17
41 -19
-15 -18
-16 -15
-10 15
26 31
-18 6
-1 -2
49 9
-32 -32
-16 29
22 -26
7 0
-5 23
-34 43
9 22
37 23
2 24
29 -19
-28 15
11 -34
42 44
-45 -30
-34 8
-7 -32
19 23
-44 30
-39 -43
-13 -16
43 47
46 -12
24 -7
3 44
17 12
-9 -2
29 30
-12 -11
40 14
-25 28
-40 39
2 -45
-43 45
-35 -44
-12 -5
-10 -40
-6 1
5 24
44 -17
41 -5
-36 7
-25 19
0 41
-49 10
18 23
27 48
21 -44
18 -6
-20 4
-44 1
-12 23
-43 30
-8 6
-22 -29
-23 -16
-3 24
-25 -37
19 24
46 -39
-11 21
-47 -11
-48 -20
-17 -39
-23 36
5 -22
2 13
-22 -48
-41 1
-34 -6
49 10
-32 -28
-29 -24
44 -18
-25 30
49 -25
-24 -9
-16 45
14 48
39 12
17 16
40 -35
-38 0
-42 -7
-15 -32
-28 -43
-5 38
40 -35
1 -9
-36 -1
23 -26
26 41
24 12
28 -38
6 -36
-40 46
21 21
-28 33
-48 -22
2 30
-34 15
-27 24
24 35
-33 26
-43 -46
-30 -14
19 11
-12 16
-32 -24
22 -19
-39 -49
11 28
-23 -5
-13 -5
-48 27
-30 1
13 -41
39 -32
-20 -39
47 -24
-38 46
36 -13
49 -48
-4 -4
-34 -46
-23 -19
0 8
14 39
-42 -44
17 -9
30 -6
31 6
-7 -14
-26 18
34 -23
42 29
44 42
-25 -27
27 1
-26 -6
30 24
-30 -37
8 -1
22 -22
40 -42
11 18
-1 -5
41 46
5 -49
-40 29
29 -6
-1 -28
15 14
-33 28
3 49
23 37
-12 17
-39 -30
25 -49
21 -16
41 -46
25 -25
-17 -34
10 -16
16 -27
37 42
32 43
23 42
-40 -25
20 -44
7 -30
-27 -6
-47 -25
24 21
-34 -3
-37 3
-26 2
42 24
32 20
25 24
-4 -32
9 -6
20 -26
-22 -40
-35 31
-44 7
14 40
46 14
36 -48
18 -21
-31 28
16 -40
36 -9
19 -1
43 46
-23 34
-21 8
-40 41
-14 -29
-16 -44
-29 -13
7 46
30 9
-32 10
-22 31
-32 32
-34 -10
47 -39
25 -18
-49 12
10 16
22 -30
-33 1
6 13
-26 5
-26 44
39 36
-41 25
7 -37
-23 -49
-5 -30
-23 17
-20 -27
19 28
-28 -8
-28 7
5 31
-26 41
42 -7
-21 -13
36 5
-47 19
-42 16
-3 -3
-13 28
-20 -16
-32 -38
-26 -49
39 -36
26 -47
-1 -8
-32 29
-21 -15
0 -2
11 0
14 -16
20 -46
-10 -35
-39 -38
-6 42
-40 11
21 -14
43 38
-33 -3
33 -4
44 -27
13 25
26 15
-15 48
-31 38
-30 -30
-9 6
-27 3
36 -3
-22 -8
17 35
-40 37
-18 35
-32 -18
33 -46
-23 32
7 -23
12 -33
1 16
37 -1
2 45
-2 -42
-32 -18
-27 33
-35 34
9 24
-40 19
-26 36
-3 12
34 -29
38 -29
2 -17
16 34
25 -10
11 44
-14 44
-33 -49
-23 32
-32 38
-8 13
32 -10
26 15
-7 16
-14 41
10 18
-26 47
-36 -16
-7 27
-36 -44
-29 -30
-45 40
13 2
-25 11
33 10
-22 9
-21 2
-18 -15
-7 16
-48 -40
38 22
43 24
49 14
-22 -20
13 -16
-11 -39
41 7
-45 -29
-31 -19
27 33
5 7
-30 -40
-35 -28
44 -7
11 -35
43 -47
23 32
-9 49
-2 48
22 -13
-4 -11
-44 -8
22 -20
32 44
15 -2
-28 -4
35 22
-44 32
0 48
-9 4
4 -4
-24 47
-3 -11
45 -49
-29 47
22 -13
20 3
-43 37
22 12
-1 -37
11 20
-18 16
-11 43
-39 31
5 -8
-5 24
7 -23
14 -42
16 -25
43 -45
30 -3
29 -47
48 -44
42 -6
35 -15
-29 -18
7 33
-24 40
-7 -22
24 20
-33 -17
20 -19
-2 -25
-33 -11
10 -28
39 -2
42 -37
-22 17
-35 -9
-25 35
28 44
18 17
-21 23
42 43
11 6
26 44
32 -47
44 -26
34 39
-15 -8
-38 3
2 6
12 13
-22 -43
40 -39
1 26
-45 -29
36 -42
-27 0
11 -26
31 -31
36 -11
-46 26
-5 37
43 15
1 -48
27 22
38 -8
39 -39
28 6
43 30
-30 48
-15 36
35 9
-12 31
26 8
-16 -33
-10 49
37 -5
10 37
9 -17
-17 -6
-26 8
34 -30
-4 28
-48 0
46 14
41 -49
-28 16
-41 -28
-23 14
-35 43
-17 -7
-12 38
36 9
46 -20
3 15
14 11
44 -4
38 16
31 43
-40 33
-20 34
-40 34
38 6
32 25
-29 -37
-34 2
-2 -8
23 7
49 6
-25 -38
25 -28
4 29
48 27
49 34
8 -39
39 -49
-3 1
17 -42
-11 -21
31 -42
35 17
-5 -31
44 35
33 0
-38 -47
37 30
-11 0
16 -16
-24 34
43 -43
49 0
-30 -37
-24 29
-32 -42
38 49
-27 4
43 -1
24 -49
2 35
-29 25
-1 15
4 -17
8 -10
26 28
34 36
19 -35
24 18
-46 -17
38 -34
48 15
-15 -14
37 22
-20 -41
48 -33
-45 -32
6 -34
12 -37
-30 -25
30 16
6 -29
16 -29
-26 38
-49 0
-14 -10
-7 -48
37 26
-12 24
11 -16
-31 -18
14 -46
-39 31
-44 -4
-12 -20
-34 -31
-16 39
25 24
-9 43
-6 31
25 -18
39 18
7 6
31 9
-17 27
-40 -8
22 -9
-18 5
46 30
27 39
-25 21
3 -3
43 15
-10 0
9 8
-16 -32
-16 -15
-19 -25
6 34
48 35
17 -49
13 32
23 -3
11 29
22 -20
1 42
49 -22
41 -43
44 26
-10 0
-42 -28
10 -38
-29 -3
0 -30
-10 -35
-41 -19
11 46
-1 42
22 -43
-29 37
23 31
25 -25
-1 -23
-26 24
-7 -47
-8 -37
9 15
-21 -29
-44 -44
-13 -12
-22 2
34 6
47 -9
-30 0
-34 -31
-29 -47
-17 38
45 -44
21 0
46 -1
18 -49
36 17
23 -43
21 -31
-44 -30
4 -25
-15 17
31 -33
-24 27
-12 -48
-49 -15
26 43
18 29
-47 9
-29 33
0 -33
-45 -28
-24 -37
-47 17
30 40
-3 -35
13 48
14 -44
-6 29
-44 49
8 -49
-3 -48
41 -7
-44 17
-42 36
3 37
38 -3
29 -3
26 -25
-13 35
-2 4
-13 49
4 42
-21 -34
-21 41
16 -9
8 31
-45 -24
16 -28
-36 29
-4 16
-27 44
12 -45
-8 -1
-43 43
15 -15
-8 -32
25 10
-37 -33
43 -34
11 0
42 -42
19 4
27 15
-15 -39
31 -34
49 34
28 -22
41 46
-36 29
-15 29
20 35
-48 -9
36 26
-46 -6
1 24
-33 -38
-15 -22
6 -26
27 -5
-27 -22
-47 -26
0 34
-46 0
-44 -15
8 31
17 42
-13 25
12 -9
17 20
40 -19
-32 -32
-31 -33
-4 -31
-40 -17
48 41
-15 44
49 -37
-1 -8
24 -13
-44 -21
37 -22
5 -46
44 -32
49 -37
21 17
18 -1
0 16
21 -1
-4 46
8 -14
-29 -39
11 -32
9 27
-25 16
-9 19
11 -44
24 29
24 23
30 -25
-46 29
-35 48
-20 1
40 43
-36 -38
-45 42
-24 42
-11 12
-31 -48
-41 9
-45 -20
-15 8
-25 -2
-36 28
-18 -35
-16 14
27 12
-44 -40
-1 16
-4 -40
41 -14
5 -40
34 36
-40 39
-49 35
-48 -26
16 -34
-43 39
16 12
35 6
44 18
-47 -14
7 30
47 -38
49 -47
23 20
22 -48
-19 42
16 22
-13 -1
21 -49
-12 19
-37 43
28 48
0 23
12 19
6 -30
38 21
10 25
23 -3
38 43
-41 -39
12 -45
-29 -22
16 -5
11 32
21 8
-43 4
22 -23
-16 10
-30 -14
-20 17
-41 -29
-37 19
8 5
-2 32
-26 8
-42 -43
19 -27
16 20
-49 -18
-47 -45
1 9
5 8
-23 40
-30 -30
-38 30
-16 25
0 6
49 -9
22 22
46 -22
46 44
-31 3
23 -21
15 44
12 -32
47 -32
-13 -17
28 8
5 -21
33 -20
-45 29
5 -44
-24 -26
45 39
49 -29
-37 28
47 36
26 33
-11 -30
-40 14
-20 36
36 4
-45 38
-9 -12
-29 -20
-18 -20
27 -9
-35 49
20 -14
-40 -34
6 3
40 37
6 0
-22 40
-15 14
-2 -14
23 42
-38 -9
-47 -35
-37 -37
9 -26
-41 -12
-46 -32
35 35
-46 9
23 -4
1 -9
-25 4
-49 39
22 46
42 42
19 30
-43 6
-6 36
29 28
-5 46
-36 -35
-38 22
20 11
3 17
-22 24
-14 27
36 -17
-8 -2
-2 42
-15 -17
37 38
-29 -10
6 32
-14 -46
-7 15
8 23
26 -23
-30 -45
-37 29
32 -11
11 -3
21 19
23 16
10 -7
-36 -8
11 -3
-14 -18
-12 41
0 -45
47 -7
-3 -7
11 -43
24 34
0 -29
36 -19
-29 -34
-48 -4
-21 -17
37 32
15 46
5 1
-9 -9
-22 -9
-43 6
-6 7
-48 9
-48 -11
41 17
10 -40
0 -24
6 -7
-34 -47
46 21
35 15
-17 27
-34 -10
-17 -14
0 -22
30 11
4 -28
8 22
-42 -42
-39 8
37 47
-4 1
43 12
-39 1
22 29
9 -35
-6 -47
-3 25
23 40
43 40
-26 -34
-34 14
5 36
5 44
-36 0
-26 -30
25 31
-5 -12
-26 7
-45 21
-27 -37
46 -13
-6 47
-32 -26
12 -46
39 -34
0 -29
14 29
21 -8
-22 -20
-15 -48
-22 -41
41 9
4 -4
-43 45
-23 36
-27 40
16 28
-49 -31
-16 -30
-8 -14
-36 -3
46 42
44 -3
-37 15
-31 -37
-43 44
5 19
-26 4
5 -37
-32 -38
38 13
31 39
10 45
25 33
3 8
-32 -10
11 -25
-4 32
13 47
-29 4
16 -45
-42 18
-30 -34
28 -22
-17 1
-3 -33
-9 49
-45 9
-43 -40
6 -42
-40 -44
21 33
-27 27
27 -27
-47 8
34 14
26 -37
-33 34
23 12
24 14
-19 -37
-18 -8
-34 33
21 -16
-41 47
28 34
-28 42
-38 42
40 -8
6 -13
-39 32
24 42
-38 -16
36 18
42 41
6 24
-24 1
-30 -39
40 42
-16 21
44 43
13 35
1 -7
9 -29
-49 44
5 23
43 48
-45 22
-37 -26
-4 22
40 -19
-3 -25
-19 -15
-1 -12
34 -44
-10 -35
-46 -24
30 43
19 -29
-1 -11
46 -26
