40 -9
0 42
38 -46
33 -19
28 20
-38 -44
27 27
34 5
20 -32
0 5
18 -46
8 47
-25 8
4 -10
-30 -47
13 4
-30 -15
-40 2
48 39
-47 44
-30 4
8 -24
-29 48
31 33
6 22
21 -12
-5 7
-22 -29
44 0
36 43
-8 -3
25 18
-9 -34
-20 22
26 30
-14 -26
-43 -29
8 47
13 33
-42 2
12 44
34 13
42 -9
13 37
-39 -48
-9 -5
-20 2
22 11
22 -14
-18 -3
-7 -11
48 -21
45 35
23 45
-41 -10
-49 44
34 36
48 14
45 -15
-15 1
-15 -28
46 33
-15 18
-34 -47
-22 -4
-37 39
-34 5
-48 -40
43 -2
-33 -43
26 47
-46 49
29 12
-20 2
26 -8
-19 -23
1 -34
10 -8
16 15
-18 7
-14 0
33 -49
34 9
39 -19
29 7
30 -24
17 -3
23 -20
16 6
-47 11
-9 3
12 -15
-9 -16
-3 9
-40 -5
42 15
-40 19
-9 5
-42 8
44 -14
-12 -21
31 31
-9 -43
-28 4
-3 6
29 42
-20 5
29 20
32 -19
40 15
19 20
-37 -3
-26 -2
-1 -23
-12 45
-32 25
-25 6
-18 34
-34 -25
23 -30
-3 13
-39 47
-32 0
-37 -43
35 9
31 44
-9 -27
26 -32
-25 16
15 -28
18 -5
-12 17
12 30
-12 46
-45 37
10 -18
40 25
-30 31
-35 -42
-4 -48
-14 37
-26 -36
44 31
40 4
13 42
26 2
-38 -37
-8 28
-5 5
-26 -15
21 17
-21 26
46 47
47 -14
-43 -15
-43 3
22 -16
-27 40
-48 -19
2 10
7 1
16 -24
42 36
31 -21
35 4
26 38
-46 42
31 1
48 24
-8 36
-34 33
42 18
46 -15
39 26
22 39
9 19
16 -25
-44 9
26 37
5 -19
28 -47
-31 22
-24 -11
-9 -15
38 1
-48 30
37 21
-44 1
42 -13
32 -32
-23 18
-21 25
-42 14
18 -21
-31 15
-34 -9
35 -27
-42 48
-25 -4
-19 21
40 6
10 34
-47 -20
-19 -18
31 -37
13 39
31 1
0 29
34 1
24 -24
-16 -47
49 -5
4 -32
4 20
-43 16
47 38
3 -39
-8 -32
-38 28
-27 -46
47 45
33 7
26 -49
7 17
0 6
2 7
47 9
37 14
9 21
26 -37
24 -20
-4 -16
26 10
-19 -46
48 -17
-19 -49
42 1
40 15
-41 34
-11 -36
33 -6
-13 10
22 -19
32 42
10 26
14 -35
-10 -14
46 -13
0 -9
-15 1
14 -34
-10 34
9 14
17 -7
-44 -10
0 -46
-45 36
27 -6
3 -13
-31 -6
48 40
33 -45
-5 26
31 -48
-20 4
7 10
-7 -30
-9 23
39 6
41 -10
-34 -1
22 37
-45 -30
32 2
-4 -18
41 -5
-45 -43
41 -1
-27 26
0 -32
-19 33
-43 -1
-19 23
-27 28
-8 -27
-33 43
-23 -4
39 3
-48 -42
39 15
6 -5
-32 -11
-3 13
42 22
25 11
-33 -48
0 -26
-32 -43
6 -5
47 30
3 49
36 -42
-42 -2
29 -14
-19 -8
-2 -43
-22 -10
-39 -34
34 21
-47 -38
30 3
-39 7
-43 -8
-38 26
11 14
-11 -28
9 7
16 16
26 -39
0 -17
-4 11
-7 39
29 -48
45 23
18 12
2 32
-28 38
24 16
-26 12
21 10
-37 28
0 -25
2 -38
-43 18
44 -39
31 11
5 -48
-17 33
34 2
-15 48
0 20
-43 30
-8 10
25 -46
-37 23
-3 -3
-10 -32
18 -9
1 14
-26 38
31 0
-40 -13
31 14
-36 -42
20 35
35 24
-32 -17
-38 -42
-27 37
-11 21
-49 15
29 9
46 -49
20 -31
-41 21
-39 12
10 39
-31 18
-8 -35
-34 -6
-11 -23
35 -38
19 -30
18 -38
44 -42
-35 18
23 34
15 0
-4 10
-23 46
-12 -19
26 48
-26 48
19 40
10 -48
-35 31
-33 -23
4 -40
46 36
-18 19
11 46
15 26
0 -30
-28 40
23 40
15 -21
10 48
-49 -35
-23 -6
3 -40
45 -42
22 33
-18 14
-20 -15
49 0
-24 27
9 -37
27 22
20 -38
48 -43
-28 -28
21 -26
41 -21
-31 42
-44 41
13 33
-44 -32
-39 30
-41 46
-29 -19
-22 43
-48 29
-15 11
-47 19
-21 38
-44 -15
4 -32
-49 -33
-17 -10
-13 22
-30 -12
47 -29
-24 -36
39 32
43 -43
41 0
-5 42
-48 -38
0 44
-36 29
-44 -28
14 46
-10 -41
-22 16
-44 -46
8 7
-32 13
30 -40
29 -46
-14 -24
-44 -48
18 -36
-34 20
10 27
-33 -29
-48 -47
-1 -39
38 -42
12 -19
-39 23
48 12
3 1
-16 -27
-30 15
-38 8
26 -14
-43 -30
19 36
-25 23
-24 -3
-5 7
33 -8
15 45
36 -44
13 -42
43 -22
0 19
-13 -32
-49 -12
25 -38
-4 42
-40 -25
-46 18
13 46
-36 24
-44 24
-23 45
-10 -12
-6 36
40 -47
47 -1
-33 21
-4 0
27 18
47 -13
15 25
18 2
39 -49
21 39
0 6
-6 -48
-7 4
-7 39
28 -13
43 -24
-39 16
-30 21
14 -47
-2 44
-9 21
-36 -40
36 -30
-12 -4
0 -31
-49 -9
20 -23
39 39
-38 39
39 33
-24 29
-22 18
-39 -24
49 4
-11 41
-5 29
-11 38
-6 38
19 38
-36 31
-11 -13
22 -36
-19 47
0 10
-13 40
-11 -1
-14 -36
-1 47
-33 46
5 -40
-4 -25
-17 46
-27 -16
-49 0
0 40
-28 -3
38 -31
9 15
15 43
42 -28
-5 47
-40 1
-23 -22
20 1
-8 -9
-31 32
-31 25
-38 -22
38 12
16 0
25 42
-18 49
-41 -7
-5 36
-28 -37
-40 47
-13 -19
34 1
0 -24
21 38
-10 -8
-34 28
13 -49
-31 -22
-35 27
3 32
-29 0
16 40
42 -1
25 33
6 24
-33 33
31 12
-20 -32
22 -44
5 17
36 -40
29 -40
-23 8
23 -1
-33 18
47 0
-2 12
-10 -36
22 -49
-14 44
26 -37
11 -32
-8 -36
5 19
44 29
5 6
29 -37
44 22
37 4
14 21
-9 21
28 33
26 -12
-44 23
22 33
-6 -25
42 24
16 41
-30 29
47 0
32 -41
0 20
22 -20
-5 -3
32 -36
-11 24
13 3
11 9
38 -44
2 32
-41 -33
25 -43
49 6
42 21
-19 29
-33 -34
-15 19
-41 -23
-27 -19
-37 -33
-5 20
-9 -23
-12 -25
13 18
-2 -13
-46 34
-48 44
-30 41
34 13
-23 3
47 -27
-15 5
21 -9
16 -18
21 28
31 -23
23 43
5 48
-9 21
-2 36
4 47
2 49
-34 7
-8 9
10 38
48 -5
28 -36
35 -14
-7 -30
-33 36
0 13
28 2
-18 -22
42 -44
17 -28
-8 34
-28 -26
-28 45
-19 32
40 7
-30 -27
-29 9
-42 22
48 17
20 8
-17 -23
-41 2
-20 -48
11 16
33 20
-11 -24
25 12
20 -24
-2 37
-23 48
-29 7
-33 34
0 2
23 34
-49 49
-38 -21
-36 24
13 20
1 -14
-17 -4
-41 -32
-16 19
6 -49
13 -42
34 5
-44 -22
-11 0
25 30
32 19
-36 20
0 -11
-6 -41
5 -21
33 -43
11 -25
-43 11
4 34
1 -40
6 -9
-3 -21
-7 40
-22 4
29 3
-28 36
10 -22
-15 36
37 41
26 -48
-4 20
38 -9
-37 -32
-14 -28
33 14
46 -15
-18 44
-17 18
-5 23
29 -30
-45 0
-12 5
-30 -38
13 0
-30 -17
47 20
35 48
31 47
4 -3
29 -42
-6 21
36 -2
14 25
43 -12
-44 10
18 -19
-23 -2
-4 -1
-2 -39
-30 29
-27 -49
-24 -48
-14 37
-49 -20
-25 -4
-1 25
36 -21
40 31
-18 1
43 47
-2 -33
-16 -41
7 21
-37 45
29 14
-39 29
20 -37
-45 45
34 22
45 -29
3 -44
26 22
-20 38
33 -17
46 -24
-13 -33
-22 0
36 3
30 21
36 24
-45 -7
1 -21
47 -38
-34 30
-1 10
-14 -40
-45 -3
-38 34
-25 15
-13 -31
-21 -4
-10 -8
49 46
34 -12
4 11
-3 -29
-36 1
-29 -42
17 -18
-37 0
39 9
-15 4
-15 -32
-12 -44
13 -40
-24 20
-6 -17
-15 -46
44 -45
-36 -30
-17 32
41 7
8 4
-25 -4
38 45
39 -23
10 -8
-43 -48
31 -29
-33 -19
-42 41
11 -13
21 -12
47 -10
-18 12
-40 39
-35 37
-10 9
-5 -16
47 45
-10 -23
14 2
28 -25
-6 49
23 13
8 27
-15 -31
9 -28
0 -29
42 -1
0 -2
45 -17
-33 5
17 -23
-6 7
-24 -20
-28 -49
43 -49
-31 33
-30 -29
18 -19
-31 -16
-30 26
-38 -3
-4 11
3 15
14 40
4 -27
26 -23
11 46
-16 45
40 14
-4 -44
-39 -33
-13 31
-32 -31
-38 35
-39 -27
-16 45
-40 -15
38 33
28 9
7 28
-39 -8
20 17
-49 28
12 -15
-3 -41
-17 -8
37 28
-36 -15
37 -38
-25 43
6 49
26 -13
17 -27
-4 -32
12 16
27 23
4 -34
17 7
14 -43
-10 -10
-36 -15
-5 -11
-24 40
-26 38
-30 28
-33 23
2 25
-29 -38
42 45
-36 25
-10 -13
25 9
28 35
-47 47
16 -24
0 -21
-47 28
-9 43
15 42
-12 -17
0 46
-28 21
15 5
46 -29
11 -4
-16 10
16 -40
18 -36
-3 -47
22 1
-44 46
43 24
11 13
6 0
-24 -49
-13 -19
42 38
5 8
-1 -34
38 -33
-15 11
-12 49
-34 -32
-35 -45
31 -15
11 -42
3 -17
-3 -13
-3 -4
-41 28
18 19
8 35
35 -40
-40 9
41 42
15 -49
41 -12
-39 43
-41 -36
-23 -38
35 -30
41 12
5 0
6 -41
-26 38
-23 -42
33 36
24 -32
26 -5
5 -49
33 -43
-18 -18
36 -43
39 -46
7 -32
-46 22
28 -24
45 -11
20 8
3 48
34 12
-41 7
-47 25
27 24
-25 -8
34 32
-38 -44
-48 18
-10 -43
27 4
0 46
40 6
13 -6
-36 -32
-31 13
40 -14
-49 16
48 -35
-9 -3
-40 18
-22 16
19 31
26 -13
-43 -13
-11 9
36 16
-9 16
10 8
-30 -43
-28 -46
19 49
-43 39
39 26
43 -27
2 1
-49 -16
23 28
0 26
-7 -13
-30 -31
33 36
-44 -40
34 -35
-28 -28
-31 -20
26 -41
-4 38
-29 -19
-30 -32
21 49
-22 27
-4 -42
-24 -10
-6 44
-49 7
-44 17
-13 -6
44 39
32 3
2 31
13 26
41 19
5 -27
-10 -44
-27 13
2 35
47 7
48 -3
-28 -9
34 38
14 -40
-49 -3
-34 28
48 -5
7 49
12 -4
6 4
-13 30
0 21
-47 -11
0 9
22 -42
27 -37
40 2
-49 6
32 -14
43 -20
-36 47
47 -29
45 37
6 17
17 27
40 -21
7 7
-44 -35
-4 10
-7 21
38 21
-22 -37
28 -13
11 -23
-39 11
-19 27
3 -19
7 39
8 3
24 -45
-43 -18
12 10
-19 -24
-23 47
38 12
-27 6
-35 37
-8 16
-33 -46
-12 7
-35 41
27 7
