16 -32
-16 -6
-16 -29
-5 -29
-48 -7
7 -3
-10 21
-38 40
19 -9
41 42
-42 8
35 34
47 -27
41 -33
39 -32
-30 10
-35 19
45 -48
-30 -42
21 -25
10 -13
-16 22
31 35
-32 38
43 -20
27 23
-25 -34
43 49
49 24
21 -1
-8 12
15 -29
31 -14
-14 0
-37 -25
37 9
42 12
-10 -12
-4 -23
-37 21
-37 21
-48 19
-49 -1
1 23
-48 45
-8 21
13 28
-44 16
31 -2
-49 -4
47 -34
-35 -14
-34 39
-41 8
-42 0
37 29
-48 -45
4 -37
36 -42
-30 -46
36 -48
-40 -47
-26 -16
-35 -9
25 -39
26 42
45 -3
0 -21
44 4
43 30
34 45
17 -11
-26 35
-42 -16
23 42
22 -38
-41 -13
37 -44
-21 -36
28 43
-22 -24
-1 21
6 34
-25 -10
21 -42
-33 -6
-45 41
0 -16
-12 14
-17 5
-2 40
-36 15
35 27
44 -30
6 -49
41 -21
30 -27
37 -47
23 -44
21 11
-27 38
-21 23
-37 48
2 -21
-6 45
0 -33
19 0
-40 -37
-25 22
38 -37
-28 22
19 22
6 -18
7 -18
-21 -25
-17 36
-5 -32
-45 -48
37 16
-45 38
-6 3
-48 -27
34 16
5 -3
14 47
-33 11
5 -24
-46 19
34 16
3 -9
9 2
29 -16
11 -29
8 -48
44 -24
-3 -7
-16 48
-1 -34
-4 -40
14 45
-1 -10
44 6
-22 -25
-30 -45
5 -2
7 31
1 25
17 41
8 26
34 12
10 45
16 14
-33 -3
43 23
25 11
27 -16
-32 -39
-40 -18
18 30
27 -7
44 -13
-23 -10
6 14
-41 -44
-9 34
-29 25
18 -23
0 30
-8 21
-23 -16
-7 35
-48 -26
-16 23
1 -32
-3 -3
39 -46
16 -43
-45 -31
-14 49
22 21
-36 15
-3 4
34 7
23 -47
20 -11
48 -6
14 -28
25 26
-23 -39
13 -30
-10 -5
16 6
-48 -23
-1 -2
-26 -17
-37 14
45 31
39 25
-41 -45
48 35
15 3
-32 -23
-6 -48
5 -4
9 49
-26 -24
8 -35
33 -12
0 30
49 -27
-21 14
-33 40
-3 29
26 -4
-7 25
-39 -41
-44 -10
24 37
-29 48
-20 -16
-18 -21
-5 -16
24 39
24 46
1 -40
8 13
-9 3
32 11
-18 19
41 41
45 -46
25 34
-26 -7
37 -15
0 37
4 -13
41 -24
-44 -42
38 43
6 16
-1 20
-47 -49
32 -5
-34 48
48 -34
21 31
-47 -37
-31 40
22 7
22 -28
-39 -5
-30 -44
40 -29
-43 1
-39 21
16 8
-45 -14
-35 33
22 -27
10 4
42 8
-28 11
27 -49
-16 -21
-34 34
-3 -20
-14 14
-17 -13
-1 -22
-7 -27
24 -18
-13 32
8 49
-3 -29
-30 -48
-6 20
33 14
4 -23
36 7
-37 -47
-11 48
-6 8
12 -48
-14 31
1 8
-39 2
25 -25
34 43
-46 -27
-45 -13
-10 -30
6 -1
-23 44
8 -37
-8 45
-44 -18
40 13
15 3
-29 -9
-7 43
21 -1
-11 -43
-20 -6
-14 7
37 48
5 8
46 31
0 2
-1 -46
39 -40
-16 -31
48 30
0 0
6 3
-19 40
49 30
-36 -25
-13 12
8 -2
15 -1
-10 -8
15 -22
26 -46
14 -14
0 7
33 -44
22 -46
-26 -34
-37 42
43 9
-14 49
25 -47
35 31
28 -38
-41 -39
19 22
-24 -47
8 -15
21 -46
25 43
-5 34
-49 5
18 -34
37 39
-45 21
-32 -8
8 -47
26 34
43 47
-46 42
25 47
5 -43
-30 -37
49 29
-46 -49
25 -13
-37 -5
40 20
-26 -6
-18 -4
-24 -44
21 1
32 37
27 0
14 12
-6 -5
26 12
18 20
-39 -9
-43 7
15 0
18 44
38 -23
32 -15
13 14
-38 6
-40 40
31 29
2 40
43 38
41 -6
30 33
-20 26
-23 -26
-23 41
34 20
39 46
47 -9
15 17
-46 0
29 -20
-45 24
-31 -4
-1 -25
-42 -38
10 -4
-47 13
-29 -39
20 23
47 35
39 -30
36 11
-13 7
47 -5
-18 -46
-30 47
-42 24
-10 -31
2 40
20 39
-12 10
3 -16
7 -37
-46 -10
34 -21
39 26
40 15
45 26
-31 -22
16 -3
-24 -12
47 -12
-26 11
8 30
42 4
44 -42
11 -25
-29 23
22 30
-24 1
19 2
19 42
41 -24
-11 0
-13 -41
19 11
-28 -11
-48 -31
20 -14
42 7
14 48
35 41
-19 9
0 3
7 -30
45 25
-27 -26
-38 46
2 -12
-32 -38
3 17
13 -46
-10 10
-43 -27
-47 -34
23 -39
-22 20
-26 -46
15 -35
4 -24
46 -26
-36 39
3 -19
11 -7
34 -46
21 -18
31 -32
-3 -14
22 42
-12 -15
16 -42
10 -4
37 31
-22 3
-48 18
35 -38
-12 -7
24 3
-33 1
-15 -34
-22 -27
11 18
-44 -26
-15 0
1 -24
-8 -22
41 -12
-48 -28
-8 -40
-48 -23
29 -48
23 -4
-38 -38
47 13
25 2
-19 -44
-1 8
27 17
-32 -19
9 15
-23 3
22 37
-26 -34
-35 31
-12 -19
-42 -24
-8 40
35 -9
36 -37
25 -22
40 -36
33 -49
24 -17
27 9
44 -27
47 6
20 43
-39 -1
12 -23
39 -34
16 13
13 -1
16 -26
-31 18
-19 6
11 23
-24 23
-23 -40
-11 -12
-3 -42
33 -45
-29 -47
-28 -19
-47 13
-4 -14
-22 -15
23 6
16 32
-24 -3
-38 35
-39 48
14 28
39 -39
39 -47
9 23
26 7
-28 -44
17 16
-18 42
-22 45
-5 -16
39 36
-47 35
-15 -16
8 -22
30 11
-36 11
30 -30
43 -11
-35 34
-3 -26
35 -18
28 -40
-2 41
6 -7
40 -15
33 39
35 32
8 30
38 16
33 7
32 -3
39 -45
0 8
-8 -15
-47 38
-28 -18
-8 -15
-24 -36
15 -15
12 -46
-16 -12
45 -3
25 8
43 33
-10 33
-28 11
-42 13
-21 -46
-19 -8
-12 34
32 47
23 -22
-18 40
-22 -42
20 -40
8 -43
32 48
42 -19
-44 5
-20 -28
-32 -27
8 -4
36 -35
-1 8
-45 -17
-24 10
-45 37
-12 13
-8 -44
9 31
-14 19
4 6
-41 -11
13 35
11 -24
37 -39
-31 26
-30 13
-19 -22
-28 -19
-43 12
0 -27
11 49
42 28
17 -2
-1 4
2 -44
-5 -16
-27 -29
-45 -10
2 21
12 36
23 -5
28 -35
45 -36
-31 49
27 -35
-12 -13
-19 -19
40 40
1 14
-5 -18
12 22
-31 -35
39 46
6 38
-35 43
-47 4
-1 -44
34 5
20 10
28 0
-8 -24
-31 -18
-7 10
-39 -38
-10 -33
-37 33
-45 -6
41 -34
19 20
40 -38
-1 33
-15 17
15 -35
-29 -2
35 -7
-43 24
-38 -36
3 20
28 40
-17 36
16 -17
-2 5
37 30
11 19
33 41
-48 -45
21 -29
43 -21
1 -24
29 -22
7 13
43 -33
-33 -12
49 0
36 -35
-9 11
18 -45
-32 45
47 -7
47 -33
-41 19
-19 -2
48 -35
44 -27
-39 -9
23 45
-3 -34
10 -27
5 21
46 -21
-21 -30
0 19
-33 39
-14 -37
-31 -44
-7 -19
37 -30
-33 35
3 5
-33 14
-32 34
11 -13
-2 23
-17 -21
28 -40
26 17
-3 47
11 1
22 2
-3 5
33 -32
1 12
24 -24
21 -3
46 -48
-26 26
-3 -49
-42 14
-48 -47
-17 18
35 -49
-46 -32
8 47
-16 41
31 -28
0 -30
2 23
-4 -34
49 -15
24 24
33 33
47 47
-36 23
4 40
-14 -47
-48 -38
8 45
-20 -40
27 38
38 35
25 25
-12 27
-40 -31
47 -14
9 24
49 44
-4 -13
-43 -45
0 30
-13 -36
-26 18
-4 -33
-35 -18
38 32
7 14
-11 -20
-40 7
16 -13
39 19
-9 -9
-14 42
14 46
49 10
43 15
-48 10
-44 -6
23 30
-41 -32
32 -15
49 -15
7 1
-14 -13
-25 -45
-2 -33
-20 21
49 10
-17 -25
-46 3
24 -48
40 -27
0 -33
36 -11
-3 -33
11 -16
-39 -1
-39 42
-6 16
2 27
-20 -37
15 11
-5 21
0 -37
-3 36
15 2
23 9
10 40
7 -14
8 31
35 41
-19 -44
41 39
4 -30
48 24
31 -8
-38 -27
-30 12
-24 -28
-43 46
5 42
-9 8
1 -32
7 34
-5 -12
9 15
35 -25
-8 -2
-34 -20
-10 -16
27 43
12 -16
19 -22
43 -28
16 49
-31 -32
-15 43
-45 -45
-25 -43
-29 25
32 -1
-34 -32
29 -28
33 -9
3 41
5 6
15 -39
-13 34
28 -38
-4 -23
-32 19
-30 -20
48 -3
-49 49
48 28
35 16
-32 49
48 -8
0 41
-33 -17
5 40
-33 46
30 -26
-30 45
20 -42
-20 11
4 -1
22 -38
15 -41
-22 20
-17 -25
-24 43
-30 0
-46 31
18 39
31 30
32 27
-30 -11
38 -31
-43 46
-6 37
-14 -16
34 -34
8 11
2 -2
23 -30
-38 46
-34 8
1 -16
6 -25
9 23
1 -47
8 -25
-21 23
-1 7
-48 -3
-48 17
5 -16
20 -16
36 -34
36 40
9 -35
9 22
-28 26
19 -16
-8 -41
34 48
-46 17
1 -21
39 0
31 -45
11 -10
-41 -2
30 -37
28 -49
-25 49
0 36
-35 49
19 -12
-33 8
-5 30
8 24
10 -23
-39 -49
22 -9
15 -7
17 15
33 0
27 17
-35 41
6 -21
6 48
-8 -49
26 -15
10 37
-32 -40
-41 25
-48 -19
42 18
14 -31
-41 -31
47 9
8 11
48 47
27 -48
-30 38
-14 -7
17 0
24 -20
-38 4
7 16
3 9
-21 -13
17 -4
-9 -4
-27 38
25 -43
41 10
-19 -27
-48 -13
22 7
30 27
1 -41
3 24
36 -6
16 7
-48 -28
0 -34
-48 25
30 17
-43 29
25 -35
44 -5
-20 -38
-4 -40
-43 20
26 -29
-46 19
48 31
1 -41
34 4
-5 -32
26 36
0 -9
29 40
2 21
-5 -43
-4 -8
47 39
-43 5
1 5
-33 46
-10 -36
-24 -33
-45 37
-49 39
-43 -42
48 -25
21 37
-3 3
-34 45
10 -30
-44 -36
-40 44
5 27
42 -36
48 -11
-15 14
11 26
13 -7
-20 -32
-28 -4
-30 45
8 -11
10 28
4 9
-12 13
2 13
42 -44
-13 -16
-18 45
-33 -37
33 26
32 21
-29 33
29 -47
42 11
-19 -34
-21 -45
32 36
-44 46
43 -47
-7 -46
27 4
2 42
19 -8
10 43
29 -21
-30 -3
7 27
-11 26
24 10
-27 2
16 -48
-26 27
-23 17
44 -6
-42 -8
-27 4
-8 44
39 -47
-37 -18
2 -41
42 19
-19 -20
-40 -7
13 -24
-45 44
-16 0
4 -13
-10 -38
-6 43
41 47
-48 6
-42 -36
36 48
-47 -27
4 29
-32 -28
-13 17
19 30
-10 46
30 -38
-27 -18
-24 -18
35 30
5 16
-37 -1
-23 -8
-43 21
-5 27
46 43
-3 8
-33 35
-22 -13
-4 -43
16 -24
-18 -26
-7 -4
0 -48
-43 -19
-21 -5
-48 -37
30 31
42 -28
20 -37
37 -27
-23 -18
-24 -20
-28 7
37 32
-25 24
39 28
-49 34
-11 42
17 -34
0 30
7 -15
-41 48
-9 -39
36 -17
20 32
-23 49
9 -14
46 27
38 -31
-9 -4
32 -16
0 39
21 0
18 -6
-20 26
11 40
-32 -25
16 -11
-17 18
8 -29
5 13
-21 6
35 20
-31 -43
4 -7
49 -25
41 -26
-40 -39
31 20
12 41
-38 -43
38 0
-48 4
-27 -18
10 7
49 -31
-42 -1
-34 37
-43 -18
-44 -3
-26 -34
47 -44
27 34
-12 44
-43 17
-43 0
26 -43
-11 5
11 0
41 -46
-1 -7
-6 -44
-16 37
7 -42
17 16
-28 -3
-20 -36
19 21
-20 -43
19 -34
-37 -6
-38 33
14 -17
-16 6
-6 17
-47 25
-40 8
-46 33
28 22
48 -4
-38 -31
39 29
-8 -31
0 -21
-13 -44
-44 -41
-16 -22
40 19
-35 -45
33 -12
-8 20
7 3
-1 2
-27 40
15 -13
-48 24
9 43
-16 39
28 -3
-37 9
-1 -27
-19 -3
24 -10
24 34
-43 -13
38 -32
35 -29
-17 -5
33 -10
11 -18
12 30
-29 3
-36 2
-14 1
5 -37
-40 -42
13 -2
6 -20
-14 26
-8 -33
-24 45
13 24
-5 -46
31 -49
43 47
-47 -15
17 -19
-49 -43
41 -15
-20 10
6 -40
11 26
-12 20
44 -41
18 -16
32 46
7 27
36 48
16 23
40 34
46 21
32 -16
-24 -40
47 -37
29 46
-40 -4
-19 -30
7 11
-26 4
-5 -21
-2 -7
30 12
-41 -35
29 17
-19 -25
-16 14
-4 -30
-4 26
19 -3
-23 -11
-40 31
22 -41
-42 0
30 -44
-19 -10
-32 -49
27 -17
-24 -6
-7 -40
-46 0
-18 40
17 -23
2 15
-19 9
32 49
-15 30
21 -37
26 39
2 38
16 24
-39 8
31 42
-32 -20
-4 21
2 38
36 -23
43 10
0 -32
-11 44
25 30
38 -39
45 -10
-13 -35
-17 2
-20 38
29 14
21 47
-22 5
-14 11
17 -34
2 33
25 -1
46 -20
29 -33
-43 8
-2 -23
15 33
-13 -33
-35 2
-35 -49
47 32
-34 -18
-37 14
12 11
31 -41
-45 -6
45 -14
-42 -42
-13 23
7 -29
-8 -30
-47 25
37 35
33 -6
-13 -47
-48 -35
-12 -41
-17 -4
34 36
-16 29
42 8
12 -43
-33 -20
-35 -10
-38 -14
34 14
-17 -43
13 -14
37 27
-18 -29
7 -2
-17 -30
41 24
-46 17
28 -6
20 18
-29 -44
27 2
47 -1
-2 2
-24 8
25 13
-25 -42
-19 45
-3 13
-5 49
36 39
-43 17
-13 -7
44 7
-15 -42
2 46
29 10
21 8
12 2
-26 25
-21 -24
47 28
38 26
-37 -37
-41 21
28 22
-6 49
33 7
29 -14
16 -49
30 -24
-45 35
-21 44
-5 41
47 38
-41 -15
15 -17
-7 -40
-26 25
29 -31
-27 5
-23 -45
-13 33
-19 20
28 21
-39 14
43 -35
-35 34
20 -49
25 47
36 -30
-38 6
18 35
-41 -39
29 -16
1 0
-46 -27
40 24
21 22
29 -15
38 -25
42 27
33 37
31 9
30 36
15 -42
35 28
-38 43
9 -28
-23 -16
-42 -15
47 -38
-27 34
32 1
27 0
-28 -37
-17 -42
-10 -19
-42 -46
32 -31
6 40
42 28
-36 2
-40 23
34 5
44 43
-19 -17
24 0
-25 -8
-7 41
15 32
-38 -32
47 30
-13 -39
-43 -6
15 2
47 -29
46 -2
18 37
-46 28
25 3
-4 12
-6 34
27 17
11 24
40 11
-43 -49
-36 1
2 37
12 3
13 -43
19 -40
-45 -30
42 -26
19 -31
37 -5
-22 -23
-11 34
-8 -36
-23 5
16 35
44 39
-12 35
9 16
47 -38
-11 -27
43 -11
21 36
-41 5
-47 44
-20 -23
29 39
-35 2
25 -32
12 48
20 -3
-16 -10
18 -17
41 37
-9 6
-14 14
-44 -37
2 27
2 0
-26 -11
-34 13
-8 -29
18 11
-36 -25
-8 -48
13 33
-29 -48
-12 0
49 30
3 23
-36 19
13 38
-15 31
24 -16
40 30
-29 9
23 -39
-48 -11
44 -32
22 -28
22 1
-27 -32
-44 -33
22 25
38 25
-11 40
-1 -3
46 46
-2 -45
-15 35
35 -4
-17 4
32 27
-4 35
-5 -26
37 -44
-7 20
7 -34
4 2
-32 5
-23 10
-49 11
34 36
-36 -19
28 0
-16 -45
48 41
30 48
-5 28
-24 34
30 32
-39 -9
35 44
28 -7
-47 46
-25 3
41 3
7 -44
-30 -16
-23 -9
-6 36
-41 -43
-28 14
-23 -30
-32 -13
42 9
41 34
39 -6
-18 8
12 -17
-25 -10
-18 -6
21 -2
1 27
-27 39
28 -48
2 -36
23 -26
24 6
-3 -15
-46 -9
-27 -9
13 29
-33 2
23 38
-3 -29
38 41
-44 -43
-42 -21
-23 -8
26 8
11 -11
-16 -35
24 -40
-28 24
-11 -29
5 -12
3 45
36 37
-28 -24
13 -30
9 -44
-9 -44
-43 11
23 -21
-18 7
-16 -46
16 45
35 -15
31 7
-31 -16
-3 -45
-35 -11
5 34
26 -35
22 7
-29 -14
15 -12
-38 -10
25 -29
17 46
5 -43
-41 -11
0 -38
12 37
47 3
25 31
-39 23
15 4
-25 -7
-25 -38
-37 -15
28 -14
-9 -15
-3 -9
-3 9
-15 45
30 -20
40 -6
-19 -17
18 33
45 1
11 -10
-2 -27
-21 6
46 36
25 -3
-31 49
-1 -21
19 -38
11 -1
44 -22
-32 -21
8 48
30 -48
-37 -2
45 34
29 22
-36 23
2 -39
11 16
43 -8
-21 -42
32 -1
-36 0
20 -1
-22 -19
41 22
-22 35
-27 -40
4 12
-20 -6
18 32
20 -22
37 42
-27 11
-48 10
39 -48
8 -21
-28 8
-11 -47
-3 27
27 -11
48 44
-10 -35
-38 -49
2 -18
-35 44
-19 -43
-31 20
-25 11
-35 21
-31 -39
-45 -40
21 -9
-39 -23
-31 -29
5 40
-15 39
32 -27
-31 -25
-20 42
37 34
48 15
-5 -2
-10 18
-4 4
-35 1
-42 -11
-29 9
25 -2
-10 -5
-9 15
-38 33
21 28
5 -34
13 -47
-26 12
39 -45
-22 1
-30 -32
27 -43
20 -33
-2 44
40 -38
-24 -15
37 -20
47 46
25 -4
-42 -39
43 -45
-14 46
29 16
39 -13
15 -1
-38 -18
16 -23
36 -40
13 17
49 12
7 -7
29 5
0 16
33 31
44 -1
14 28
-9 -16
-11 49
30 -13
-49 -47
36 -15
44 5
26 35
0 42
-47 -36
21 -43
-26 -18
-39 15
40 41
-14 5
-39 -33
-42 3
-26 26
45 -2
-44 -17
16 11
-49 1
-1 6
-24 -9
-43 -16
19 47
6 -47
-36 -24
-20 -11
39 14
41 -44
-8 -13
10 -47
30 -49
36 11
16 -49
-41 38
24 -42
48 27
-49 -27
-27 27
26 19
-8 -33
23 -45
20 -46
37 25
20 -1
-41 3
25 3
4 9
-39 30
-23 5
21 -16
0 34
11 -14
4 -22
22 7
-47 25
-17 -48
-47 38
16 -44
-45 23
35 -1
-8 -32
26 31
-45 0
22 -31
40 9
-4 -16
-8 -18
-25 -43
35 -27
-1 -6
18 36
-38 -47
-31 29
-16 37
45 -38
19 17
-18 -4
-15 -27
-13 -49
46 -8
-20 -33
-23 10
-12 25
-12 -20
-9 26
-48 -27
-21 -15
-43 -42
-14 -33
42 41
-26 -23
-9 -16
39 -32
21 -38
8 18
18 21
-19 46
48 36
-1 15
-19 -4
-8 -40
-47 41
40 41
49 -46
29 12
-37 43
8 -7
32 -10
-13 41
25 -9
13 32
48 -38
16 36
-19 28
13 -19
16 5
-7 25
-27 36
8 4
2 23
-29 -32
25 6
-42 41
2 13
-22 -4
7 2
-14 45
-39 -47
44 7
-33 -30
-8 20
-43 -48
-45 18
3 -16
-44 25
7 -40
-17 2
21 -33
9 21
-34 -33
34 -7
-28 -2
32 14
8 46
27 17
-26 -4
-25 22
-42 30
-45 -3
-12 -32
13 49
-37 0
28 19
-33 31
15 -33
-49 -36
17 -21
14 -27
41 16
14 13
-17 36
23 -28
21 -5
-6 24
6 43
-20 36
-4 -12
-19 3
-27 37
41 18
-12 -48
38 17
11 -9
47 -17
-37 -29
34 -33
-48 -13
2 -20
-23 34
2 -40
23 40
38 25
38 10
6 27
10 4
-33 5
23 16
-35 -33
47 7
-48 30
12 4
44 16
0 22
-16 39
-45 13
-47 -4
-11 -24
31 7
-26 -29
-21 -47
33 32
-14 13
-42 21
-43 15
41 10
42 -23
8 31
-40 48
41 27
-10 -48
-46 -3
42 27
-36 -27
-23 -35
19 45
-1 19
11 -45
-9 15
35 17
-10 10
-43 -23
-22 -24
26 -40
-28 23
-20 36
-32 -35
-6 -25
21 25
16 43
0 -10
1 7
37 -4
2 17
-37 -38
17 -48
-27 34
2 -1
-24 40
-21 24
13 12
-15 -18
-4 -26
-19 32
34 -10
-26 -30
24 13
-2 19
-36 -37
-12 -13
36 39
0 -6
-47 26
43 22
-34 29
24 48
48 39
-10 -28
14 29
-9 34
-8 36
0 3
-20 48
5 -44
