35 -34
-31 35
1 32
16 0
2 26
-41 -16
-30 -42
37 -9
-33 18
35 45
-31 0
-1 -32
4 -6
-41 -46
6 1
6 -4
2 34
10 -31
30 -38
-11 43
43 32
14 -35
-14 -9
12 39
26 -23
-30 -36
-22 35
11 -33
-38 16
-9 47
-33 -4
-13 3
12 -25
-43 8
15 -21
38 32
0 9
2 20
-26 -42
33 -42
-15 -30
21 -42
-23 33
27 21
-13 -16
37 -24
-24 0
-17 3
12 -29
-13 35
41 -27
-41 33
-1 -23
14 44
1 46
-39 -36
-8 -30
-32 30
3 -41
-12 -21
23 35
43 -16
21 -4
-2 39
-42 -20
24 31
34 -20
-12 -18
-5 4
18 25
-42 -11
-40 20
-7 33
-30 -37
-1 23
16 39
23 -2
14 -40
-34 30
18 -44
-35 -3
2 -35
-36 15
-31 -11
9 14
11 -27
38 24
39 -22
49 43
4 -33
-35 -10
46 31
45 44
29 19
-12 41
16 -3
-2 -47
-44 10
-38 40
29 -27
-3 8
-10 -39
45 2
16 33
-17 -38
17 -32
-48 -8
-46 6
-17 -7
-23 18
47 13
-25 34
-20 38
34 -3
-25 49
-11 19
28 20
44 7
23 -6
0 20
44 16
1 7
-28 -15
32 -46
17 14
9 -13
-16 -36
31 18
17 46
48 -38
37 -19
-9 -37
15 -3
-10 -27
9 33
5 25
17 10
-2 -26
31 22
-12 49
-2 -21
34 -11
29 41
-33 -44
-29 48
30 -45
-27 -48
-42 -9
42 -5
1 -27
15 -5
-3 22
29 -44
28 -46
-1 -45
-42 29
35 16
19 9
-47 -35
-8 4
25 -12
29 45
12 24
-24 -19
32 15
-1 38
33 -21
44 40
4 31
49 14
-16 -47
-47 -20
38 9
31 -31
26 -28
-17 10
7 0
25 -24
47 -6
-1 -44
41 -46
34 -16
-33 32
14 -49
29 -29
24 6
-47 -39
27 -46
-38 9
-9 48
22 5
26 49
16 -37
-29 14
4 -5
-19 -32
-34 -25
21 3
-16 -4
-15 -21
-47 -37
35 -3
-36 -34
-24 27
-19 -25
-37 -37
25 18
-3 7
-19 -31
-43 -41
40 44
35 3
-15 20
-23 -1
-3 -35
-24 46
5 -2
7 14
31 3
49 -40
-4 35
-38 35
-21 1
-43 -17
42 14
3 45
-29 0
13 19
27 34
-2 21
-29 -10
22 35
44 16
-39 41
8 -20
0 -9
-40 -12
-9 16
48 42
-16 9
-31 33
-20 0
13 -47
10 -3
-38 17
-44 -46
49 -8
-42 -29
26 0
-6 8
0 16
-47 -35
31 3
-3 16
22 6
16 11
-23 30
38 -9
-30 30
1 25
2 1
21 -2
14 6
22 42
-1 -26
-16 26
-2 35
-5 -29
49 -23
-41 -35
20 40
35 -23
2 -37
-13 35
15 42
-4 12
-37 -44
9 5
-36 -48
10 37
27 47
13 44
44 -49
0 13
34 -16
-2 -4
42 6
-38 -40
-23 30
-24 8
30 39
16 11
5 12
-45 25
14 21
25 9
36 -29
32 23
19 -5
-27 11
18 -21
8 -37
34 37
-19 6
34 2
16 -14
44 0
11 -17
42 22
4 -27
36 4
-28 -37
-18 17
25 45
47 -29
10 13
-3 1
24 -30
-21 14
-7 9
-48 -38
23 10
13 44
-17 -24
45 30
45 30
8 29
-33 -34
45 -4
24 40
38 23
7 45
0 25
-3 35
15 -23
-8 -23
-1 -26
-23 -12
15 -31
42 34
-14 -22
48 -27
-7 29
-19 -4
-39 -20
31 40
47 42
-34 -20
7 19
7 -25
-16 -48
-36 41
27 -13
14 0
-21 10
-3 34
-2 32
41 10
45 38
-5 -4
-49 -27
-23 -38
-39 -15
45 29
-41 38
5 13
-10 10
9 -18
-20 -46
-47 44
26 34
-49 33
-28 39
7 -32
44 9
-5 -31
4 -13
-5 4
7 25
31 -28
19 38
-35 22
-4 48
2 -25
16 -23
19 8
-46 43
40 -39
-34 2
5 -24
45 -42
-19 -13
-28 -44
26 -10
-2 32
27 -11
-49 16
-33 -23
45 -9
-45 -26
-20 -23
27 -42
23 19
-7 19
43 -20
20 0
-38 26
6 32
-16 -33
-47 3
-19 -36
-26 39
12 -21
14 42
0 25
24 8
-24 -3
-37 47
-5 -18
1 23
45 18
32 -12
-32 -12
40 -37
-3 19
42 -14
32 -3
-4 -45
-6 26
-33 -9
5 -40
39 9
-20 16
-1 -25
-34 -25
36 -48
-29 6
17 37
34 -49
-42 -3
-32 11
34 27
-28 -26
-30 -43
-39 -23
-4 24
-8 -6
48 -37
-23 2
39 36
-46 -17
-19 31
-5 48
-35 2
-22 12
46 30
43 48
42 7
-11 -22
17 6
33 -3
-26 -49
-15 38
-7 -17
9 -19
-12 27
-10 -35
-24 46
12 -33
30 10
42 27
-45 -26
-11 -27
-21 38
10 35
26 -31
-5 -26
-19 -45
48 36
12 17
-27 28
31 -48
46 18
15 -29
-4 34
6 11
8 -7
44 16
25 29
10 -45
-10 37
-3 12
7 2
42 20
-39 22
-32 -29
10 1
-36 -30
-19 -35
44 20
-10 25
15 -45
17 -24
-14 15
7 45
40 7
10 -11
0 28
-26 4
-11 -39
-7 4
-10 -45
-39 -22
20 -38
15 -36
-7 45
22 -10
39 -19
31 49
-33 10
17 40
8 4
30 -13
-10 -27
8 -36
37 -22
38 -32
-41 -30
3 26
-48 22
31 48
33 28
46 -37
-38 49
10 -30
33 -41
-18 -37
18 -45
37 15
4 38
43 -7
7 49
-47 7
2 0
-49 11
5 -26
-3 -12
-37 22
4 -15
41 -12
17 -39
-48 3
22 42
-3 -44
39 -22
22 -47
-46 27
47 44
16 -17
21 42
-49 6
-47 10
12 -24
7 6
15 -38
11 -38
-46 38
-4 -40
26 -15
-36 -7
-25 36
29 -8
8 37
2 -49
35 1
40 -41
25 44
18 -32
-14 41
-43 -32
-5 37
-1 -27
6 -49
-41 28
37 -30
44 -30
46 -4
6 31
49 -32
-3 38
-48 20
-16 -48
26 -10
-41 7
33 -11
18 10
-14 0
-26 -16
33 48
-5 39
-16 -8
-5 -35
-12 -2
-41 12
-7 4
38 -48
-9 -18
-25 -37
15 31
40 42
0 -45
2 -13
32 9
22 -33
-31 -22
-20 5
16 18
-49 6
46 47
-49 39
-44 -33
-36 9
24 -34
-37 4
-21 10
-32 -28
14 -1
23 -42
-34 44
41 -24
49 -1
0 22
-13 -26
15 -15
-6 -35
-17 -3
8 18
-10 47
-29 -27
-27 6
-45 -41
14 -47
-48 17
37 -31
14 -9
-35 41
-26 29
-39 -24
37 43
-44 -28
-34 -45
-19 -3
-47 11
0 -23
3 29
-19 -5
-4 -20
-2 -9
45 -21
-2 -33
-49 33
5 3
-18 11
34 -20
27 16
32 -18
19 11
16 49
21 -48
-42 -29
3 18
15 -10
-48 34
-36 -47
3 -18
30 24
-47 -7
33 46
-43 9
13 44
-28 39
-42 -49
27 40
-46 -42
7 -15
37 -25
16 37
-18 36
-26 -24
6 17
-41 -49
-48 1
-10 -27
-29 -15
-40 21
2 -35
17 0
-33 37
-23 9
13 34
14 16
-11 40
-45 -25
12 -43
-45 -19
7 33
42 42
-10 26
44 38
11 49
-19 29
30 26
40 40
29 -44
18 23
-27 -49
35 -49
14 -9
8 21
43 15
-19 35
2 17
-13 -17
47 5
46 24
-27 21
21 -34
-7 -42
-39 -14
-28 27
19 23
-19 3
-45 -44
-12 0
-6 -3
16 37
16 22
-26 -33
42 32
-17 -47
39 -44
-35 -25
2 1
5 -19
-8 5
33 -38
-45 9
4 13
-27 -49
-18 7
13 8
0 19
19 46
-35 3
34 -27
13 49
-30 2
-8 49
-12 -24
2 6
10 2
47 -38
13 -5
-1 44
-40 29
32 -45
-41 32
41 -8
-38 -19
19 42
29 14
-47 25
2 -38
-33 -49
43 25
42 49
-44 11
38 48
42 -23
-5 43
33 -8
22 41
17 15
47 -15
0 34
-46 -20
41 41
-39 -33
-42 -44
-31 -27
18 -32
49 -35
44 44
-42 24
2 37
28 19
-39 12
-8 17
23 11
-23 41
48 -42
41 11
48 -31
30 48
-20 -40
7 43
48 -17
-22 8
19 41
32 42
-46 -29
-20 30
-15 34
-29 -13
21 33
-30 33
-3 -45
33 -22
47 27
-6 -5
21 -39
23 4
-14 35
-8 32
21 -41
45 17
-28 27
38 7
-27 -19
41 47
-37 36
0 20
37 35
-4 25
26 -16
-46 -44
-34 27
12 1
-45 21
-10 -3
-16 -23
39 -46
-20 -5
7 -1
2 -8
21 -49
14 23
47 18
23 -15
-20 4
-38 -30
36 19
-45 18
-32 12
34 34
34 2
-46 34
46 -1
13 -7
11 40
-44 0
-24 -11
15 -25
0 9
-43 -41
9 -20
41 49
-19 43
-34 6
-43 -6
-40 -43
18 -35
36 -11
38 22
6 0
-49 -49
46 9
49 0
32 5
-23 -39
-9 10
0 -22
20 4
37 11
-6 35
16 -45
-47 -19
-45 -7
-30 -3
8 22
-2 2
-37 49
-20 20
27 13
-43 46
-17 -21
-31 31
0 48
-12 46
7 16
-33 -5
-19 -46
-19 -48
-17 9
13 26
-25 -46
-25 -26
21 5
19 -37
23 -1
23 49
-18 -12
-24 25
-47 -34
-35 -45
-7 -31
-11 22
16 21
32 35
13 -9
-22 -7
3 -19
28 -35
-44 1
-3 -33
-17 -38
-45 18
-4 26
30 4
-10 31
36 35
-19 26
-2 35
7 14
25 12
-10 21
-35 11
-25 -39
46 34
-10 37
34 47
23 46
21 -35
33 -19
-12 11
-48 31
-6 16
-46 -43
-35 -20
46 -21
37 -2
-28 -5
37 -11
45 44
18 3
18 41
0 26
-6 -19
42 -9
38 25
-31 -34
20 -8
9 49
16 12
-1 10
-42 -44
-42 -20
-46 18
21 24
-33 7
-24 20
-2 22
-19 -32
-43 25
0 -8
-34 9
29 34
-6 -26
37 -43
-46 47
-7 -8
43 1
-30 -5
2 -44
19 -47
2 4
-49 -34
-38 33
-10 43
-1 -31
-16 -9
-19 -46
35 31
-30 -6
37 -15
12 42
-16 26
-38 39
-41 16
15 -9
-38 -3
-7 46
-34 -23
-28 -28
-10 27
-32 33
-48 -8
-13 -23
-28 35
-33 -38
22 -1
12 -33
47 12
15 25
34 -25
12 13
-26 -47
19 8
42 -2
-14 -1
45 5
32 12
33 -37
-24 45
-21 38
-34 49
31 -11
-30 -45
9 11
-18 -45
-3 0
-49 39
-26 2
24 -42
39 -47
45 -21
1 21
-36 31
39 38
0 -44
9 18
-30 -17
32 13
-40 23
-16 -37
-44 -22
5 -6
-44 42
-6 42
26 6
13 45
5 -41
-15 37
47 29
8 -42
-23 25
10 33
3 -44
42 -45
-2 -5
38 0
21 -47
-7 15
-8 20
24 48
-18 -5
5 -13
-31 -45
27 26
20 -21
-27 9
13 31
32 44
24 -22
-20 11
45 -39
-11 15
-43 19
-10 8
45 -13
-13 -46
-41 -10
-47 39
-38 -22
28 -11
25 7
-48 24
-45 -48
-34 -37
-35 35
33 7
42 -38
5 26
46 -5
-16 39
40 -20
25 -36
42 20
22 -1
25 -27
19 -9
3 -24
-32 -26
-37 45
-8 19
-5 -13
-32 32
-38 -7
-39 -11
33 -6
-4 -32
-25 5
32 -13
-32 29
-20 -11
37 -3
-26 29
-4 47
-5 2
11 -45
-27 -36
22 -23
40 0
-7 41
-15 15
-6 -15
-12 37
-16 -1
-7 -6
-35 -48
-34 -15
-47 6
31 24
-16 7
17 -15
20 28
-40 -14
0 -16
-43 38
49 42
-35 35
29 -44
-5 0
28 12
-47 1
44 19
14 -31
-26 -17
-47 34
47 0
29 7
-3 -21
19 -42
-31 -22
39 0
0 -42
-48 -29
-5 16
-25 -49
8 32
19 -15
-2 -6
-10 0
47 -28
-9 -5
-49 -20
-49 -28
14 49
2 11
28 21
30 0
22 -13
4 36
39 20
-7 6
1 14
-22 6
26 16
41 16
-16 -40
-1 -19
48 9
-31 27
19 25
16 33
24 -18
12 -21
-8 0
-47 -30
-14 11
24 -10
21 49
39 -20
-1 -10
-1 -43
-5 -34
-44 5
28 -39
4 26
46 -48
42 -14
-38 -28
-39 -11
-20 -6
-14 -14
21 0
-10 -47
13 -46
9 -48
21 -18
-26 14
-29 -39
16 30
-39 -45
12 8
-26 -10
-37 49
-46 20
13 6
-8 -26
-31 -49
24 -40
0 20
-40 -22
-10 8
49 -47
6 9
-29 10
-10 3
-6 22
-12 0
-1 -8
21 3
-21 -36
-26 -30
19 -34
-19 -12
12 48
48 -43
23 49
-11 16
14 16
20 -12
42 -44
42 27
-46 -11
16 -49
40 1
10 13
-18 -41
31 41
27 39
-19 2
8 -40
7 -40
7 36
-20 -24
-27 12
10 47
-32 -8
22 -46
-12 -16
41 -13
-39 -16
-27 -41
-20 27
15 -7
-43 -21
-4 41
46 -5
-37 -20
46 36
-40 4
-8 12
-46 -10
27 2
14 -12
19 -22
-45 -6
16 -29
36 -23
11 25
-38 18
-44 -49
35 -39
-12 -39
-34 -37
15 -13
-45 -47
44 -48
46 -11
3 -2
15 40
36 43
13 19
36 40
-21 35
-1 31
17 -23
39 22
34 36
-31 -8
15 18
-29 6
36 30
49 -18
-31 -3
-10 -16
35 -14
-4 43
-14 9
20 20
1 29
37 -35
-37 42
-30 -7
13 -8
-22 0
-34 15
11 -39
-34 -30
13 -49
-36 -36
41 -38
27 -45
-38 32
17 -40
-35 10
43 0
17 26
-38 6
-38 44
-31 42
49 -49
-48 -3
-31 48
-32 9
15 4
-44 -5
44 44
37 48
-31 4
21 -4
12 34
15 -16
-39 -31
31 -22
18 30
-10 -13
-15 -48
45 23
17 15
26 3
12 23
-15 13
4 4
-17 -18
0 43
0 -16
30 20
-45 -16
-13 -16
47 23
-17 -16
-4 -3
2 -14
39 49
16 -8
5 -45
-39 -32
-35 -26
-25 39
-48 45
1 15
-14 -40
9 -5
9 -31
5 22
-37 34
22 43
3 -47
9 -45
48 5
-30 -39
-10 -28
-22 -37
-26 -26
-10 -27
33 -2
15 -23
8 -18
-11 16
49 -13
35 36
-43 10
38 19
12 -4
0 -47
39 23
10 42
-35 -41
15 2
-35 15
44 -32
-30 -21
41 8
-11 14
2 21
-3 20
37 43
14 -29
-9 -32
23 2
-26 -35
-8 -20
25 9
3 19
-35 -21
1 -29
-16 -22
28 -46
19 -19
-45 38
-33 3
-17 -44
-9 20
18 -9
-39 5
-24 -9
-13 -11
-32 -39
-20 27
-5 -7
-14 31
18 -14
19 14
11 -25
39 33
-14 -29
-31 13
35 -25
-26 20
-21 -31
31 36
11 44
24 -12
30 -42
-12 13
-17 12
-39 37
11 6
-19 40
-24 -26
-19 -8
-21 32
-5 -12
-13 -17
-9 15
-23 8
-8 13
-31 -29
-3 -43
-38 -11
0 32
42 -8
-30 4
42 25
-22 -5
-10 -26
-36 -2
43 20
-13 -6
2 -48
3 -41
41 35
-27 19
-9 -26
-38 26
25 35
16 3
-27 28
0 7
-17 -43
-2 29
9 36
44 -25
18 21
9 13
44 -7
2 -17
-48 30
0 -25
-31 -40
-29 -17
45 16
18 45
17 44
-28 38
-28 38
25 -9
-22 19
16 8
12 34
-41 41
-47 -48
0 13
-47 -7
-24 -31
6 -37
44 15
8 -19
42 34
13 43
-13 -7
0 -46
-13 1
-43 -25
-49 -36
-25 34
-22 9
-49 33
37 11
11 27
-8 18
9 1
-32 -5
-2 22
-42 -4
-40 -8
17 -37
28 -15
16 -6
-27 -45
-49 13
-16 48
17 40
-15 44
37 38
-12 -39
-48 -47
-1 -47
11 -36
45 27
-13 18
9 29
0 -21
17 -17
-45 42
1 -40
42 4
-29 -35
5 23
-23 -31
-36 -46
33 -29
34 13
49 -43
-17 -31
14 41
38 -6
0 5
-27 -45
-10 -29
-36 45
-38 2
-18 39
-41 -42
49 16
11 -40
11 21
16 -44
-26 -1
-38 42
-5 -1
3 -36
-24 -24
-9 37
19 -28
20 -32
-23 10
-49 -4
-12 -9
28 -46
-39 -31
39 -33
26 -33
-28 19
-33 8
39 -13
-34 -34
-22 -38
-4 -27
35 -9
-44 -17
45 38
-41 -21
-11 -31
6 33
15 3
5 -22
19 -23
44 26
-31 -20
0 36
13 -17
37 0
19 21
-48 -36
-19 -7
30 39
-1 -32
11 -30
0 8
-7 8
25 -9
-18 -40
-34 -8
-40 -45
19 11
14 -27
-19 -49
29 -27
16 11
-12 30
-16 -33
-45 47
-27 -41
-16 -46
17 22
20 6
-25 -34
18 -45
39 17
11 32
-4 6
-18 37
-39 -38
4 45
-40 -26
-2 27
-39 -14
-47 49
5 -38
20 39
1 34
18 -22
-38 -3
0 -46
-45 -5
4 10
-19 -41
9 37
-2 -9
-27 44
-22 49
19 -32
-44 -35
42 23
-7 18
28 4
1 -6
28 -30
-40 -44
17 44
8 35
47 -22
40 -21
-19 -47
-38 -2
6 -46
-9 15
44 35
37 -40
40 15
25 43
-23 30
24 16
-6 -12
30 17
46 -5
47 3
22 -48
29 29
1 36
0 25
-7 42
-10 -42
-44 29
20 13
-8 -6
46 16
8 -21
44 -43
-36 -22
-29 1
45 46
40 4
-28 -2
4 -9
-10 -44
-5 32
5 14
42 -38
-9 20
8 3
14 29
41 10
-11 -15
24 -10
33 41
-22 14
-20 -49
-6 12
14 -33
-19 45
-23 43
-46 40
0 -22
24 30
32 46
-31 34
-8 -2
-49 45
-26 -25
-29 29
2 -31
43 44
-25 7
-17 13
-6 -33
5 -10
41 -15
23 18
38 43
-25 33
17 21
24 42
-35 10
0 -44
6 16
9 -27
-44 -1
-28 -45
-10 -45
11 -22
33 -49
-47 -28
-30 19
35 -21
35 49
-29 -32
-22 -24
-20 29
-34 -31
-31 -7
33 -16
-12 -42
-20 4
19 24
19 -41
-6 -44
36 36
-48 -45
28 -20
-38 10
30 9
41 -45
2 21
-41 25
-29 41
-27 -47
49 -44
2 -39
-8 8
-32 0
18 46
-40 0
-1 48
32 2
-17 45
10 30
-14 -15
-7 -40
25 38
-14 -29
-19 -27
-23 22
-34 33
-48 7
4 12
8 -23
-45 -42
-3 15
48 -17
3 -4
17 25
38 -42
7 -15
-40 34
38 -7
-28 22
19 8
28 -43
8 -13
11 15
6 -39
-29 2
-20 14
-1 23
16 -2
44 -39
1 -30
-9 23
-3 -15
-3 -15
30 -32
41 -7
-31 -46
25 -26
33 22
36 -42
-23 24
-45 14
32 31
-45 -35
21 35
37 40
-34 -7
-34 -8
16 -20
-28 -36
48 33
-24 6
17 45
-5 -15
-27 -14
-10 -47
14 14
5 -10
-34 32
-43 18
-7 -38
12 -21
8 42
3 15
-6 -43
1 -6
-13 37
-16 -15
41 -31
9 42
2 -30
-6 -15
1 17
3 27
-6 11
31 49
3 31
17 27
32 -24
2 17
38 -11
9 4
-1 11
0 -46
7 -28
23 14
37 -31
6 36
-10 -48
-18 -42
-31 2
-1 -19
45 -19
26 -5
-2 -35
-43 -14
-6 -37
0 5
37 15
2 -22
2 32
32 -18
-46 45
24 -38
5 -42
-31 -33
-15 -18
-43 -15
14 44
-45 -6
3 34
20 6
4 25
-33 -21
16 1
-40 23
-13 31
-40 -32
26 25
10 -30
-11 5
-44 -39
-2 -3
-11 12
28 1
11 42
-5 18
1 19
19 -44
22 -5
-2 -2
2 37
-31 -42
-31 -16
4 18
41 43
-48 35
-8 38
-21 12
-5 37
-32 34
-25 -33
-3 38
-29 -12
10 -33
-42 -40
4 27
18 -40
15 38
0 5
1 -37
-7 -19
-38 10
-1 4
-10 -5
-44 23
39 27
-12 42
-32 15
3 6
19 21
11 -17
-37 46
-28 -45
-22 -6
33 -24
16 -5
33 -42
-45 10
15 -5
-17 3
7 25
-25 -18
-14 -44
-16 1
47 31
35 -8
-13 -33
-41 4
-47 -27
42 14
-29 20
-19 44
-42 18
-31 37
-36 34
26 27
-39 11
38 -45
40 -9
44 35
4 27
-17 19
-25 30
30 37
45 33
12 -31
49 8
19 -43
34 -4
0 -47
43 20
-42 26
21 4
-27 30
40 41
5 27
-45 48
-46 23
12 48
-19 -22
22 35
12 28
-20 20
-45 34
-14 42
-4 36
48 25
-46 16
-38 -39
-36 10
-16 -49
31 -34
-12 43
49 21
-38 24
12 -4
-28 -12
12 28
4 49
18 7
-12 4
-44 -23
9 29
35 -36
-7 -41
31 30
5 -32
-15 47
-27 -22
-45 -28
14 -19
-3 -37
33 -28
-14 41
-10 26
1 32
-2 9
-28 -24
-37 -24
-8 15
-20 26
47 0
26 41
24 41
45 -10
33 -45
23 -25
-46 38
-21 24
-13 -18
28 -30
17 7
8 -22
-12 -10
41 -49
31 48
-28 -11
-25 -26
24 30
44 -37
22 -28
-45 -33
-43 48
-28 -12
1 47
-46 40
-15 -40
2 20
22 -30
-18 -14
-6 -7
-44 47
-37 32
31 39
37 35
26 -12
44 -34
33 42
-21 -5
41 14
38 39
35 33
48 36
29 17
-44 43
-21 29
26 20
-38 5
-28 8
-11 39
-16 -30
22 -17
33 -3
12 6
-44 47
22 32
20 -39
-49 -14
29 30
-42 -1
-37 -47
-17 -4
-28 -10
-33 -49
-45 -46
-20 5
12 39
-37 -38
-10 23
49 42
-17 4
28 45
34 7
-39 31
-37 4
-4 37
-8 -44
40 3
-21 -26
-42 -4
32 32
46 32
-21 -40
-14 -31
3 15
48 -4
43 -33
39 -29
28 31
-24 48
44 33
0 27
-41 -38
21 -23
34 -29
-29 15
-44 13
0 -32
38 -9
-2 -11
-7 -40
0 -9
-11 10
43 -33
24 -31
-15 5
-1 3
-3 -49
-47 -11
33 30
2 33
-15 49
-16 -36
17 25
-21 0
48 -26
-28 -17
-42 -16
37 -19
-4 8
-29 -3
3 -49
-39 35
16 -29
-42 -38
49 -17
-5 25
-47 25
-6 -29
-45 32
-39 48
48 6
35 6
34 36
15 4
8 -33
7 24
-36 6
-13 35
-26 -42
9 21
-22 -15
-40 2
-48 13
15 -11
-13 -4
-5 5
-12 -20
-20 29
25 10
1 40
-34 27
-32 -4
2 7
-7 -32
-45 30
-27 -29
36 -12
4 17
-46 0
-12 10
-23 -13
43 -17
2 4
35 23
-46 -8
14 46
-43 28
-8 25
4 48
17 -43
39 25
38 33
-28 27
34 -47
32 -11
40 -34
-34 -30
41 -2
-45 43
37 -35
44 39
13 -32
42 23
-21 -37
47 -32
3 10
46 -5
-44 -48
-12 31
21 -24
-15 30
9 38
-11 32
45 -37
33 -34
13 -14
21 -38
32 -37
42 -29
-44 -35
-16 48
14 -26
-2 21
-18 -6
7 -41
-1 17
-19 -29
-38 17
13 -36
7 -6
-4 33
-6 -46
28 6
31 38
49 47
-28 17
40 -47
-32 -4
18 -28
-40 0
-40 -44
-25 -15
42 27
-43 -33
13 32
-24 -49
14 5
-43 -26
-19 -6
-20 29
-36 -11
18 -38
-46 -31
-3 34
-46 -41
17 48
-14 48
-21 -18
42 -7
33 18
49 20
16 -1
-33 -27
-8 15
30 -44
-41 -19
-40 48
-18 -42
18 -2
37 -17
12 36
2 39
-24 47
27 -25
27 -43
12 3
-6 48
-35 -6
34 13
-13 -32
-29 14
-6 -28
-28 -7
2 -38
-31 -46
41 15
36 29
23 17
30 -14
19 -31
-27 -37
34 -10
-32 -45
-5 -3
44 -22
44 13
-45 -20
7 -40
8 8
-18 45
-21 -6
10 -36
-3 -33
36 7
41 -21
49 13
-44 -19
14 -46
7 -18
25 9
15 -7
22 36
42 -29
4 45
-9 49
-2 20
-5 -25
-42 15
9 -42
41 -19
6 11
-47 37
-46 7
27 -17
-43 -8
37 39
48 -1
-3 45
-25 -36
-30 -29
11 -8
49 3
-13 27
-6 41
-17 -15
11 46
-40 46
-25 -1
-23 -1
17 -5
-19 13
26 -18
27 3
49 27
-28 -32
3 32
30 27
32 -3
26 -31
41 43
-13 25
44 -32
34 -37
-40 -30
8 10
27 -20
9 5
-25 37
-46 -35
-10 29
-49 20
-23 30
-20 -23
29 0
-6 22
-31 29
42 -2
40 -1
47 14
-28 42
-10 -11
-38 -20
4 48
49 47
1 -1
-17 -42
-22 13
7 31
5 27
33 42
1 -20
-49 12
49 25
3 -47
6 15
36 -40
14 -45
-34 -23
46 -37
32 -46
3 15
26 3
39 38
-31 -33
31 0
-2 43
-45 -23
-41 37
23 40
-33 -7
49 -47
8 -31
-42 46
37 21
-45 -48
-39 -10
-49 -28
32 2
38 -39
19 47
46 34
-3 -4
21 -2
-34 28
-34 -3
49 42
0 19
-36 5
24 -39
-42 -24
24 -35
6 -11
30 -46
42 7
17 17
-40 10
16 2
31 -28
42 6
-8 -36
-38 15
28 34
-43 -21
17 0
25 30
-49 -14
-2 -8
-27 25
-20 -11
-30 -7
5 40
4 -16
20 -49
46 -34
-41 1
-43 -22
-4 -38
42 -32
-1 45
-31 1
-22 30
-33 -22
-47 -18
20 -24
-31 -26
-37 -19
-9 7
0 -18
21 -40
-25 41
-38 -10
-28 -16
0 30
22 1
20 0
-37 46
30 -3
-10 -20
18 -19
12 2
5 35
-5 -3
17 10
44 27
42 37
8 28
-21 -3
47 24
18 -25
37 -29
-1 20
-9 27
15 -15
-30 -29
14 0
-5 -30
-29 11
-24 45
10 -44
48 -12
-7 29
-2 21
-31 -3
36 45
4 42
-24 27
-33 49
1 4
23 40
-13 45
24 11
-14 -19
-30 -43
-2 15
20 -10
11 48
-6 -40
-31 19
-44 -40
-15 -4
40 -44
45 2
34 -27
48 37
1 5
24 20
-22 -40
10 38
20 -20
-6 5
-5 41
30 6
49 -7
-29 -18
-19 40
28 -46
-21 -3
3 -1
14 33
-45 37
-17 40
-10 48
-29 5
43 31
-44 -4
28 -24
-20 2
29 -14
33 21
44 15
-17 -24
0 -25
13 35
4 5
-11 -32
5 -46
31 -21
34 -34
9 -5
-19 -49
-44 11
18 29
36 19
10 -18
0 -13
23 -17
-1 15
-39 -33
-23 -31
-19 40
-11 -35
-30 -26
25 -2
23 -32
-30 46
46 22
4 32
-37 13
-4 20
41 33
22 9
47 33
-5 -20
-25 -9
-47 -6
42 12
7 -48
36 -44
-47 28
11 0
-4 -25
7 -28
-26 -1
12 46
23 -39
-47 11
-44 -42
14 -32
17 34
-20 -17
24 2
4 12
37 7
-12 -10
32 -25
-43 -11
8 25
31 11
27 32
-38 -27
23 -2
-26 41
28 34
47 17
-23 -1
10 7
45 0
40 29
21 -6
-11 -28
-23 -34
47 -27
-45 46
-46 49
-45 32
-41 35
-45 -10
-13 41
49 -9
-5 -44
43 -28
30 31
30 -46
-40 -8
47 18
7 11
-45 35
-32 -8
-34 -20
-21 34
26 -23
45 -12
-17 17
4 -3
49 -32
42 31
-14 -11
-7 20
-24 -43
5 30
-47 22
-46 -33
0 21
-25 -30
-47 -27
5 7
-23 49
25 13
-48 31
-21 49
46 -44
-27 26
11 1
26 -32
3 28
-12 -28
-39 -13
-48 -6
32 -8
10 44
23 30
-26 0
7 9
-48 -17
-22 27
25 19
28 -13
21 45
-38 -19
-47 39
32 33
29 48
38 -30
28 34
13 -6
33 10
20 -27
40 34
25 -36
38 28
-22 44
-11 45
-32 46
-16 16
-1 45
12 -45
-31 25
49 47
-13 -29
34 18
13 35
-21 -8
-10 30
-24 -25
-6 -22
6 -46
10 -14
11 -46
-37 13
29 32
46 17
37 -17
28 17
-42 -34
42 9
-17 -6
21 -16
37 37
-31 -36
-9 -24
17 11
41 -47
-46 -32
45 -47
-2 22
-48 5
39 3
29 -34
-19 -23
-10 8
21 43
22 -17
-36 -11
-28 44
5 0
-18 -21
46 -28
-11 -33
-2 -4
-18 -48
28 -45
35 -46
0 -5
-24 -30
15 44
-47 0
-28 0
24 -33
-42 37
40 5
0 2
10 21
10 -4
-37 -35
-28 -41
3 3
3 48
-44 8
43 1
-18 -37
42 -15
6 28
-37 34
5 -12
-13 32
-36 -24
-33 -34
-5 -26
-25 -38
-8 42
-14 -47
-31 -27
-9 41
-4 -48
8 2
37 8
2 46
-37 3
-8 22
-34 -19
0 -11
0 -27
30 24
40 1
21 18
-20 -48
10 32
13 30
-48 33
-4 -29
8 28
0 -3
19 -33
13 -43
22 -35
-40 31
38 -40
-37 1
38 5
-14 -45
-44 44
-4 -48
-33 -20
-16 -29
19 -26
21 42
10 -36
7 -12
-35 -13
-16 46
42 24
-13 -45
-15 -5
44 -6
2 -15
-24 -25
40 29
-11 -11
-46 5
-11 -44
20 -23
-39 48
39 -21
12 -7
-45 -4
7 7
47 -10
11 1
40 8
-16 -17
-31 -12
-38 38
49 -18
27 0
-6 -30
-18 -18
7 -42
42 1
6 -19
46 -32
-33 4
29 9
-46 -43
4 -10
24 -15
39 3
0 -1
26 15
49 -38
-35 37
3 33
-33 -22
20 0
-11 9
-38 -6
5 41
-15 38
33 -48
31 41
9 -39
0 3
6 8
5 9
31 -43
11 37
28 25
-4 27
25 18
-17 45
-24 -41
-25 -33
-41 -31
-28 -44
-6 -24
-37 17
35 -41
22 -8
48 17
-34 -17
-9 8
34 -27
33 33
-4 -45
-22 -30
4 0
38 20
35 -1
-11 -6
-43 -3
49 7
30 -29
-19 38
19 -2
49 -11
12 42
-30 47
11 24
22 -15
-5 9
-44 -40
28 -19
-12 -12
-12 -5
-47 -36
-38 -49
14 21
24 -9
-35 -1
-11 -2
6 14
12 -5
11 41
2 -12
31 -22
17 27
10 -34
-13 -24
-47 33
-24 45
-33 43
41 49
-5 31
-19 -20
3 28
21 14
28 43
-15 -33
-17 40
48 40
-23 44
22 -38
47 39
-5 32
-40 -4
28 33
15 -29
-47 -5
45 5
34 -12
3 1
-43 -23
-20 30
44 -25
-49 -12
-1 37
-26 24
21 -25
-23 48
-42 -23
20 -17
-37 -42
-4 26
-49 -6
-49 7
13 -27
-26 -30
-46 -14
26 -1
-36 16
-23 -45
-33 9
-29 -28
31 -34
-9 41
14 42
-42 13
6 -9
-29 39
5 33
17 -40
39 -11
-31 3
-5 27
31 48
-31 -12
47 5
16 1
19 -22
41 18
-24 46
-1 45
47 -28
-39 -39
-41 6
-48 -20
10 36
-30 -8
-38 42
9 -7
-45 -30
-47 20
19 -17
-32 24
-39 26
14 -25
38 -15
23 -38
-5 -10
-28 -49
46 43
49 -10
2 -20
-47 -20
32 -23
27 25
-8 -8
15 -41
-7 22
22 45
38 -25
7 29
-37 19
0 -48
22 -37
35 32
23 -36
-14 -39
45 33
15 -46
-11 -43
48 6
25 -44
32 39
9 -13
31 -13
44 49
20 -43
-12 18
-30 -9
-2 -22
28 17
44 -27
-9 1
-17 16
-27 0
1 19
48 -49
18 8
46 18
-17 30
-35 -35
-23 -17
-35 -42
13 -47
-27 37
-24 -26
-36 39
13 -6
-19 24
-33 8
-39 0
-15 46
1 32
12 29
-20 8
38 -14
27 43
31 -43
-33 33
33 10
32 21
-29 26
-41 -43
-1 20
29 -30
16 -32
-2 -27
-25 45
33 39
-33 -29
-21 44
-3 -25
-11 22
19 -14
-15 -18
-11 44
-30 -42
-48 -40
-46 -20
-31 -11
-34 42
-6 -33
-29 28
-41 -44
-5 46
14 30
-22 -21
-39 46
35 36
2 22
-42 21
43 37
39 -19
-36 -26
28 29
48 -22
-18 -7
1 -35
40 -42
10 -23
-37 18
49 -44
-7 -4
-46 40
-42 -5
-39 -21
-18 42
0 -2
-3 16
-27 11
-38 16
14 33
-10 1
16 -8
-16 39
-37 30
-37 35
28 -47
35 -43
-45 -25
-46 33
-21 -19
0 -24
18 -22
-20 -35
37 34
7 42
-1 20
-15 9
39 -32
44 -19
-5 34
27 45
10 43
-45 -39
-16 -47
-36 3
-36 -48
32 -9
-21 13
27 15
3 41
1 31
27 -5
37 -47
-30 40
27 -26
-45 12
-37 40
8 33
2 44
-8 6
21 -25
-15 7
18 23
-42 -1
16 -14
27 -7
-13 -17
-13 4
20 40
7 -47
0 -18
1 26
-44 -43
-18 6
26 -7
-10 -42
43 -34
32 -10
-11 20
35 -25
23 -14
17 -23
-31 -48
0 12
43 46
-14 31
32 -47
-30 26
-7 -1
34 48
-15 -17
-2 0
30 9
17 13
-33 12
25 -48
11 6
10 -9
-8 -43
49 -48
28 27
16 4
-42 -48
-35 40
17 -4
-43 -4
-14 -48
16 16
0 28
-25 -46
-10 14
31 46
47 34
-37 48
46 1
5 -10
4 -25
-28 37
-49 23
-19 -28
3 -23
-23 2
-42 -11
26 18
43 44
10 37
-47 46
21 -42
33 -11
-27 20
-3 36
-9 41
22 -25
-18 5
46 -24
39 34
-48 -32
49 38
38 47
13 0
8 10
-34 -20
-15 -17
40 -43
-23 -15
26 -16
31 34
-35 -17
2 12
-33 -23
-32 -7
-34 9
19 20
-38 13
-12 -3
16 33
5 -27
0 32
43 26
37 3
-25 25
-30 14
44 -3
39 5
3 -12
-13 29
-10 -29
-29 26
-29 -32
-34 21
35 -22
1 -25
40 44
15 -36
41 5
17 -5
24 12
1 -6
40 -19
10 -8
15 -40
15 -2
20 -26
-23 -36
49 -9
37 11
41 2
-38 4
-33 23
-12 -40
-9 -3
28 27
-32 -12
-2 38
-41 -44
23 11
-21 16
48 27
17 27
-45 -14
-17 29
-37 -12
-9 -32
38 -9
-26 16
36 -46
-29 -28
-38 -3
48 -7
-46 -34
31 -17
-44 -47
31 -24
26 -23
13 22
-2 -3
3 2
41 24
4 0
-25 -25
-10 1
10 -22
36 -25
-19 11
2 -37
-43 -24
-40 16
31 -38
-25 -4
-14 22
-14 -46
8 22
5 -36
21 21
-9 14
-15 -18
12 6
5 41
31 17
-17 39
-27 34
-18 -43
18 38
-44 27
-30 28
39 6
32 -19
18 14
12 -29
-38 -30
-2 20
-44 -39
-29 21
1 34
38 3
-29 -26
40 -7
14 23
-17 7
-23 -24
-45 -16
-20 -2
-10 10
33 -17
-16 -4
7 46
16 24
-30 46
0 28
31 -45
-46 -26
-33 28
-2 26
-8 -22
-15 41
-25 -5
-9 28
-3 -15
-39 14
-4 48
36 44
7 42
-10 -18
-45 43
-46 -41
-37 -43
-21 -16
34 -43
27 20
-22 -15
-10 22
-31 -13
31 4
43 -11
-19 -43
-17 29
0 11
38 6
-43 -44
-44 43
33 -25
21 39
-49 0
42 -8
22 -27
-45 -10
0 23
-44 39
16 -27
0 5
-4 -41
19 45
-12 -45
-29 14
16 16
37 -41
45 -21
22 40
-17 18
35 18
15 26
49 -49
-12 -36
-28 29
-11 -13
-12 -27
-19 -15
24 45
-2 -5
47 -33
21 -43
4 -15
-16 48
43 -35
38 25
46 -34
-47 39
-24 -6
39 -11
-21 44
42 -16
-15 -46
-35 -48
-22 -34
40 46
-5 12
-6 25
-46 -13
32 -11
7 40
32 -45
24 24
-27 -30
2 1
44 -23
-24 32
-10 7
-14 -39
-1 -34
10 12
-11 -32
-47 -4
-37 8
44 16
5 15
-2 -2
47 -4
-11 -8
24 -10
-41 18
-8 -37
32 -20
-44 -48
-24 -10
37 -17
25 -33
49 30
37 20
34 7
0 43
-4 -32
2 -34
-14 16
10 37
1 26
41 -11
2 -2
-41 6
-3 30
35 -13
47 -9
38 11
-26 30
20 -40
-16 -33
32 21
-41 34
-24 6
38 8
17 2
11 25
-26 11
-19 25
-21 -4
47 -26
-37 41
46 25
46 -4
-32 10
39 -37
-35 6
-11 -27
23 15
23 -35
-12 -41
23 8
-45 36
-32 30
-5 -9
-46 37
-12 45
31 -1
-42 5
19 6
-42 8
30 13
-41 -2
24 1
19 4
28 45
21 -47
-14 12
46 31
21 34
-20 -39
13 10
34 -6
-38 0
-1 -12
20 -18
-44 37
-13 -4
36 48
6 33
33 -8
-23 17
-11 -6
-19 -34
49 40
44 0
-37 -11
16 -24
-31 13
26 -49
-9 -42
44 36
-35 -15
42 -8
49 24
34 -27
-3 1
33 43
-34 -47
15 11
37 14
-2 47
24 -13
38 4
-31 47
-22 5
-7 40
-9 24
2 38
-21 2
47 -12
-9 -5
-15 49
26 28
-40 41
-46 5
-15 17
-32 21
-30 33
-14 27
-10 3
-3 -9
-39 32
48 11
-47 41
-38 -3
17 -35
9 -47
-48 21
-39 1
23 9
-31 -45
-23 38
-39 4
35 2
26 7
-46 -1
-25 37
34 -31
23 -12
39 -34
-6 -20
-47 39
-16 21
-11 -14
-38 14
8 -32
29 -12
-46 31
25 49
16 18
-44 43
-33 31
10 -47
45 -1
-25 -5
31 9
4 -9
40 -31
-15 -46
6 21
35 -24
36 36
3 49
-34 -25
-4 40
23 30
-19 -9
-35 -21
41 6
-45 6
-17 -15
-41 31
-47 27
-17 26
8 -30
35 -23
-39 -2
-5 20
-16 18
-35 -33
-34 -28
-41 26
33 12
-14 7
-8 48
5 41
44 -1
-25 -3
-36 -12
31 -34
-43 -29
-33 -44
4 -25
-40 5
48 -49
20 34
-18 -36
15 -48
6 -43
-40 31
-46 48
18 -20
-12 -25
22 -46
-14 44
-40 17
27 -26
0 19
-42 -8
43 -20
38 46
-47 -26
-35 -8
18 -27
13 -48
29 -28
-15 -42
-6 10
18 -24
40 36
-26 42
48 0
45 -24
32 22
3 45
-30 -16
-35 48
-3 13
-44 47
-36 49
-23 32
-3 -46
40 7
48 46
-16 48
-15 -7
0 15
9 -31
9 38
-38 -29
5 0
-35 -13
33 -46
-6 4
-12 22
6 43
36 -7
-12 32
21 15
-22 -42
-33 4
-19 28
-20 39
16 -25
-36 4
16 0
22 -35
-13 -23
8 -38
0 31
-21 18
-37 48
-7 -44
-49 31
-46 34
36 36
4 23
1 -7
39 0
-19 -36
-1 30
18 -9
45 -2
-32 -6
-12 41
27 -43
-42 -21
32 40
-41 -21
-27 14
-12 8
-47 -23
29 -12
-36 -26
-4 -11
36 -11
-23 -48
-41 -9
-31 32
-13 -32
5 24
3 -25
3 48
-35 -40
-44 -29
25 -16
28 -28
-41 -7
38 32
-45 24
-39 26
-40 -46
-24 -32
6 -18
-28 29
-28 0
-31 25
-37 11
20 -38
22 14
15 -49
35 -6
-13 -40
-44 45
-13 33
-16 19
-20 10
7 -20
-28 -44
41 -42
37 -41
16 -43
5 -19
-40 32
35 45
-2 13
27 14
-25 2
-46 48
-7 11
-1 10
-42 24
-13 -17
-13 -1
27 7
9 30
-7 -3
31 -5
-46 23
3 -20
11 -41
33 14
-10 39
-17 38
5 23
-18 -35
19 -43
-20 0
-9 30
38 -33
23 -7
5 -32
-29 -43
12 5
-42 -27
22 41
3 44
-20 8
0 8
11 -4
31 -33
31 -14
-20 -5
-22 32
-20 5
-33 9
7 43
-21 45
2 45
43 -4
2 49
-44 34
19 23
-29 21
-29 -42
-9 -47
-17 -25
3 1
-17 -40
-49 -23
-40 -30
-35 -13
-38 -30
-33 33
29 33
13 -24
-31 29
-41 24
22 -5
31 44
-41 -48
28 21
49 -4
2 40
30 3
49 38
5 -31
-7 -14
8 -8
48 1
44 -35
-33 -9
13 1
49 -41
-49 -24
2 -8
30 -13
22 13
-31 0
-18 26
-37 27
-27 -24
-46 29
-37 36
30 8
29 -47
-45 -20
-24 -33
-25 -34
-36 33
-39 -44
-2 -28
48 8
12 36
42 -38
-19 -21
20 36
-8 19
0 -20
-43 -42
21 -18
48 -22
-25 -30
36 -20
-1 -48
49 -18
-1 -13
-23 -1
-19 -29
42 14
-1 -16
-17 -42
47 20
8 31
40 -7
-33 16
-41 44
5 44
35 -42
-8 -38
0 -38
-22 -14
1 -16
-44 20
38 0
-40 31
-40 34
1 17
0 -38
20 -21
29 -36
-36 26
4 46
23 0
30 -3
-19 13
41 38
-23 19
8 -30
32 -28
40 6
30 3
-48 8
-7 -1
-7 -38
31 30
-42 3
-15 -34
27 9
25 0
-25 -1
4 -36
32 -39
1 9
15 24
39 -47
-8 -2
-10 -26
27 25
-16 32
-33 2
-32 -10
-34 -40
-47 8
-49 16
46 -23
-4 -9
34 33
-32 -41
16 21
40 -24
22 36
3 33
1 27
20 36
37 -18
-17 26
35 43
-27 -34
14 6
28 26
-41 12
-48 -13
22 39
-23 -41
12 -19
21 2
47 -4
23 4
-36 46
19 -27
36 -4
36 37
-6 35
41 7
8 -31
46 7
34 48
-35 -2
-42 14
8 -46
41 3
36 -23
23 -42
2 24
18 -31
-25 2
-6 3
3 37
-46 -26
-46 28
-44 -15
39 1
25 23
-8 -46
34 -42
30 -7
-19 -33
-48 13
-37 -15
-24 -40
0 -8
19 31
-15 18
4 -20
5 49
23 40
-22 -33
45 10
-32 21
8 -41
49 6
-32 3
21 -8
-11 -37
-46 -22
-23 -23
6 -12
28 8
7 -25
0 -48
-30 -5
30 -19
31 10
-20 9
14 -36
28 -32
26 32
46 33
-18 -37
20 12
-32 4
-25 18
-11 49
-11 -29
-27 -10
9 -22
-28 -46
-24 -25
-16 -4
29 -15
-3 8
40 -8
-37 -30
-14 18
42 -37
-1 27
-13 -42
33 1
-27 -37
3 8
7 48
-49 -47
39 -10
-34 38
-3 -4
-17 -8
-2 -9
-26 23
0 -40
-6 -23
14 38
-11 5
-42 28
1 45
4 -3
25 -44
-8 17
6 -3
36 3
21 0
46 23
-26 46
-32 -26
-15 -9
21 22
5 26
21 -13
49 -36
-30 18
18 16
18 30
-1 3
21 -26
23 39
3 -6
14 38
-38 -2
-40 38
47 33
-23 34
-20 -39
31 30
17 -27
26 43
-40 -39
-44 7
29 -7
41 44
-11 -28
24 19
38 25
16 -30
-7 33
16 -37
32 -31
36 12
36 -23
40 -36
21 -36
-30 49
38 -18
-23 34
-44 30
49 30
-6 25
-49 20
0 35
-5 27
0 -38
-34 -14
49 28
-2 24
39 23
-33 8
-16 -2
-15 5
46 -25
22 -37
-39 12
18 -25
-19 21
34 26
23 -41
8 -3
-25 -34
20 34
-34 -24
31 -31
18 -20
37 -30
-31 -32
-3 41
32 9
24 -44
23 40
0 -47
-2 -48
-13 0
-15 -24
-48 -48
-28 -45
-37 4
20 -36
-35 14
8 41
26 20
-25 38
-46 -1
-46 -43
37 -49
32 -3
-22 -43
-22 -23
18 -5
-38 -5
3 33
-15 -47
39 -1
-19 48
11 12
-2 -45
41 -27
-34 -15
43 -34
9 44
6 -42
3 17
-33 -49
-45 10
-20 -25
45 48
19 47
30 14
-12 -10
22 18
46 16
-4 -45
19 -36
38 -45
36 38
-9 41
49 -16
27 -16
43 -34
-9 30
30 -17
-39 20
34 -24
-28 -31
-14 6
42 -47
-12 36
35 44
-34 -17
8 -42
-35 4
-37 -45
-29 -16
34 42
0 13
45 13
33 14
16 0
-4 34
48 -16
20 -49
-17 3
15 21
-4 -9
1 9
23 -21
7 -49
-37 -39
-7 36
-6 -46
13 26
-48 -2
-32 25
-14 -43
23 40
-44 -39
-6 25
-10 3
8 -42
43 46
-47 -16
2 19
22 -5
34 -34
25 39
27 -43
-44 26
30 -34
-25 -36
-2 36
-4 6
23 -47
42 4
0 0
11 -5
12 3
44 -1
-3 -41
-17 -49
-19 -23
45 38
-39 -29
16 10
26 -43
27 22
-28 -2
-49 -34
43 -1
-12 19
41 11
24 6
-3 -41
41 20
-21 41
-47 7
37 10
12 -23
-14 6
-43 -31
-36 1
18 26
-37 -46
26 16
1 0
8 -34
-30 6
12 -39
-27 18
-2 29
-44 -3
-18 42
-17 23
1 -35
-43 21
-14 23
34 -12
-17 29
38 -45
16 -4
47 8
44 47
21 18
-47 25
48 16
35 -8
5 -29
26 -49
-37 -35
-33 -12
13 -19
-38 -5
5 35
34 -43
-18 -14
-49 -26
-12 37
11 34
-3 -29
-7 -3
37 -32
-43 49
45 -5
-3 6
44 -45
28 23
19 -43
20 -6
-41 18
40 47
11 -4
9 -24
-3 15
-38 -47
-32 40
44 -48
-48 35
-34 41
11 -30
23 49
-2 -11
-15 -4
37 49
27 31
43 -7
8 -49
35 44
-49 30
-37 41
45 -9
7 36
-4 24
25 35
28 44
-22 -13
-43 -9
-3 -27
44 48
17 30
-47 -32
-33 -40
10 15
29 -15
-27 38
-48 -13
21 46
49 8
-49 11
-34 -47
-46 46
-8 -41
-11 44
46 -31
-8 44
21 11
-24 -32
1 -46
16 36
29 -42
-6 -25
0 1
-27 -18
-30 -18
-5 -1
21 -6
-5 32
39 -12
-6 -3
41 -20
-28 -8
-38 42
11 -1
22 48
-29 0
-32 23
-34 0
27 -32
-40 9
-12 8
-14 11
-19 -38
-16 10
32 -45
4 -22
39 -45
2 -9
-22 29
-38 41
-36 -3
-20 -32
10 10
0 19
-17 -43
-10 13
5 -40
-37 -2
-5 48
-18 49
17 28
4 -21
-32 12
9 10
21 -21
-9 33
4 -12
32 -14
46 -7
33 43
2 26
23 -24
-38 22
-7 25
25 -37
-36 -48
19 12
-46 -17
-48 4
-8 -9
-13 -29
33 34
-18 34
40 8
-19 -11
6 -6
12 38
-7 43
9 41
32 15
16 -25
21 43
3 0
24 26
-33 -14
0 -39
43 49
13 11
19 -13
6 -35
-43 -9
-27 16
35 -5
49 20
31 -31
14 -10
-10 -6
-7 -3
-40 -30
-14 -18
18 24
-42 -4
13 49
4 -38
-5 -40
18 28
14 13
33 34
35 10
42 -29
-37 -47
-32 -47
-28 -38
19 -33
19 -7
-15 -37
46 29
-10 -13
-37 33
-1 47
18 2
-33 32
-38 -25
-5 16
-16 3
15 -39
-46 41
-47 -9
35 -21
25 -32
-7 -22
-18 -32
-48 6
-12 40
19 -31
14 -37
47 -20
-14 -7
-24 -9
48 -24
47 10
31 22
47 17
26 3
-21 -49
21 -39
28 33
-17 27
49 34
-3 8
21 16
22 23
15 -17
20 -29
26 4
-10 -14
13 29
17 36
-8 -46
34 -45
14 -36
37 -24
6 -46
20 0
-48 -28
23 32
-19 -42
-2 -12
-1 -37
22 49
30 41
35 36
17 -12
46 48
-35 -2
24 -48
0 -22
-24 -48
49 33
45 -28
-34 -13
-21 20
-16 32
-7 -14
-3 -1
-32 43
24 -21
-2 -2
22 32
28 5
36 -23
-16 43
-17 -44
-7 9
-42 10
46 -4
27 10
29 46
4 14
44 -5
43 -25
-7 26
-34 -49
-43 18
-1 46
39 14
48 32
5 -43
-34 10
2 39
-24 24
-2 47
-47 15
-4 -25
-48 3
2 25
42 -3
-28 -12
-42 -24
-28 -49
49 -5
-33 33
21 -21
-21 39
16 -28
8 27
-21 7
