31 6
-10 7
35 9
-19 0
27 49
-10 -34
27 29
12 -29
-29 -47
31 27
26 27
39 -30
37 20
-21 -14
5 17
17 -10
-38 -14
18 28
-25 -49
-29 13
-24 32
-47 -2
-34 -20
24 -19
-19 34
-39 26
35 -7
23 31
9 30
20 -18
0 19
-32 20
46 45
11 -9
39 -43
46 41
11 46
9 20
-47 -11
-25 -5
42 -28
49 28
20 -11
23 -18
15 -25
32 26
27 9
23 24
-16 -13
-17 6
-45 28
-5 25
44 -22
-7 30
15 -7
-8 31
-43 -38
15 -23
40 -31
9 -43
47 -6
-22 -2
-6 13
-34 -17
11 47
36 40
-13 3
-43 45
-13 -30
0 13
-49 -6
-39 -32
27 37
-23 18
36 -1
25 -4
-45 -3
34 -16
-12 20
-17 -36
20 27
-20 -47
0 40
45 -17
35 -24
-13 16
43 -15
10 26
36 -47
39 15
36 9
-41 -33
-9 -22
-35 17
-14 -38
21 -26
-18 33
-35 -37
26 33
-30 0
-4 40
-11 -48
35 -7
27 -7
34 -14
-4 -26
0 -32
29 6
-5 -45
-8 38
-38 22
-34 34
4 49
-45 48
-34 47
-7 -48
13 -3
-29 9
-3 40
-7 45
-36 -22
-47 -6
-24 -24
14 -8
-12 35
15 -18
31 -33
34 -21
25 37
16 -44
7 -20
15 11
44 -2
-1 15
31 47
44 31
3 -11
-11 -48
-17 0
-9 35
4 6
42 -18
24 -1
9 -17
11 -44
35 42
-15 -49
-17 34
40 -31
37 0
13 46
-31 45
43 -14
30 4
31 16
1 5
44 -49
49 11
-31 36
-18 16
-3 4
-45 47
41 14
12 39
-34 -14
-27 -2
33 23
6 48
-24 48
-41 22
-45 -10
-43 -29
48 -15
-31 46
14 28
30 15
37 1
45 -18
39 -7
-43 12
38 -25
-43 -32
-12 -9
0 3
17 4
29 34
-31 -31
44 -30
0 29
-9 43
-21 -26
22 -11
-2 -25
-5 42
-25 41
-20 43
-10 44
-17 43
-24 -24
-49 43
-43 -11
38 17
-36 11
-17 7
-49 -6
10 -41
4 -15
39 37
-42 -15
21 -40
28 37
-34 -17
-42 35
-17 8
35 44
3 -43
22 25
-8 -5
8 39
-19 -25
-20 -4
-20 -25
-39 -34
23 14
44 -25
20 -42
45 -12
-46 20
1 0
48 -8
-3 42
-31 0
-18 41
12 -33
-6 7
42 -9
-38 -3
-10 -29
-41 19
-39 -4
-6 36
27 -48
26 -30
-12 0
40 5
-21 -11
-39 -38
-45 41
-40 -4
-29 -33
-10 4
-22 -22
-25 -26
-10 0
-9 -23
-29 -21
31 12
5 -38
-43 -8
5 45
17 -41
-47 14
6 37
29 20
-16 42
30 38
32 -19
-49 -47
24 5
13 4
4 -44
42 16
-17 13
-29 -42
-46 -19
40 20
-10 -37
26 -25
19 -36
12 38
-41 10
38 40
38 -7
47 46
-2 -12
45 -47
-10 38
-18 -37
2 -34
21 20
38 -4
-43 12
40 -8
-43 -39
49 37
-12 -28
-43 16
19 -20
36 -17
-27 -46
