13 15
7 11
28 -32
-29 -47
-40 -44
-14 -14
-32 -9
-4 -16
18 -15
18 3
-29 49
26 -21
32 -15
39 -10
-31 33
-30 -36
37 43
-45 18
-44 -46
47 34
15 -33
4 45
15 47
49 27
42 17
-13 32
2 37
40 -20
15 10
-6 -14
49 -37
32 44
-45 10
-39 26
35 0
-21 -32
12 20
26 -26
33 0
-41 39
36 -31
35 11
25 18
40 -14
-27 16
46 -42
48 42
-45 48
-8 41
28 -27
11 13
13 -15
-1 -13
47 -34
-1 -9
-44 -23
29 -30
-7 -16
43 41
3 31
-29 -11
-27 0
-46 29
-38 16
38 -24
-3 37
-4 24
-5 -45
16 -21
25 -21
-1 -11
-34 -20
23 -17
37 -40
10 -15
16 19
-25 -8
-40 -36
32 19
23 -25
-48 31
-45 26
10 29
-33 -17
-10 -49
-30 48
-43 -49
-10 7
-38 29
-22 -31
35 45
36 -12
-4 25
-33 31
24 -25
-3 29
-19 -2
-25 -17
-43 35
-4 36
31 18
-42 35
-20 5
5 -1
11 45
40 25
9 -37
-23 -2
-45 7
1 29
49 -30
-7 -6
19 48
-26 19
6 45
20 -2
-25 7
-23 -13
32 -32
6 46
-11 -46
1 34
-34 -42
21 44
-14 -10
21 49
41 -31
-28 22
-14 -16
-4 -12
21 -31
31 36
31 23
-12 29
37 -24
-46 14
-12 -28
27 11
-45 4
-33 1
-47 -20
-34 9
15 25
-33 -8
19 -5
21 -47
-4 43
-31 19
-22 47
20 -10
-4 -45
-41 -38
-48 37
49 28
-46 23
-24 -20
-5 14
6 28
48 5
21 -14
12 -46
9 12
20 -1
44 24
-38 -37
-13 30
38 -1
-10 5
-41 -39
-37 -10
-6 -2
-23 18
0 32
29 31
-5 38
-38 24
-40 29
47 28
-19 32
1 4
33 -5
19 23
1 -10
6 1
40 6
46 29
17 16
-32 -2
0 -10
36 -18
20 -9
-6 1
38 29
42 -11
-28 20
-19 -46
9 -15
46 35
22 31
12 -47
18 -11
12 36
-42 47
-42 -22
-12 -10
-27 33
-35 -32
15 -39
5 -36
27 -7
38 43
25 13
49 -9
-28 -48
-35 9
40 38
-30 8
-23 -1
40 25
31 -35
-32 47
-16 8
27 35
-31 -14
29 30
0 -37
48 46
6 0
-30 3
-2 11
-32 -16
-43 -21
14 -2
-44 -20
21 -24
33 -4
25 -33
-10 7
-17 -27
3 22
38 42
-21 -24
-18 17
-27 -47
-27 -4
-33 -22
20 -4
-6 7
34 3
-8 14
33 49
-14 -44
21 -43
-6 30
6 44
-25 24
0 -42
-8 30
47 -5
24 9
7 -7
23 31
-41 8
7 -11
8 -12
-1 34
-26 4
18 12
15 -40
6 39
-48 1
-42 22
23 45
-18 29
28 -4
18 12
-46 -29
8 -16
-9 -32
-42 45
-18 -46
33 13
4 -14
43 -11
5 12
3 33
20 6
0 20
-16 -14
43 -12
49 -22
-10 30
25 -25
-25 20
45 -11
16 14
48 3
-3 44
-17 -47
33 37
9 33
-1 -48
-12 -17
-19 12
-23 -28
-14 -27
-33 11
1 11
13 -30
26 -30
49 -28
-2 35
-25 12
49 34
19 18
36 -29
-49 27
-46 7
26 -11
13 29
-5 -41
12 -38
-11 -3
23 -40
31 9
-12 -7
18 33
16 -49
30 33
-34 26
-43 22
18 -14
-16 20
1 39
-19 16
-40 12
29 28
35 28
17 -18
32 35
10 34
-9 0
-10 -24
-31 44
-40 20
1 -46
-26 16
21 35
39 20
5 -8
42 21
-23 2
-3 -24
5 -44
15 30
33 -17
0 -9
-3 -7
-35 -34
39 -4
-35 -9
-3 5
16 -8
-45 17
-4 1
32 15
-33 -34
-16 -36
-7 27
-22 -33
2 -5
15 -21
4 -19
30 34
-12 -46
32 -35
27 -9
-10 30
-46 15
2 -15
-27 10
-41 5
8 -5
-40 25
-33 -18
-9 -10
-32 25
22 11
40 30
-47 36
41 9
29 -4
41 8
-26 -41
-43 3
-28 -13
-44 3
0 47
-14 41
-40 -41
24 -27
-19 41
13 2
-40 -18
21 -9
47 -19
-29 -17
-29 -45
-16 0
-38 46
2 13
43 29
36 2
-35 0
-40 44
-40 -37
-40 -39
15 39
26 -11
10 26
-36 -46
38 -46
35 -10
-40 -17
-2 33
-11 -44
10 -40
-30 -29
-9 -15
26 1
-46 1
26 -10
-3 49
-47 36
-31 12
-3 -25
21 3
31 23
-20 27
0 -19
12 -18
32 44
-10 -38
-16 27
-35 -15
39 -6
-15 44
11 -9
-22 23
24 -18
-6 -25
45 19
44 -14
-19 23
33 11
48 15
-19 10
-41 -2
21 6
33 19
7 31
-43 -18
26 37
-28 -15
-42 17
-49 3
-11 -23
-3 20
-37 4
-21 -26
35 35
-5 -46
42 16
-2 -30
-31 -49
-45 29
6 10
-13 9
-4 0
8 48
32 2
-30 26
46 -21
22 30
-9 45
-28 19
-15 -39
-26 19
15 -24
38 -40
0 29
46 -6
-35 42
-24 -32
-36 -37
46 48
-2 2
1 1
-46 -19
-17 48
-34 19
3 3
8 26
-8 -25
9 20
-48 10
-48 7
-4 14
-8 -1
6 20
-7 33
16 -28
13 35
30 -33
10 27
-2 -7
4 36
-20 -48
-32 -11
-11 30
-31 48
37 31
-1 43
6 2
29 25
29 -38
-4 5
-16 6
18 -19
16 37
-25 39
47 1
-15 0
-41 -8
-23 -19
13 -26
29 39
-1 43
-31 -17
-31 34
-4 15
15 -8
27 -22
-14 32
48 -35
27 11
24 -31
2 -34
-46 33
-33 0
-44 2
37 30
16 20
36 -44
-31 -20
43 47
-47 -17
33 23
-10 2
8 41
-4 -21
4 9
-43 -18
-31 -27
-35 20
43 -40
0 32
-17 47
-44 34
-26 -35
38 37
-24 -48
5 -27
-42 13
-26 -34
-27 -15
-23 19
39 32
1 -37
-35 -13
31 -21
4 -38
-16 -37
-25 -5
9 47
1 -27
33 -19
32 -35
25 2
-8 13
14 -17
-41 37
44 -45
-8 46
-35 44
22 47
15 -39
30 15
-21 -38
33 4
48 -23
-46 39
27 43
-30 -18
-11 12
25 -48
-13 23
49 0
8 13
16 0
-2 -30
15 0
28 -32
-12 -8
10 -36
-26 24
36 39
1 -44
47 -9
13 -41
-47 -45
11 33
5 -36
0 15
-11 -2
31 48
-11 -35
3 44
-28 3
-31 -8
23 -21
35 2
43 35
-22 37
22 -36
-22 31
-49 0
-28 -21
-26 -42
26 13
-7 29
-2 25
-20 48
12 9
-9 41
-45 37
-11 31
47 -5
-9 48
21 -45
-31 43
0 -49
12 -26
21 -33
33 39
35 -18
18 10
27 23
10 -35
35 -43
-39 23
10 -11
18 22
0 -7
10 -27
-43 -24
-8 48
9 44
9 14
27 21
-41 48
-39 -39
-17 16
25 5
-13 35
-45 6
-7 -20
-2 -14
25 13
-37 -10
37 -33
-18 39
17 -47
3 12
26 -43
-17 15
-35 -25
32 -38
-32 6
43 37
-30 47
-6 -10
-32 -23
17 14
-11 45
3 -45
24 28
-4 -42
49 26
-24 35
-43 40
14 -1
44 37
-23 15
3 -27
-35 -45
-1 47
-7 20
-3 -12
-20 0
-44 -32
-43 46
-20 6
46 34
46 7
41 14
22 46
8 -49
30 -12
27 41
-32 -3
19 43
27 -13
9 3
0 -9
-14 23
-35 5
-3 41
31 15
3 16
27 -7
6 36
21 -43
-35 -37
-16 23
-21 39
13 43
13 -46
0 -36
47 -45
22 -12
-46 -36
-3 49
-49 -4
19 0
-49 -35
4 -41
-45 -40
0 31
-23 41
-3 49
46 12
20 -20
-9 32
32 14
0 -44
-41 -44
-47 -39
47 -38
24 20
9 7
12 -47
35 0
-38 32
43 27
33 38
39 45
-31 13
-26 7
19 -13
44 17
30 28
14 11
-27 15
25 13
-34 0
28 -11
2 -9
5 8
27 27
0 26
49 3
17 -29
20 9
-37 35
0 -33
-11 17
-28 37
-7 16
16 -2
-23 -46
40 11
37 30
-7 -24
29 -48
49 7
27 -5
16 -34
-44 -18
-39 -16
11 -32
0 -19
27 -8
-49 16
0 -9
11 -3
35 -9
42 -4
12 6
11 -43
-13 5
0 13
-36 -30
-16 36
13 -9
1 49
29 15
15 24
18 20
41 18
-23 -37
-46 -21
-6 5
22 27
-37 -45
-32 44
-26 -11
43 -20
19 -34
-37 39
18 33
-1 0
-13 43
-46 47
41 3
37 -7
-38 43
-24 -12
6 -11
-49 34
-27 -20
-5 24
-16 32
-20 -29
4 10
-48 -35
30 -28
-23 -25
20 30
43 37
30 -17
-46 -15
-30 18
32 -44
8 5
-11 18
-38 -18
26 10
11 -19
-4 45
-33 5
-6 48
25 17
-31 -42
-41 -38
-25 28
49 1
-47 -35
2 -28
22 48
-30 -20
8 23
-22 11
-4 16
-13 -1
-35 48
-30 4
-47 -21
7 -14
-14 -6
-29 43
48 37
-18 -14
-7 -21
-18 31
26 32
-36 4
11 8
9 41
48 -44
26 21
-48 20
-16 28
17 20
46 -38
14 37
47 44
-27 26
47 48
5 22
7 44
-25 -37
-28 -12
-2 -36
26 -23
2 -41
16 25
-44 38
8 -3
31 -24
38 7
33 20
4 -39
-35 -12
47 23
-3 43
40 -31
35 5
2 1
35 37
44 -24
9 30
12 15
-30 -22
18 -13
43 -41
-5 -13
-41 46
5 2
-12 -46
29 18
-28 -28
13 -3
35 -25
43 -16
-21 -5
12 8
-39 16
-21 45
-29 5
35 17
-8 0
46 7
10 13
15 18
12 32
-15 -2
-18 -38
-41 1
-3 2
33 36
-8 1
31 31
1 2
33 -34
32 -10
20 -39
0 -18
-10 4
11 -41
-20 24
1 -30
-43 -15
4 -21
-28 10
4 29
-36 -25
7 31
-9 -7
-12 39
37 -14
-37 39
-1 -26
13 -16
39 35
2 22
21 -20
17 31
-3 0
45 -7
-7 0
0 24
-3 -19
12 -3
32 -44
49 -10
-5 -29
-34 -31
1 -45
46 -30
21 5
-10 -46
-24 -31
-41 19
18 9
-43 9
15 15
-5 19
21 -6
48 7
43 -44
-7 0
-19 -39
32 -13
41 34
-32 -12
-18 17
11 21
33 21
20 3
0 11
-5 18
17 20
9 -14
25 25
48 -46
-32 -23
22 2
3 11
-48 7
5 -20
-5 0
20 48
34 -37
26 -48
-22 -17
0 38
-10 -28
24 -29
45 16
-10 -8
-7 13
45 -45
-12 34
-19 -34
47 -4
-25 28
31 39
-41 45
-30 -46
22 22
-2 -31
-6 -11
-49 -18
-13 1
-27 -46
17 -22
-14 -15
-18 4
-44 -11
41 43
45 20
-28 49
17 -11
18 -46
20 2
-42 39
-30 1
49 -15
-9 -47
-7 -39
42 20
-18 25
-28 40
30 -26
6 -15
-36 -36
-44 -44
33 28
6 -20
41 -36
-48 -28
-15 -38
-26 -18
16 -47
-26 26
-1 47
35 -6
-2 45
-42 17
13 16
-40 -31
21 -15
-8 -16
2 -28
-29 31
17 -10
-21 20
-48 42
-46 32
41 27
-7 -37
-10 -14
25 -6
24 -47
-24 18
-43 5
17 35
-25 -23
2 39
-49 44
29 -3
-47 -35
-5 -21
5 0
39 -16
17 -15
-30 38
-37 23
-32 2
-14 30
-37 44
-44 48
40 -22
-38 9
39 -26
25 31
3 46
-47 -31
8 34
14 -1
-29 -18
44 -3
-16 -25
31 49
15 5
19 18
-33 -44
-31 49
42 -41
42 -22
42 41
18 16
-6 -29
33 -22
14 -34
26 -25
-34 30
25 12
15 -12
-35 45
-35 -44
-43 20
-20 -46
24 -16
14 9
44 37
-43 13
-36 -6
-19 10
-39 35
-9 -27
40 -30
0 46
-15 -35
28 -35
40 -47
18 -29
10 46
-5 -16
-31 0
-29 -46
47 -19
-38 18
-45 0
-41 12
6 -42
15 -43
11 -4
19 45
6 1
-33 -34
33 -29
-25 44
12 -25
-15 -24
24 48
21 -46
-13 24
46 6
-3 -19
-11 4
43 -45
9 12
-22 29
-25 -44
10 39
-20 -49
17 -19
48 -7
49 33
13 -5
-19 34
-27 -14
-16 32
-12 34
-30 -36
-27 5
45 -20
11 46
11 24
-20 -49
35 48
-25 29
5 -11
8 17
45 21
-35 25
11 -2
42 35
1 -45
-34 -17
29 -25
-38 -49
34 6
-35 25
-4 -45
-1 11
-36 -46
-6 38
1 -1
43 0
-42 35
-2 -17
12 9
17 25
26 0
4 -6
28 -29
-18 47
36 25
40 42
28 -24
-46 10
-40 -31
8 40
-9 10
-44 20
1 42
32 37
-35 7
16 -40
-30 26
34 35
-42 -1
-10 -45
-33 -27
-16 15
48 17
-39 26
39 -47
-49 -44
39 37
-25 -7
0 -39
-45 -17
26 44
-8 -3
0 -37
-23 -10
21 -21
48 -13
45 -23
-22 4
-13 0
-10 -24
-36 -11
-39 6
37 -40
0 38
-48 -30
46 9
44 -32
-47 49
-3 49
-41 -35
31 13
35 44
31 32
43 -41
42 -26
49 -28
-46 -9
-35 -2
49 -12
-32 -23
40 -43
44 15
0 18
8 8
36 6
-46 37
26 24
-32 -32
-14 4
-44 -15
-10 -18
-2 17
35 34
-28 18
1 -35
39 36
49 -31
22 42
-36 -32
47 -12
-12 30
39 14
21 6
-44 14
-47 47
-15 43
-1 -46
-27 8
8 15
2 -35
-12 -13
18 7
16 7
-5 25
-5 -41
27 0
-49 9
-7 22
-24 16
-17 -32
-20 -39
-26 -29
-6 19
-40 -25
35 26
39 -4
4 47
-5 -2
4 35
49 -17
49 -7
2 -44
6 -33
-6 19
-12 -19
7 -38
45 -42
23 17
23 -47
-31 34
-39 -35
0 5
11 12
5 31
1 18
10 19
23 28
-30 -17
0 32
-27 35
18 27
-2 39
27 -31
19 24
-30 29
48 -10
-44 -35
37 26
9 15
30 -34
43 -16
8 -38
13 10
38 -23
42 34
-34 37
38 47
-26 30
-14 -34
-29 17
-30 25
22 24
-17 -48
-28 -45
-49 -24
6 27
-34 9
-1 11
10 22
32 -25
47 15
8 14
-6 -19
-3 -45
-27 11
-17 23
-30 26
43 -48
-10 23
31 3
-24 -49
-31 -13
-24 37
-15 33
11 -36
8 -47
-20 -19
46 -3
4 17
-32 -48
-25 33
47 19
3 -28
-15 -33
29 -41
35 -24
-33 3
16 42
-49 6
-21 -40
-39 -46
5 49
36 -37
-29 -13
-12 42
-42 36
-34 26
-32 0
-7 17
43 35
-1 42
-8 -30
33 2
4 46
-38 18
-16 21
14 -41
16 11
-42 14
-14 32
-1 -13
-39 -20
3 -27
-1 -26
-27 28
-16 7
8 27
22 1
21 38
-40 37
26 26
-2 9
26 44
-13 -29
47 32
-5 7
4 15
-29 9
31 -6
14 -16
47 -7
-13 45
-24 11
13 -42
45 -23
21 14
-23 42
47 -45
-29 -42
34 38
39 -4
11 31
-19 34
-11 41
21 27
8 49
-33 -38
42 -8
39 47
-6 -27
44 22
7 25
-36 -22
47 34
-28 21
-1 33
-32 35
1 3
29 25
48 33
32 25
9 40
24 15
-39 -49
8 -31
28 28
-28 24
7 -16
-23 3
-25 7
-25 -29
12 25
-22 28
41 -30
28 7
-28 -33
-1 -23
22 -28
-10 -45
-3 1
23 -49
-45 -18
-5 -8
-5 12
-4 40
-19 -27
33 0
0 10
-44 15
10 8
-2 14
45 47
39 -40
3 16
-45 14
23 30
-48 -13
21 14
35 38
-29 8
-36 -31
24 45
27 42
0 7
-19 47
1 -49
-1 13
27 37
-5 15
-48 -37
17 4
5 -2
6 -2
-26 10
27 -36
31 37
-15 -34
26 -27
-3 -22
8 -16
8 47
-40 10
-44 30
-25 9
-10 47
27 -26
-21 -26
15 13
-13 -37
46 -41
-6 38
-43 48
-49 -32
47 -39
9 48
-42 1
-24 12
41 -46
-4 14
-8 24
19 48
-1 -13
-28 2
-31 -40
46 -27
-5 -26
-37 32
25 16
-11 -41
2 32
-49 24
9 -8
26 25
12 -13
28 17
19 37
-39 47
7 32
12 19
-21 16
-11 13
42 -45
-5 -37
-40 8
31 -18
-12 13
38 -22
-23 -48
-26 0
49 -33
34 10
27 26
5 -15
-31 -16
-21 36
46 28
-20 -29
-43 -44
46 -43
-11 -22
23 -25
36 37
-39 -22
-25 -32
-23 -49
-15 46
-11 7
-47 47
28 12
-18 16
11 17
-31 -13
-5 -39
49 -10
49 -41
42 -22
39 36
6 -23
41 30
-10 -33
41 -13
-34 30
6 34
44 14
-31 20
-16 14
40 -29
-29 44
-15 -11
3 -45
21 46
-37 6
35 9
-21 4
30 23
-21 -18
-38 26
48 -27
15 8
49 0
39 -17
11 -14
38 -41
-30 44
-33 25
22 -16
-3 -22
49 -27
19 -6
-5 -28
17 7
-10 -40
-39 47
3 -20
49 46
13 -29
-28 35
1 3
-4 44
-40 -10
46 17
5 22
-13 -38
25 -14
-42 -14
13 20
-29 -3
11 -21
-16 48
-41 -39
-32 0
6 34
-29 -24
3 -16
25 -48
16 19
-42 16
48 29
-36 -41
25 -24
-9 38
-9 11
2 -2
45 -5
-6 45
-40 -17
5 15
-16 27
0 -16
30 -27
-11 -41
37 28
28 33
-29 3
-31 -2
14 32
-15 48
-14 -15
-40 -36
0 20
10 -8
-39 -38
41 17
-45 12
-2 -23
22 -26
44 11
1 -4
-22 22
-37 34
40 24
26 -25
9 -29
-6 40
36 -29
15 19
-44 17
32 -20
-5 17
-5 11
13 -20
43 -12
32 -32
49 47
29 -14
-36 -22
-17 -24
35 42
31 -47
3 47
15 20
14 29
41 3
8 18
44 48
-27 -40
-36 28
3 -17
-31 -44
-2 45
-41 2
-38 -40
37 -29
39 9
40 -2
-21 -23
29 -31
-33 10
-29 -31
38 28
-24 23
-1 -18
24 -7
-4 -5
-23 -30
-27 -4
-44 -11
17 0
1 35
-16 30
1 -45
-36 -47
-44 -23
-6 21
-28 -5
-16 11
-47 20
8 2
38 25
-27 39
38 -14
-29 -19
22 -26
20 -37
-45 -47
-4 5
21 23
15 47
25 -7
-13 14
47 -36
24 41
11 -9
-33 -29
-45 37
37 -34
-27 -2
38 26
-14 11
-44 38
20 25
-43 -30
-45 2
-36 -23
-32 -49
-45 -43
-40 30
3 -3
-16 -9
-8 15
-11 0
-38 16
31 -13
-7 -17
42 7
9 37
47 -17
-12 16
22 39
-16 37
-30 0
-1 -15
35 14
-14 27
38 48
13 25
7 -36
32 33
36 9
43 37
30 -26
-2 21
21 -7
-29 32
-32 28
15 -31
-30 -41
8 -29
-7 18
46 44
-42 39
48 -45
42 14
20 -30
22 13
-37 49
13 13
8 -47
-8 16
-15 -31
20 14
-15 25
-29 -10
-16 25
-2 -27
-16 31
28 0
6 47
26 44
-26 38
19 -21
-34 10
7 26
-14 -28
38 -26
-23 31
5 36
-35 -6
-19 4
-19 20
47 1
-42 -15
-35 -41
16 0
-45 -46
36 -19
-46 -19
19 33
15 37
22 -4
48 44
47 -2
-41 -13
-41 21
-26 -7
-12 32
-27 20
-45 -24
-44 0
-15 35
-31 -27
-3 -36
-29 -15
-18 -43
0 -45
-7 49
27 -14
-27 -40
-18 -3
4 -27
-16 -28
19 23
-34 48
-28 42
30 42
-33 3
-28 13
48 -4
-5 -44
-43 -16
-24 46
-2 11
31 -18
43 -11
13 -47
5 14
16 -33
42 32
41 -40
32 1
-37 -46
-24 20
-37 45
-4 -23
0 4
-18 46
25 -45
41 -5
25 15
26 31
28 31
-9 21
-8 12
19 0
10 43
25 -15
-18 -21
9 16
-1 -7
-38 -33
15 48
38 -13
41 19
34 43
-30 -38
-35 20
-37 -38
-7 8
3 -17
-17 21
-8 4
-36 7
25 5
5 15
-19 -41
40 -24
49 3
-14 -35
0 38
17 -36
22 12
-16 23
-40 9
-42 -9
13 40
31 11
35 -22
-24 -45
9 41
17 40
-34 -19
-37 -8
45 0
17 2
41 42
10 -26
-22 21
41 2
47 -1
-24 -37
-34 18
-45 10
-14 -29
16 -7
20 29
21 45
0 -3
-8 20
-44 23
-44 38
2 11
-11 -24
21 -22
-12 14
35 36
35 9
20 20
-21 1
-47 37
8 14
39 -23
39 -34
-10 -47
40 -42
44 -22
49 14
49 -4
-13 -36
16 0
-40 18
40 -15
11 36
27 47
37 -37
23 -33
3 -4
-12 18
0 -1
-27 22
17 -17
15 -22
17 -14
47 -25
17 45
9 -43
-6 27
32 41
-35 26
8 -43
-25 36
-7 0
-33 -11
-5 -2
13 9
44 -42
-4 -21
-35 -38
5 -41
-44 42
29 -3
-36 17
-27 -34
12 -40
-23 24
-24 30
-41 33
11 -17
-6 34
-2 -23
-27 -41
-15 -33
5 -21
-47 35
-29 -49
41 6
-23 33
18 23
-14 -32
5 -25
8 43
-31 -12
38 48
-23 20
-49 1
-40 -28
-13 -42
23 9
-42 34
14 35
-7 -25
26 24
23 16
-27 -19
21 -7
-7 -23
-21 0
20 4
7 14
25 -16
30 49
17 9
30 48
26 23
-17 14
-19 19
6 49
-48 -42
-31 -23
-6 -17
-10 -33
-47 -9
-25 -32
48 -27
8 -26
-24 20
46 18
-49 14
26 6
6 -24
2 18
31 -19
-33 38
-26 -49
-9 -33
46 -40
49 46
39 -8
-22 -41
-35 -24
-48 -27
-25 0
44 42
-22 14
45 -27
-39 34
26 26
-26 -8
25 7
-24 39
34 36
-42 47
-8 18
-17 43
26 38
19 -12
-39 -9
-18 -15
36 -12
-23 -21
38 3
26 -27
-32 -29
41 -36
48 9
18 -15
0 35
-3 -13
15 8
6 -44
-4 -48
-33 8
-49 -13
-27 16
-28 17
33 -28
-12 -45
-20 -14
-13 21
26 44
47 0
2 20
-23 37
-20 40
-46 26
-16 -23
1 -17
45 9
21 -31
-29 44
13 -20
7 43
-14 -15
32 -49
-34 20
26 27
39 -34
-39 41
-11 -6
11 44
9 33
4 2
36 33
6 17
-21 -4
0 -37
-34 21
33 34
37 -19
-20 -7
-4 14
24 -4
33 -6
-21 7
-28 6
35 -22
25 35
-19 13
23 41
42 11
-15 -1
-31 -23
-1 28
38 9
-5 18
-44 -11
1 31
-10 -17
38 47
36 -28
-26 33
21 -43
-27 -2
-33 40
0 0
-44 -43
28 31
-31 3
19 -13
-12 18
1 36
22 -6
-15 -26
4 -29
-1 -13
-24 42
-17 12
-24 -38
-34 -16
9 47
20 21
47 -48
26 41
14 -15
-43 -28
-42 -18
-19 45
-21 -15
-10 36
20 -2
-46 -2
-7 -42
-28 12
-32 -20
7 28
20 45
-4 24
34 9
40 -32
-10 33
-25 -34
27 -3
31 -46
0 40
2 -42
27 2
25 -47
-44 -5
-21 11
-5 -25
-46 29
-22 31
41 30
-14 -37
25 -34
32 -1
10 -8
7 -29
-40 21
-4 41
-34 -19
-36 -10
23 0
47 0
8 -5
-38 -10
0 -42
46 47
-34 7
-14 -16
5 -47
37 -36
38 -20
-24 -16
33 42
0 -8
27 -42
37 16
-16 -26
34 44
-47 -17
-9 -37
3 5
30 -28
-30 18
31 44
-31 -14
-10 -41
-42 -44
-44 -28
-38 -49
-17 -33
5 -37
-18 13
27 24
-41 8
43 -14
-46 -21
24 -49
46 25
-11 10
36 -5
-9 -46
16 11
3 -46
9 32
-7 41
-21 -5
-13 40
29 21
44 -11
-48 -18
29 -27
33 33
-13 -49
19 15
38 17
-20 -42
-22 5
-31 9
-12 -42
-42 -35
49 34
-39 -48
39 -25
18 -43
5 -35
-16 -2
-24 -20
1 40
-27 -45
10 -6
5 -2
-36 -36
47 -2
26 -4
-40 -40
27 22
-19 49
14 -13
-32 -16
15 2
-5 29
28 -10
-12 32
32 42
39 -47
-35 43
48 -13
7 4
17 -37
28 -11
-5 -43
22 0
35 8
-38 -27
-31 40
-28 24
-29 -24
-46 -29
-34 -2
31 -35
-40 34
-18 -5
31 -20
-39 4
33 11
27 23
8 -44
17 46
-26 -28
-16 -21
37 18
-7 11
-47 -34
42 40
-25 -38
0 -16
-15 -9
20 -41
-18 44
41 29
14 -41
-29 20
-7 19
-20 -8
-9 -15
-5 -26
-20 -38
-49 36
26 22
33 15
49 27
7 24
41 17
18 -8
-30 49
2 12
24 -36
6 -19
-18 26
16 9
-28 -39
19 48
-43 -24
2 -46
-15 38
-10 -16
19 45
13 -16
43 -26
43 -20
18 20
20 6
-28 9
9 2
36 -38
42 3
-31 -12
10 -36
-41 -46
47 9
-17 12
-11 -10
-44 -37
-8 -30
34 31
-33 -45
31 26
10 -39
29 0
41 26
-42 27
-19 11
7 -47
-17 29
-5 17
2 -16
22 7
45 36
49 -1
-9 -14
-47 -17
-41 27
-48 -14
-33 27
-15 -17
29 0
29 -14
-23 44
15 0
-29 1
13 -12
1 -43
-31 41
49 18
14 48
17 15
25 44
18 -44
45 -3
21 -15
9 -6
-29 -21
-26 19
-49 42
-29 11
22 5
46 -17
28 -6
-24 -10
37 -24
8 5
45 49
-18 9
19 21
3 0
44 -6
-42 36
-39 33
46 22
-37 -40
-12 4
6 -10
-19 32
-36 -29
-47 30
-19 -22
-15 16
48 33
-7 8
-15 -44
-19 -47
49 -24
-10 -25
-47 7
43 14
14 -27
14 -31
48 -3
47 28
-37 3
46 -1
7 26
-31 -42
-41 34
43 0
-18 -35
41 46
34 10
16 -38
35 -28
44 -25
-34 14
-33 16
-7 -36
46 -8
-39 21
-45 -27
43 -9
-41 31
48 42
16 -3
-46 -1
-44 32
-48 -28
-23 -19
37 27
-27 13
-21 38
-22 -36
-11 -49
-11 -31
-3 -48
-47 -14
-22 -43
48 -2
41 -8
15 -5
-39 35
-8 -18
-10 -27
28 23
-41 20
-18 -46
-5 -5
-22 33
4 -15
-37 49
-34 39
-38 -36
-39 14
-17 23
44 2
0 48
-39 -2
-41 -35
-4 48
-23 -12
27 -15
-26 48
25 43
-3 -15
-39 37
33 14
-2 -13
31 -18
15 -37
27 -40
4 -42
-45 -38
3 -17
-43 -34
8 -42
15 0
-25 13
29 20
-24 -11
-2 -30
-8 25
-41 5
-40 13
46 -47
-13 34
-25 39
-6 -3
-21 3
-44 31
-38 5
25 8
5 -39
45 49
-18 22
-12 36
24 8
34 34
33 18
-22 -44
-33 36
1 -38
-36 7
17 40
6 -49
-49 10
29 8
-4 14
-31 23
27 4
-7 29
12 -19
-18 0
37 -31
-40 22
-3 -25
-19 -23
-31 49
34 -27
48 32
42 -49
-37 29
33 -21
26 -28
9 -11
3 5
-26 -49
7 10
41 42
0 23
41 8
-47 0
-3 -40
-8 -15
3 -21
-18 15
30 21
3 -27
12 10
31 -41
-35 24
33 -42
19 -32
-46 45
-30 -1
29 -10
2 -42
-24 -7
49 2
13 -32
-36 11
21 25
46 -39
-49 -34
-38 19
-10 -33
-23 22
-39 43
-23 0
4 -6
-23 -34
31 -26
31 35
14 37
34 -37
-15 -34
7 20
-11 12
9 -8
-8 -40
29 2
35 -44
-14 -35
39 36
23 -7
-43 34
4 -17
20 -49
-49 13
-4 -39
-30 -29
-45 -3
-20 -24
-46 -10
28 31
-1 47
-40 14
-23 23
-43 23
-5 48
-10 29
42 32
19 -35
-46 37
9 10
-8 -36
-19 -3
-10 30
-45 37
-6 4
-34 -23
30 -5
40 -16
31 17
26 -14
-4 -5
-7 -24
-44 -33
-49 49
-2 -6
7 -30
30 -6
5 29
16 28
31 -39
-23 33
25 27
-43 8
-9 38
-8 -40
-26 -2
-33 -9
-2 34
-6 -9
36 -17
7 41
33 44
18 31
38 -5
-11 -10
-34 23
-27 5
-23 25
0 19
-36 -32
15 -5
17 43
14 -31
10 42
27 19
6 17
45 24
38 28
-7 10
-18 -17
-19 38
15 -25
-18 45
-12 21
18 -2
-21 0
38 -26
41 38
-14 20
-13 -18
3 34
-13 -49
13 -26
25 -8
0 -49
33 14
4 28
17 10
-4 -47
-4 -33
-1 -12
-18 18
18 -42
38 -45
42 -33
-30 15
-44 22
22 -30
15 11
-22 -44
-5 30
0 24
-48 -29
-9 -21
-19 -12
-4 32
-18 -29
23 -18
-7 37
-17 -32
-26 -47
-43 -45
-41 27
37 36
42 -23
-9 -13
-27 -27
25 -25
-37 -4
-43 2
-12 1
-41 47
13 -47
-33 -8
-25 -3
31 31
21 -39
-14 48
-6 43
11 -9
-13 -29
-49 17
17 -37
-43 -15
19 28
-5 32
-21 -18
-28 -31
16 -23
19 -27
-37 -17
40 -25
34 -39
44 -7
49 17
-18 -21
-25 36
27 -10
-20 -15
24 -2
-37 -1
14 21
-5 19
6 -28
-11 -39
-10 -22
-16 10
18 26
-45 -26
14 -27
37 -16
-28 9
33 -43
-11 26
-22 -6
-44 -36
32 -32
-41 29
31 7
4 -32
27 -43
-31 22
-42 -7
-5 -40
15 -32
31 27
40 26
48 32
-28 -24
-49 23
27 -1
7 -49
38 -12
26 45
-47 -32
-1 45
-16 41
36 40
-17 -7
18 -29
-23 -24
-28 36
-15 -37
-2 41
-6 -44
41 -24
-8 -16
27 -19
-46 -16
24 41
18 -12
-46 37
25 27
-2 -29
-46 -3
-19 -28
-24 36
-34 32
31 48
26 6
36 42
0 15
-43 42
35 -12
28 -45
43 47
49 0
29 12
47 -1
29 -40
2 25
-39 16
11 -30
37 44
2 15
-3 25
30 -25
-5 -13
38 -49
38 7
34 7
-40 -45
3 -23
-25 -6
-12 -25
-27 -5
-41 -43
0 49
48 -40
-29 -43
22 29
-26 5
-15 0
-36 36
5 49
-36 -14
36 13
-46 39
-9 -49
41 -1
-21 -2
33 -33
42 -25
1 -22
44 -16
-13 0
-6 -23
5 -33
0 32
-12 41
32 -33
15 12
-23 -9
-29 15
1 -40
27 6
23 43
16 44
-21 -43
43 -34
11 48
-32 -35
-14 -31
31 -30
3 20
-16 45
-23 -48
-36 -12
0 2
-11 11
-31 22
43 -49
-7 -39
-19 -9
31 -31
38 -34
-12 -37
-9 41
-37 -22
4 -24
14 -49
23 33
-19 45
-46 1
-3 -1
22 -30
45 33
-1 35
45 28
21 -12
-21 -2
-3 -39
49 28
-11 -17
23 0
47 17
25 -29
-20 25
0 -33
35 46
-40 -36
48 -27
22 -17
24 -22
-14 -47
-21 -1
-7 1
28 38
39 -41
41 -8
-21 32
33 11
14 41
-8 -1
-46 32
34 -43
-7 2
-47 -1
-47 4
10 -26
27 -33
-32 47
-42 -12
-35 -9
21 23
-10 35
39 -11
-14 -16
-15 8
-38 28
2 -7
24 -39
15 41
10 -8
11 47
-28 -10
3 -22
32 31
11 15
1 34
-41 18
-33 -11
44 28
9 21
24 4
-23 -38
-49 -1
44 -23
12 -33
-14 -33
-14 -25
40 -15
-21 23
35 46
5 27
-19 -37
22 -45
-30 -12
2 19
43 -40
-7 -30
46 10
-28 -5
33 15
0 -29
-49 34
-26 -20
-16 42
5 -37
-43 -49
0 -3
-22 15
22 -19
41 31
-38 20
39 -20
28 9
-20 -26
-37 28
-13 21
15 41
47 -44
23 36
38 48
-1 -12
27 42
-27 8
28 -21
-43 22
-13 -16
9 -10
-33 39
-6 -40
-28 -21
19 -2
44 28
41 -35
-46 12
-7 -29
-13 -25
30 -43
-10 -26
-37 -38
-21 6
-3 -43
6 20
-8 18
37 29
27 -7
30 -44
40 10
-1 48
41 -45
-12 11
25 -42
37 -1
-45 -39
-25 -25
34 -4
-47 -27
-7 1
-32 -10
-44 -5
-34 -47
38 41
13 28
-48 -21
29 -17
31 9
32 13
-33 39
-49 47
-39 10
12 17
-35 48
-48 39
0 32
-16 -1
27 -19
39 25
11 47
3 37
-39 29
-34 -45
-27 -2
-12 -19
-6 -22
-27 -38
38 45
-39 -2
-40 25
-23 -43
40 32
32 31
-1 24
31 10
46 33
0 -16
31 -48
-31 -26
-13 -45
42 -48
-27 18
5 -10
-11 -22
-35 39
-8 10
-24 -11
-27 -48
-8 -11
-44 -2
21 -30
19 9
36 -1
-10 -44
40 17
1 21
-21 49
43 -5
-3 1
35 42
33 30
-30 -9
16 -44
8 9
3 42
20 -49
-47 43
-29 -7
28 38
44 -33
-36 46
17 0
-3 0
29 44
-45 34
-14 -1
-44 -23
21 6
-15 15
34 7
-39 36
24 -5
10 -42
11 -44
41 7
47 36
-44 35
-1 26
-39 -10
-33 -41
-7 -43
-8 31
21 -11
12 35
0 -47
-28 -26
21 -6
0 16
26 46
-34 6
-18 -1
-35 -9
-44 37
-7 -11
-18 37
-33 -47
-7 -38
-39 -5
-14 -14
-14 -12
-23 7
-43 33
47 -45
6 9
4 14
27 -15
22 -35
-20 -13
37 -31
-27 48
12 -3
-3 -40
-4 -16
-26 -30
46 30
21 41
-20 24
40 1
-34 42
-27 32
-21 11
-49 -12
40 17
20 7
40 16
4 0
-25 -16
-11 -39
20 38
33 -44
-43 -14
35 -9
35 20
26 -2
-44 -46
-33 -7
-13 38
-42 18
-7 42
14 -21
29 -21
40 -46
10 28
-25 19
1 -6
42 -19
46 -4
-14 23
46 -11
21 -4
-35 -30
-3 -40
-22 -24
-22 -38
2 45
-38 3
-18 23
35 36
-42 46
40 -33
-40 -41
-3 35
-8 -2
12 27
42 16
13 -12
44 -6
26 -6
39 39
6 -15
-12 24
37 33
-3 -28
-7 28
46 47
15 -16
-12 0
12 41
-16 47
9 16
-49 38
-15 -21
13 20
23 7
-49 -40
-5 -42
-3 -37
22 -43
29 12
24 15
32 -44
-26 34
-30 -14
-22 35
47 -15
6 -20
-6 5
32 4
48 17
29 -48
-37 -16
-42 8
-17 47
-49 11
-48 35
-44 -29
38 -36
-26 7
23 -49
19 -19
-35 9
-13 -34
12 -13
31 -21
-8 46
-42 19
-2 6
12 -2
-2 20
-11 30
35 -8
30 -38
38 8
10 -12
-36 -10
11 2
33 -6
26 -17
14 -12
11 -45
-6 -4
10 -14
-13 27
40 9
7 41
38 2
-36 -17
-38 -22
49 -28
7 -46
-7 -26
-11 -42
-47 10
-41 22
41 3
-41 23
-26 46
27 -35
10 24
-28 -9
43 -13
-37 -35
-33 -36
-2 -7
-35 6
13 -1
21 -8
2 14
24 -4
-35 19
-25 -8
-45 33
10 -37
-45 -10
-10 -36
-2 -15
-36 -30
37 16
-22 -10
12 38
0 -8
46 -22
3 17
-6 -33
-12 24
-15 27
49 -36
21 31
-49 3
43 29
-17 25
6 20
-49 -16
29 -36
22 -34
24 16
-28 0
45 -21
8 3
-10 -28
-23 24
-38 16
8 16
11 28
-48 -38
-31 17
15 -39
45 1
34 -27
-1 -22
26 39
42 25
-9 12
-43 19
6 -7
29 14
-1 7
3 7
-32 -24
3 -1
40 29
-25 10
32 -32
8 37
29 27
22 -10
-49 9
26 18
-1 28
40 -31
-10 -34
13 -8
43 22
-26 22
22 -28
40 -4
6 -16
44 -23
-17 1
44 -9
8 3
-47 5
-48 -38
-11 -15
8 30
4 -5
9 5
-25 22
17 42
3 -37
-38 35
-20 -5
8 3
2 -1
12 -3
-2 -49
-2 -31
-11 48
-36 25
3 -48
-14 -45
-35 32
45 -8
-19 -7
-5 -27
35 9
19 20
-24 -38
17 6
25 16
5 26
-35 34
-8 -28
-19 18
12 -31
-45 22
48 -9
24 -15
-6 10
-43 9
2 -20
-15 -42
47 -44
-16 47
-22 13
-4 -23
27 -18
-17 12
0 36
-45 -11
49 -1
2 26
-10 12
-13 42
-13 5
31 -8
25 49
28 -39
8 14
-9 5
-4 38
-31 22
10 -26
45 -42
19 -15
-29 14
8 4
-25 3
29 26
-16 29
29 39
16 -16
42 -26
25 14
5 14
-29 38
49 -1
-29 3
-48 -37
30 18
22 -23
-8 -18
-5 13
-13 5
-7 47
38 -23
-28 -14
2 -11
-22 -48
47 -41
22 40
-35 -41
34 -42
16 4
46 16
-30 19
-20 -15
-7 -34
-9 -21
-18 34
6 2
46 14
-8 48
-19 36
-16 27
49 0
0 -7
-14 -9
16 -14
-40 10
39 -14
28 -10
3 -10
-18 22
-6 -9
0 -9
26 -47
-14 1
19 2
-5 -37
-48 45
-39 -24
32 -41
49 -14
29 49
-42 -12
4 9
23 3
19 -5
-42 7
-24 9
-30 -41
-11 -48
44 -35
-25 -40
15 30
37 32
-9 18
-9 12
28 -37
-20 30
-26 -9
47 46
-46 -33
-42 -23
-17 11
-32 30
29 12
-17 12
-11 -28
30 -39
37 -41
24 5
-19 -30
-33 39
34 -18
-10 -45
-6 1
33 25
-35 6
-28 -47
