34 45
-13 38
-15 18
-40 -36
-46 -22
-20 -9
19 37
7 22
-10 27
30 31
46 34
-48 -19
-11 -27
-33 -38
33 28
-22 -46
16 31
16 -5
21 10
45 33
-37 -32
25 9
-21 -13
-6 -49
10 -40
37 -45
26 -23
34 27
-31 -41
-2 24
29 -27
-13 12
41 -6
-40 43
-37 -32
-40 -24
7 11
7 14
-9 -4
-1 8
0 41
31 22
38 -36
45 -37
19 31
-6 5
22 44
-29 6
-46 -9
0 22
-26 -19
-1 0
31 43
-44 -9
-19 3
9 7
-26 -19
-41 -37
22 -29
9 4
9 39
-25 -24
-12 -10
-11 43
-38 -16
-8 -14
-27 -39
10 -23
34 39
44 -32
20 -30
19 -21
41 14
-37 -40
-36 7
33 -12
-27 16
-23 -40
32 2
-31 -30
-31 29
-8 14
-10 -6
28 -26
-21 35
14 -35
-17 -37
34 35
-9 -29
-19 28
15 32
-14 47
-16 -38
27 38
9 -19
-23 -13
26 -8
21 -42
-29 21
12 0
24 -26
9 -44
7 -26
4 -43
3 34
-37 13
-35 -1
15 34
-45 -48
-46 -23
49 -7
11 -1
7 -18
-49 -13
-16 -49
33 -17
-8 -27
42 -37
7 -48
-19 -12
-5 -40
25 12
2 22
-13 -45
-46 -25
4 -18
26 -17
23 -20
11 26
5 -15
-27 -19
-33 -28
33 30
-11 -29
-9 -32
-1 -20
-21 -4
15 20
36 -24
44 32
-48 -9
8 -21
42 -5
-40 -29
-11 -42
6 -44
15 -40
21 -36
-45 38
1 -29
4 -1
-16 43
-42 33
15 8
16 3
-1 -1
-6 10
-46 16
39 19
30 -2
-4 24
26 -37
21 -32
-10 -48
39 31
-48 29
18 44
-18 34
33 -6
-38 20
-8 -29
42 6
-7 11
-13 -1
34 -27
6 20
-31 40
-22 -17
-49 19
22 5
11 -38
-5 -26
14 -39
16 -44
-44 20
-7 -8
-10 27
-13 -34
-48 -32
45 35
-18 -8
38 -2
28 41
16 0
-49 -1
29 -28
16 -11
-36 16
15 23
-24 -3
-27 14
19 3
23 3
20 12
12 7
9 23
-39 -38
-3 -13
7 -20
-13 7
29 12
5 -4
30 7
-18 -8
34 14
8 -13
35 -16
27 -49
19 27
6 -6
20 2
-17 -48
-15 -33
47 -40
0 38
-30 -45
48 -28
-18 -21
-6 -7
6 24
44 37
-33 -22
3 22
-4 44
-24 -29
-12 -17
23 -26
-7 29
39 -38
39 48
39 -26
-23 -5
35 -2
-2 -49
-30 -30
-5 22
-15 49
-45 -48
-15 14
43 32
36 11
25 16
-3 24
21 42
43 -27
30 21
0 -23
-44 -20
29 -47
5 -27
25 10
-7 -7
-24 27
16 -43
2 -43
5 47
3 34
-30 -37
-22 1
-40 28
36 24
25 -30
28 -34
25 -31
-47 -3
-6 -35
44 -42
-48 -17
-24 -45
39 -41
-14 17
26 -17
-35 46
35 4
-49 -20
-17 -12
-13 -14
-49 29
-10 4
37 -39
-5 -32
36 -47
-45 -30
-25 48
49 30
-16 28
-18 13
-14 -14
45 18
25 -44
30 -32
-43 5
29 47
42 32
45 35
-38 -39
37 -11
-25 48
-8 -8
-26 45
-29 11
43 47
-5 8
41 -14
-7 -44
-34 1
-7 47
-32 11
32 20
-26 -31
-39 -47
-9 -41
-3 -3
7 49
-21 -47
-30 48
42 -29
29 41
-47 45
8 39
-19 -7
-36 -41
10 26
-28 -41
-23 -36
-9 -13
23 -13
-19 45
-14 -1
26 -33
35 -12
1 -12
-48 -14
-30 34
-2 -1
-49 5
37 6
3 -31
34 27
-22 23
-32 25
-12 10
6 21
8 46
10 -42
-40 -26
14 -15
-28 20
36 -48
44 37
-4 47
4 41
2 -33
-45 6
-17 -3
46 40
-23 29
-1 -13
32 37
-40 -17
-9 -10
49 -16
-44 -45
8 22
-10 14
45 48
-19 -14
26 26
8 -1
8 24
-39 33
24 -43
-1 -33
15 -48
-14 -28
31 -44
-3 3
-43 -49
-31 28
-37 2
-20 41
-44 -7
18 46
-32 12
-19 -19
47 11
12 -43
-5 3
40 20
37 28
35 13
-25 -42
18 -49
-20 -2
46 -21
18 45
2 0
-47 -26
-5 -48
-32 -7
-26 -40
25 -15
-12 -19
-47 10
29 22
32 -49
-12 16
-49 9
-37 9
8 -35
-4 -31
37 -19
-46 -25
47 -40
30 -5
-20 5
23 -4
-12 2
37 31
15 30
-46 18
38 -2
-36 38
14 21
-35 -10
0 -12
-8 19
21 -27
27 0
33 -10
20 42
15 -48
28 30
2 4
34 -22
46 -7
19 -24
-20 -25
0 10
29 -26
35 -36
-22 -1
-32 9
9 36
40 28
-25 6
0 -39
21 45
-47 -17
30 -29
24 -12
10 -15
41 1
9 2
-24 22
-2 32
26 23
-42 -48
20 -4
-12 -17
-17 14
7 13
34 -31
-29 -10
-43 -37
6 15
-12 18
-47 -44
-46 0
-17 38
-32 41
20 -15
23 -39
0 -25
41 -40
34 -19
-11 25
-21 -42
28 16
-9 -30
-43 17
-41 1
41 18
0 45
39 37
46 20
25 -46
-14 -3
-35 -29
-18 45
