-22 1
-6 25
-29 28
15 32
-15 26
-22 -26
-44 -26
-31 0
-38 15
-23 25
-1 -22
6 -26
23 -46
2 23
-3 -9
-17 43
-15 -41
-46 44
26 9
-13 7
-26 -48
42 38
-2 0
-41 -6
28 49
47 25
-31 10
44 -35
27 -36
-22 10
-32 20
45 11
-44 -4
6 -9
-22 0
-36 -8
-41 -22
16 -10
-21 -31
-33 -19
7 3
44 33
-35 -37
20 39
-29 25
36 36
-32 -29
44 22
-16 34
35 -5
-45 -14
7 -27
47 45
-16 -28
-4 -13
-35 -26
16 41
-11 -49
3 47
-4 -30
29 -36
-4 -28
-3 28
9 -34
16 48
-25 -22
45 13
7 -43
-19 35
-10 -42
-16 -11
34 -29
24 20
40 31
16 -25
49 15
-8 5
-31 37
47 -42
11 48
25 -23
-27 4
-3 -6
41 36
-30 27
-6 31
4 -37
14 -45
-25 -18
41 -4
24 6
5 47
-36 3
-20 -43
-48 -16
-26 -43
-12 -11
0 -44
46 14
-36 -22
-24 -16
48 -5
-43 0
-30 9
36 -35
-30 -43
25 41
-19 4
6 -18
8 15
-42 5
0 35
10 -44
-32 23
-17 -15
20 33
-2 -41
0 -9
10 -33
-18 -33
-14 46
27 -8
11 18
-43 -36
-7 9
-44 -44
27 34
32 -4
-38 -46
-31 35
15 4
-14 -17
1 33
24 -36
-24 8
-25 -22
1 10
48 18
15 47
-9 45
-10 -3
29 -8
-39 -45
34 49
40 -5
-38 6
-10 -42
24 -7
-39 -24
-28 34
-21 -29
-46 2
0 35
33 13
-23 -36
31 39
-31 11
-32 -46
42 11
-4 -35
-35 -24
-42 6
11 28
-16 12
25 21
49 9
-18 -48
-24 38
-23 7
14 41
32 13
-27 -45
36 33
-23 -46
19 23
-34 -48
-16 -40
49 -38
5 49
0 -19
24 -15
27 5
15 -24
43 -41
-3 -34
31 20
36 -44
28 -4
-4 23
-3 -21
-2 18
7 -36
21 -23
-43 -23
-7 -34
40 -32
-19 -6
-35 5
42 -10
28 -16
-14 -37
48 5
4 -3
38 -35
26 16
-8 3
-34 -2
-17 37
38 -49
-4 -15
-4 29
-32 39
-40 47
-37 39
41 -5
10 -22
-40 -41
-13 0
-23 39
-16 -11
-3 44
-30 37
44 21
-43 44
22 -42
-17 17
-28 20
24 45
37 0
43 -12
19 -10
46 -33
-20 35
-15 -12
13 -26
45 -33
-6 -11
19 -9
-36 24
30 -22
1 -6
48 4
-35 -13
48 32
1 -25
-44 10
49 -49
-29 -13
29 35
-18 0
13 -25
-22 -48
-19 42
-19 -38
-45 45
-2 -43
-12 -11
-6 -1
-11 14
8 -17
-33 -13
1 1
30 25
7 48
11 28
30 -1
-45 38
5 48
-13 13
31 -41
-21 0
25 -39
33 27
-44 21
27 21
-29 -21
21 14
-11 -31
-26 -36
17 38
-19 2
27 -17
-36 33
-43 39
5 45
6 40
-22 -42
-37 -13
31 2
8 35
-27 -24
-17 -7
3 -21
13 36
16 -38
-29 35
-7 -22
-22 29
7 -14
4 39
38 -39
36 -17
42 -39
-29 29
22 -3
-17 46
-28 35
-10 -1
-10 47
-39 -19
-45 40
34 -44
-18 46
-22 -47
9 -16
49 -33
44 36
17 -31
14 -40
-21 -5
33 -20
15 22
11 26
-28 10
19 -21
33 -26
8 46
-3 23
-37 41
23 -12
-2 7
14 47
29 -3
-1 8
13 -25
-30 25
49 42
23 45
23 24
2 49
40 -29
5 -28
6 -30
9 -34
-39 21
48 2
-36 -13
-23 43
-47 38
0 -18
-21 -16
-18 -37
-3 43
-3 -19
11 -19
47 30
-20 -45
2 17
-4 2
-42 32
-43 -8
-18 37
-36 -19
11 0
-43 -25
-49 0
-49 32
45 27
-41 -6
22 -23
12 -35
-36 -26
38 -5
3 -32
-20 6
-45 43
-27 40
31 -41
31 -16
-27 25
32 8
-37 1
-37 -24
36 28
16 -49
35 -8
-30 29
49 47
15 30
-29 46
-18 17
-42 -46
-33 7
-1 46
24 -42
-10 -11
-5 29
13 -29
-28 35
-43 -6
16 -45
-15 33
41 8
0 30
46 30
1 29
27 -32
18 -45
-35 -30
9 9
-14 -14
-2 47
-2 30
-35 -26
2 -9
44 28
-49 -22
36 43
32 31
0 -1
-15 -23
9 44
-39 35
44 -12
9 -38
-27 17
41 -42
-19 1
-37 -38
5 30
24 -11
6 0
-18 0
-6 -15
45 -28
28 42
-12 -21
26 2
-25 19
2 -6
40 11
-28 -40
19 -31
-44 -34
41 -2
18 6
47 -17
-30 39
-23 17
42 -29
-32 7
11 2
42 1
30 49
-22 43
27 -18
-6 12
-34 35
-11 -43
-35 -26
-6 35
-32 26
48 -8
-32 -17
-28 -36
27 11
-34 24
-30 34
11 26
1 49
-21 -28
-23 24
29 4
32 -38
25 -42
6 0
0 13
14 17
19 -7
44 18
-37 -33
45 -10
25 27
15 0
2 38
-2 -13
-4 -32
-7 -23
-16 -3
20 7
11 -18
-13 19
-5 -37
-33 -21
42 27
-10 -20
22 24
-27 -45
3 -14
-37 -24
-36 31
-40 -4
-2 -36
-2 21
45 5
41 -41
49 23
-12 -26
20 -26
33 -31
-14 43
-8 43
33 13
5 47
7 1
-33 -3
4 43
41 14
-40 -38
16 40
-37 18
-24 0
2 -5
-24 -20
16 -3
23 26
30 -45
20 -31
-39 6
41 49
0 5
-16 17
44 16
-37 -32
-44 -41
17 10
-38 -14
6 26
-35 -28
22 -47
23 -38
-39 9
18 27
35 -47
33 34
-32 -44
31 -28
-35 1
-19 -21
-16 -35
-36 -4
-14 17
5 37
-17 -17
-44 -12
-42 -42
17 24
20 -36
25 -3
17 9
-34 -39
-12 -29
-8 -35
-39 34
-17 -43
13 34
7 32
9 9
-33 19
1 15
33 29
40 -12
-29 39
2 15
-37 -2
23 -14
-7 -17
-28 33
-6 4
-32 -33
17 7
39 -21
16 48
8 -39
35 -36
19 -31
40 -25
-31 -39
29 -46
18 -14
-3 33
-30 -15
36 -39
21 -32
-23 -39
-13 -30
-6 -24
-23 48
7 -34
-26 -30
38 -25
-13 -14
-28 41
-6 -46
29 33
6 32
2 -42
35 27
-5 -26
-25 49
37 -24
9 30
28 -18
46 -46
5 -1
34 -23
-3 46
7 -47
-35 -22
-23 43
23 5
-24 22
34 -8
2 37
-43 -7
23 11
-13 -1
37 -33
49 28
-14 -13
-28 31
-42 11
2 3
24 -47
18 -42
-33 -6
41 31
-31 14
27 -45
3 44
40 -14
-37 -39
22 -34
12 -41
12 36
-30 -19
-33 14
-35 -35
18 -34
27 -44
38 20
-7 45
-25 4
-41 -14
17 34
6 18
-40 44
-36 30
45 -16
-12 19
44 0
-31 -12
41 -8
-25 -25
4 34
-8 25
-1 22
-1 -46
-16 -30
-43 -35
-5 -31
24 27
12 39
-31 -46
-18 -48
6 -19
22 -22
24 -16
43 45
-26 -41
-23 17
34 -39
41 19
-13 31
29 -29
-38 5
-24 -43
42 18
-3 -4
14 -44
40 7
24 7
-40 -7
-44 -3
-43 -20
12 49
-27 -39
0 -49
-11 -28
-3 30
36 22
19 -24
-1 0
-22 29
45 -2
-17 -16
-5 -8
41 35
31 -27
-13 -36
-40 10
20 -31
-36 15
-27 -40
-10 -26
3 36
-29 6
20 -26
-44 -33
-38 16
-1 12
-32 -46
-16 44
-33 36
24 10
0 5
14 -2
-46 22
-21 31
7 45
-16 13
48 4
-49 -5
9 -28
33 -30
42 12
-14 -49
-24 20
47 21
5 6
0 43
12 36
-21 -9
-35 18
-45 -30
-7 -12
-1 -47
-17 1
-19 -7
29 -17
-8 -13
21 13
44 33
48 -22
-21 38
-25 -19
-7 -36
-12 -10
38 4
-8 14
14 43
34 49
-37 28
44 -12
9 13
-9 48
-39 -5
8 -18
-39 7
9 -19
3 41
38 -30
35 -47
-46 -25
-26 19
-16 -13
-30 -15
-33 -33
-49 -8
-35 15
11 -26
-43 -35
-34 34
0 -19
27 -37
34 -2
-11 -3
-28 24
-2 43
-37 -46
41 5
41 24
46 31
-17 -45
-48 -45
-14 -42
-2 15
-38 13
-26 -6
-5 29
43 -9
-46 -23
-33 9
49 25
-36 0
-31 48
-9 -26
-11 -49
39 47
1 46
-40 -20
16 -43
46 -46
-45 36
-27 22
13 -8
18 -39
-31 48
-2 -26
-43 -1
22 27
31 -31
-5 46
-36 -33
-11 -40
47 -48
-6 -21
5 3
-35 42
-36 25
-35 -30
-34 -25
18 20
1 -49
45 30
30 48
-6 8
43 -35
15 -37
38 23
-23 20
-39 43
38 -49
42 35
-31 -19
-14 37
-7 42
27 -30
30 30
-28 -30
-18 -28
19 26
-33 -40
-13 11
-9 0
-30 13
-36 6
34 -30
11 29
-17 -35
-7 24
4 38
-11 0
46 3
48 10
-14 20
20 47
-26 19
-20 16
5 9
39 21
-42 -3
33 26
-27 -14
-39 -26
-1 28
23 42
29 -30
48 -41
-22 26
-9 17
-34 40
-30 21
-41 -39
8 44
18 13
7 -42
46 36
-26 -34
-25 16
-26 -35
-44 -31
-40 -20
-33 38
29 31
36 12
37 -45
-6 15
10 30
-12 -27
-8 -31
38 -12
22 -1
45 -21
-26 46
49 45
29 43
10 27
-11 -42
2 38
-24 -4
-17 0
-2 -8
-15 26
9 -19
-6 25
-26 38
32 -11
-18 23
-32 42
-41 26
42 19
-40 -35
41 -22
5 -4
27 -12
-33 -31
26 44
-2 21
-16 22
37 -30
10 31
-23 6
-1 -36
-36 48
2 40
33 5
3 -11
43 -25
-9 -27
35 -40
-27 -3
-10 32
-39 0
-5 39
-10 18
36 21
-13 -44
-1 40
-34 -15
-35 0
9 21
-31 -27
-32 -34
27 21
49 22
0 28
-25 -38
39 -36
15 32
15 42
0 20
-8 -35
25 -45
28 -42
29 1
-38 20
37 48
-8 -35
-36 10
-38 -16
-49 -2
-3 -5
-28 -20
45 -5
44 44
27 -40
-14 -28
38 18
48 39
-1 -18
-1 19
-5 -15
-32 -17
25 -34
-46 42
-23 28
-2 -49
6 -13
17 -7
14 6
24 40
18 2
-12 26
-4 15
-18 -30
49 28
-21 6
-17 -46
-15 11
31 12
-12 -24
-33 -9
15 -30
31 9
19 -49
9 36
-3 2
18 46
37 47
17 44
-34 -41
31 15
-25 21
-42 -49
-30 -7
-7 41
-7 -21
15 -23
25 -42
47 25
8 8
47 18
13 2
35 31
9 31
-25 14
1 19
18 -6
15 -32
26 -40
21 19
9 -46
-21 -38
33 0
45 27
-8 41
29 39
22 41
27 32
24 -10
-13 -45
-39 -43
5 26
-37 10
13 -28
-42 49
-2 22
33 0
-20 -14
28 34
15 35
-31 36
-44 -24
-45 41
-5 -36
-29 -4
-36 46
18 33
3 1
-44 -12
39 -9
-7 23
-15 -16
15 1
4 -1
-4 -3
47 26
-14 8
30 -18
-35 7
7 26
8 -47
-36 -10
1 -9
39 32
32 38
28 40
-19 -6
-5 -15
-15 -10
30 -3
36 49
2 12
9 40
37 36
-27 26
-48 21
-38 -14
-7 38
48 17
15 7
-12 -5
5 49
43 -16
-18 -24
47 -32
7 8
4 36
-9 -25
48 2
-17 -38
21 37
-14 49
2 -24
5 -25
-10 47
-45 -18
22 -32
41 36
-41 48
-12 -27
17 6
-4 7
-31 34
-6 -11
-36 -27
20 -47
27 26
-49 -32
48 8
7 -27
-19 -26
-11 -37
14 36
31 18
-27 29
11 -26
-32 -46
25 46
5 35
20 -24
1 -20
-12 -47
-48 33
1 -23
-28 -43
-27 2
-47 -10
-29 30
17 -49
-2 38
35 26
0 4
4 -19
-21 18
22 -44
-20 -19
48 -22
-25 42
0 -11
-38 23
39 -20
-4 -47
-3 -36
13 -29
-24 -30
18 17
-33 -6
-24 -5
-26 40
3 42
-5 -39
-19 -30
21 44
11 -43
48 -18
6 38
-18 -49
-39 -24
-36 25
-45 37
-24 17
-18 39
35 -28
-31 -37
-15 -34
46 -25
34 26
-43 -38
-32 0
-12 26
-10 40
-30 -12
-23 11
41 -37
2 -8
38 47
12 -29
-35 49
-22 33
-3 42
-36 -21
12 41
-13 19
21 -25
5 -47
-6 45
9 49
-25 -40
-33 -48
21 43
7 3
37 -7
-9 -36
34 -11
26 -42
-44 29
30 32
49 4
41 0
36 3
-22 -26
-17 -36
-17 -16
-8 -29
0 5
42 7
1 -1
-16 -27
37 27
-18 43
-19 30
34 46
0 -19
-38 43
-17 -46
19 22
37 -9
-33 1
0 -28
18 0
-9 -11
-25 -49
43 2
31 -34
-41 44
-33 29
-15 -28
-31 38
12 -40
37 -35
-49 -49
-35 11
-44 10
29 -5
15 -16
-8 40
13 41
18 -49
-45 49
-47 15
-1 32
8 -5
44 -21
0 -1
-21 10
17 42
35 25
-5 6
-47 -30
-29 -42
19 42
9 -8
14 15
23 -33
-25 22
41 44
43 -40
-23 43
-38 7
-25 4
-36 18
-28 -24
-1 -20
35 -26
-39 -2
-32 -19
40 -39
-2 -41
-46 -30
35 -40
45 24
-44 -8
41 -28
29 2
-3 -28
-32 -2
-14 -24
16 -26
11 14
18 15
2 20
-30 39
-33 5
-14 -12
-35 1
-28 39
11 -27
-17 -24
44 -47
-36 -11
-47 -39
16 -29
46 -28
42 -34
24 -10
6 -6
3 -21
14 44
-5 -19
16 24
-49 0
15 41
-47 12
20 -11
-17 11
-9 17
-11 -2
0 -10
-23 13
-17 43
-39 0
40 -20
22 -22
-33 2
4 45
-23 -5
-7 20
40 23
38 -33
-2 4
-41 -8
44 36
-44 9
25 43
20 -41
-12 10
31 -13
17 34
11 -46
-14 11
-39 44
-49 13
-4 -8
-44 -12
7 -1
6 18
-31 0
9 -25
-40 27
-45 7
31 -12
42 -20
-18 -39
-7 7
-2 -25
16 -22
29 -22
9 17
46 41
-19 29
-23 9
-29 15
48 -31
-28 22
43 13
41 42
3 -11
0 -25
-47 -33
2 -37
-8 -38
7 -46
35 -18
10 20
8 49
40 11
-35 -45
25 -48
43 42
-1 38
4 8
5 11
22 -24
40 -30
-17 -42
14 28
23 32
47 8
30 41
32 -1
34 24
-10 -39
-46 -11
41 -25
5 -16
44 -22
25 4
24 30
41 28
-45 49
17 5
6 -19
-1 -22
36 20
-4 34
32 -4
2 7
-40 -8
-35 31
-46 -41
14 6
-24 42
39 49
-46 31
-15 -41
-44 -3
-44 28
-37 33
-20 -48
-27 -7
-38 -14
26 -42
-12 1
29 -44
-33 -34
27 -31
20 38
26 -29
15 -31
-28 -38
-28 -2
13 -2
15 -49
2 -24
-1 0
-29 -8
-38 -42
-3 -10
46 22
25 11
3 -49
47 -48
19 3
-20 30
-33 15
47 3
-26 14
14 -14
31 -21
29 13
-12 0
3 21
2 -37
22 36
31 -23
40 25
49 -31
29 47
44 28
-35 -45
-6 47
34 17
-12 -45
47 -8
-33 11
5 -45
37 39
-32 8
-34 1
38 -6
33 -34
-15 -3
-7 -8
-40 26
-11 -17
-10 -6
39 20
-5 16
37 6
11 40
-44 -30
-43 2
-17 7
-26 23
28 21
14 35
45 11
-45 0
36 -23
-44 -39
-46 30
-2 -2
-21 21
34 -47
6 -10
-48 -47
-20 -48
-10 -11
5 16
-38 20
14 6
-34 -22
49 11
34 -37
30 -16
-44 0
14 21
38 17
28 11
-18 46
-19 -26
18 -12
47 12
-47 18
-25 -47
44 2
-29 -9
-21 -46
33 15
15 -38
28 18
32 1
21 -5
-21 34
-13 4
-25 28
35 15
-44 -4
24 -25
1 -48
0 43
-25 20
-41 -7
-25 30
31 30
42 47
-35 0
28 -45
14 14
26 17
-10 -35
-15 4
28 24
5 13
-32 -44
7 1
16 -43
29 -20
-13 -21
-13 33
-13 41
-9 -8
-38 -44
22 49
-23 33
-13 -1
0 32
-41 -40
34 -43
47 -34
-4 22
-22 -39
-5 20
35 -9
-46 49
-33 7
40 -23
-42 -40
-42 41
15 -28
-3 -32
39 -19
23 -26
-11 -30
-7 24
-45 7
-17 -23
7 -44
-30 -28
3 30
24 -45
19 -1
48 -29
-10 8
-33 -20
41 6
-26 15
44 -34
35 -46
6 -47
-14 41
-17 -18
-25 -42
-41 17
3 25
-4 39
28 27
-39 -38
20 -19
26 11
-46 33
10 -17
28 -15
-33 7
49 39
2 34
38 -13
-25 3
32 -26
-45 -10
-32 -27
20 32
-13 48
-9 -7
-16 4
-23 7
41 -2
-31 37
-43 -45
31 -5
1 21
-29 46
-46 -7
1 -26
0 -40
8 48
48 1
43 44
-47 30
11 -11
-29 39
11 -31
42 15
-15 1
-2 -39
7 -47
-36 -35
-25 43
-48 -35
18 14
-2 -45
-24 -41
-15 46
32 -1
-3 33
-48 25
39 -42
-10 4
11 24
-33 16
26 0
3 -29
-25 -16
46 -48
-43 16
47 28
34 12
25 46
21 -45
20 -7
-3 1
25 -30
6 8
4 -19
28 26
-3 -30
-19 -29
0 -38
8 39
5 35
-3 40
-4 -17
-41 29
43 3
-2 -14
0 22
-32 22
15 8
16 48
-45 -28
0 -23
-2 -39
2 26
3 39
-43 -28
-2 -4
29 -5
-20 23
20 0
-40 10
-47 34
34 18
3 17
-23 8
27 -9
42 29
-8 3
14 -8
10 -37
24 19
39 36
-31 -16
-6 17
-7 9
-33 0
-8 -8
-42 -24
8 16
-38 -45
-31 -1
29 -14
-1 -15
-14 -44
35 -24
-6 25
-18 -46
44 -6
-40 -44
-11 -26
-12 -25
-42 -10
28 -13
-24 34
-18 46
-49 -19
15 -25
-19 23
24 -33
-42 -34
23 -18
36 45
27 -18
-12 -3
22 34
-25 11
-15 7
8 47
26 -44
46 -13
-11 -46
-37 -10
-14 35
-25 -37
-31 -43
-19 46
-15 -6
-40 -2
7 11
-4 24
-33 8
0 -40
10 -29
-38 26
34 6
-7 -24
-47 35
16 4
-3 39
28 -20
24 -46
-40 8
-49 1
-4 -17
32 22
24 25
26 -49
-46 37
-47 29
-27 30
47 39
-47 -35
26 9
35 -5
49 -13
-2 49
48 -18
-16 3
-5 15
-20 40
-11 -3
-10 -4
-40 -36
41 1
-49 18
32 25
-22 32
40 1
-41 10
45 8
-15 23
13 47
10 4
6 -6
-29 1
-26 -20
-41 -28
32 -22
-41 49
-10 3
0 19
10 -31
-40 33
29 22
-16 0
-2 38
-37 -16
-46 -22
-32 -21
-46 43
-26 -49
13 40
-17 19
1 -14
4 7
-28 -11
-10 -18
18 -38
-28 -6
-43 -33
39 12
16 7
-26 33
24 25
-41 25
48 38
30 -39
-25 -23
32 -44
-32 -45
28 47
-42 1
-35 46
8 35
-9 16
-38 28
7 21
-22 -19
-35 -34
-19 36
25 26
-27 32
8 -43
-26 -36
17 -40
-41 12
9 42
-6 37
3 19
-15 -44
-37 31
42 25
-19 32
3 1
0 0
-39 15
-33 -47
41 8
-40 24
-16 37
9 39
22 -12
-6 -4
4 -3
38 47
-49 -48
6 -1
35 -1
-48 -3
-12 -42
45 18
-43 -39
0 6
11 -18
-23 -18
-14 46
2 2
12 22
37 31
20 -16
-20 31
-26 -27
38 34
31 29
31 -43
45 -33
-33 23
0 9
-27 0
11 7
-13 -45
34 43
-15 -33
-1 33
-23 23
27 17
-18 -33
-19 -30
24 -39
0 -11
-9 9
-14 -15
-33 17
-26 22
-29 45
-5 33
-38 4
-43 -13
46 -17
3 -19
23 32
44 -27
27 -4
-25 3
-46 -17
-43 9
19 2
11 47
44 13
-41 -18
-28 -9
23 -35
-43 -41
-27 -19
8 -2
-35 -34
-19 -20
27 47
38 0
-24 -27
35 -9
35 -18
31 48
42 32
-29 -34
-5 20
21 -46
-31 -44
-27 -23
39 30
-25 25
22 -38
-9 41
-4 -49
4 8
-10 -33
33 -13
8 -27
-34 -34
-35 45
0 27
-32 -22
25 5
45 31
44 37
24 30
7 -44
27 -40
2 -29
-17 16
-49 31
3 -44
10 33
13 -21
35 47
3 30
0 34
27 -27
-26 -35
-36 29
-45 -42
0 -30
38 -16
-18 43
-34 37
13 -48
19 26
-2 -11
2 32
10 -10
-3 -46
26 11
6 11
27 9
-14 19
13 -30
-28 23
-39 -34
-7 -38
-4 -10
49 4
9 -9
-22 -23
-5 25
22 22
-29 -7
31 25
-38 49
10 4
-14 4
-13 -20
-36 42
10 -38
-22 25
39 -17
-22 -7
-8 16
11 -5
-43 6
20 -1
-12 13
-22 -13
-30 30
48 33
-40 41
-21 40
1 43
-1 36
22 22
-40 31
-20 -21
43 14
-42 26
33 -39
7 18
2 -15
-37 26
-31 35
28 27
14 -7
-8 10
-46 41
-18 4
-32 -25
8 -2
-41 44
38 -42
-44 -40
47 35
40 -32
-10 48
-13 19
42 -20
-15 35
-21 -42
-29 30
-7 -32
-31 -19
43 -34
-29 -14
-42 -46
-20 44
4 -49
-19 -27
3 -34
49 36
-24 -44
-24 23
49 -15
-38 12
34 -35
37 -8
-23 -26
-44 0
-46 -7
-42 -3
6 3
36 -13
-25 -3
-20 -34
-36 -46
-43 23
-6 31
1 -40
-40 -25
31 44
-26 31
-8 42
-6 46
13 -26
13 -11
-34 49
32 -11
17 -18
37 44
14 -32
22 -28
-10 35
-21 37
15 13
-47 -47
-37 8
-27 -45
43 -9
-39 48
18 -24
-9 -14
-34 -48
-38 -3
-19 14
-22 -19
-8 -3
32 -28
-15 -31
-34 -39
7 0
-13 -26
9 49
-22 28
33 17
18 -9
-33 -10
-38 -25
-48 33
10 -4
-22 -32
0 -12
15 -36
21 -44
-11 -25
-8 5
48 -4
1 40
5 -18
-6 -34
-45 41
15 -35
37 34
-15 -49
36 -47
47 4
-2 -12
-11 20
-16 -7
32 -28
-13 -49
36 0
-44 -10
42 31
-35 3
0 40
4 7
11 2
-15 15
1 -15
-9 5
-19 -23
37 -32
-20 13
-12 -26
-1 31
-47 -43
-19 34
-11 -30
7 -47
16 -47
-6 -47
-40 -5
9 -40
45 5
-47 24
-6 -27
-28 13
1 -47
-30 5
-41 36
33 -40
25 -46
-10 20
-35 28
30 14
-34 -31
-46 20
-29 -43
14 20
-10 45
28 16
11 -13
-28 8
14 -22
43 -1
25 -49
-45 -42
16 -31
23 -24
3 -11
-26 30
-25 -3
32 -1
-11 -16
13 29
-26 -27
44 -46
6 28
-13 5
-23 27
24 34
0 47
22 5
29 -13
-26 36
-8 -33
-41 47
-29 4
-29 19
14 -10
-13 -46
37 -27
33 49
-34 42
-33 -11
27 16
-41 3
-10 -24
13 -24
19 -35
20 -8
-20 46
12 -8
-20 32
41 -40
-28 23
29 -39
18 -41
-30 34
-43 -18
12 -2
44 2
12 -34
32 -30
12 -16
-37 -26
19 46
-4 -9
49 -48
-12 -37
14 29
5 7
19 27
-14 -25
16 -17
3 -26
22 -33
-34 15
5 13
-36 -45
32 -47
-35 -37
11 3
-9 -31
-36 -28
17 14
47 -2
7 -2
-7 -24
10 21
1 -45
0 19
46 -14
30 21
-37 47
-6 -35
-40 12
-17 46
-42 -24
3 13
-39 -15
45 -28
1 23
-35 -27
-47 22
-47 11
6 -25
30 5
-18 -7
-45 5
-8 -18
26 1
21 18
-16 28
-5 24
-42 3
5 -38
26 21
-15 29
30 46
-1 -27
-23 45
-1 29
34 -47
-19 -16
24 -20
-10 -29
-6 0
-19 -3
15 32
28 15
-24 -31
-1 -15
-42 32
12 -6
27 3
-12 15
-11 13
-27 -12
-20 -20
-9 -46
18 15
-31 -33
13 34
-43 11
9 -25
36 8
21 16
-24 -46
-39 48
7 -37
-28 -36
11 -33
5 26
23 49
-31 1
17 -37
-46 8
11 -2
-16 40
-33 -33
12 47
5 -36
-29 -4
34 6
-12 9
8 -3
15 -35
6 18
39 -32
44 22
-27 43
13 17
-48 -44
-49 -27
-15 -34
-1 16
33 42
-7 -16
1 -28
-17 -22
-43 0
13 35
29 -20
-16 27
15 -30
49 16
-18 -11
-12 -5
41 -29
-34 10
23 40
0 20
23 -14
5 -34
13 35
17 -34
12 16
47 -9
-5 -47
-15 19
12 15
22 -32
-11 43
47 -30
-23 11
23 -6
-11 -12
4 4
-24 1
18 -3
-31 33
22 43
3 -27
-48 -39
31 -40
-32 23
20 -27
-15 -15
-7 30
-40 -9
-20 46
20 49
43 33
-31 -37
-44 8
2 -44
-41 20
-5 -23
-5 10
0 -23
46 -4
8 26
41 38
-1 28
27 11
39 -43
15 33
-32 -47
29 -31
46 -26
-49 30
-10 -46
1 47
-4 -18
0 -44
42 -36
4 -11
35 -39
-7 22
-16 2
23 24
-36 42
-13 30
-6 -46
11 19
-17 47
45 38
-47 -5
-44 -39
23 -4
38 -16
-34 39
30 35
-11 5
-46 49
-31 -19
-21 -40
4 26
-46 29
-30 37
31 43
27 -7
30 16
16 -41
-36 37
19 -16
24 15
-9 24
32 -34
-6 24
28 -16
-38 -47
-30 43
0 -37
-19 16
-32 0
0 -38
-11 14
20 49
-2 14
17 38
-11 -40
-33 47
-15 -10
-48 23
-21 19
34 -14
48 0
-18 -31
35 -33
6 -47
36 -49
5 0
-7 35
12 41
-43 -44
-42 -6
49 42
5 -11
4 17
31 -10
-4 16
18 -12
14 -8
-39 24
-41 26
39 -11
5 45
49 -28
-12 37
-36 -46
-10 -41
-16 0
16 27
-25 34
-40 0
24 8
-12 -28
-6 -3
-8 8
-4 -22
21 47
-18 -6
15 41
13 -27
-48 30
-14 -28
33 -30
0 -36
-9 -7
-21 -31
6 -47
9 -43
-38 2
6 24
31 -7
25 -41
34 10
-30 16
-32 -29
36 4
48 -44
-17 -5
3 17
-14 43
-7 19
5 -22
-34 -46
41 27
0 46
28 37
2 15
-35 -20
-35 -36
48 -29
6 -48
35 31
-11 -6
-7 -49
-49 45
-18 43
10 -48
-43 2
-44 16
31 44
-9 45
-37 34
11 -16
-36 -17
41 34
-32 41
22 13
35 47
26 20
-25 39
-49 -24
13 8
-24 -37
9 7
-31 -24
35 -1
-14 48
-7 -45
-48 -44
-16 3
-3 -28
1 22
-20 -46
34 -22
-20 -28
0 -7
9 -9
32 -34
-37 -38
-4 -22
-45 10
-11 8
-20 -49
41 -1
-23 -8
5 -30
28 2
-6 -30
-31 15
-11 6
-26 36
-10 -32
0 47
-17 -28
15 22
13 40
41 -20
46 9
19 43
-37 -15
-4 28
-40 14
-10 31
28 -6
-11 -7
23 25
9 -17
-41 -36
21 12
-6 -4
-3 28
-41 13
-26 -4
-37 -33
34 3
-46 25
-6 -22
-20 22
-2 42
28 -40
45 -40
-30 5
-39 -3
-1 -39
-13 21
-2 29
-35 -46
-16 -28
-21 7
-12 9
-4 -2
-2 34
-14 45
-16 -2
-24 48
-27 30
-11 25
27 0
-13 -42
-24 -15
26 -35
-25 15
-27 -38
-18 49
-39 28
-9 -3
-8 14
26 48
-18 -15
-20 -43
14 46
44 17
-46 13
48 -29
-14 28
-41 -3
32 0
18 0
-3 33
-6 -39
11 -31
11 -1
43 22
10 -16
-9 -36
-6 49
-38 13
0 -30
-49 -35
-47 27
-42 -19
-26 10
8 -17
26 18
-17 16
41 41
-42 5
30 18
29 -45
-25 10
35 -29
27 0
31 13
-32 -17
-36 -32
-41 19
-1 33
-23 33
-39 34
24 0
22 4
-11 27
23 -20
-27 19
44 12
33 -36
6 28
37 -26
45 42
-35 28
-22 13
49 20
22 28
-39 29
7 24
2 0
-40 35
19 47
20 3
26 -6
-17 0
-38 -41
33 -46
40 -24
-4 -12
47 21
37 -24
-39 -40
7 23
-22 9
10 -22
-14 49
6 17
-48 43
-32 9
-2 46
43 -16
-20 -44
-21 17
43 -35
29 17
-23 -3
21 11
-16 -28
-43 12
-6 48
40 14
24 46
0 -14
-33 19
28 16
-22 9
-37 -30
-31 30
-38 -46
-1 -1
-32 -1
18 19
44 -2
10 -28
0 -31
-32 25
-45 10
18 -48
-24 -30
-31 13
-19 16
47 -22
-29 17
11 -20
8 -24
-17 3
37 29
-37 24
-6 -25
-7 48
14 17
46 -13
13 -17
-48 26
-29 2
-31 -5
4 0
0 -27
-29 -31
-42 49
21 27
4 -36
39 7
-30 -32
-27 38
24 1
-40 30
1 38
10 -4
-37 -13
45 43
-6 -20
0 -11
-15 26
-49 2
7 -15
-21 -41
34 45
31 15
37 15
-12 33
-40 -22
-43 45
-26 -37
37 3
40 -18
34 29
16 -15
27 10
-8 -1
11 25
36 12
-47 17
-42 35
46 38
4 -46
46 -10
42 -45
-23 9
-49 -45
-36 6
38 4
26 -47
16 -1
-23 -14
38 9
24 -29
24 39
-39 -22
-44 12
25 0
-34 18
-10 -26
-26 37
-39 -47
-26 -9
46 39
17 18
-41 -41
-35 -29
-47 46
3 4
13 37
28 -16
39 -16
11 39
-14 27
15 -42
43 -31
-5 -16
-33 -20
-39 16
-26 -22
16 15
46 -22
26 41
-5 -21
-30 39
-39 41
-34 22
37 30
40 -17
2 39
26 14
-3 -20
0 -48
34 -8
-40 -35
10 -20
39 -4
32 -29
2 -14
19 -12
0 -3
39 5
33 -21
38 -48
44 -46
29 -40
38 36
7 -38
-29 -23
-14 31
25 -5
-2 39
-20 -24
-38 8
-20 -17
-16 -8
37 14
-29 -39
46 12
11 -49
-8 -18
28 -43
-16 9
29 -25
41 -26
36 -46
22 -44
-48 -20
-40 18
-17 -25
18 14
-23 38
26 -39
5 -18
-1 -38
-17 46
23 0
41 7
29 18
-32 -37
-19 -45
47 16
49 -21
3 -41
-4 -14
-27 -13
-39 -12
35 43
-35 8
29 42
-42 -17
29 44
-17 -28
-30 -13
48 26
-47 -42
5 -15
-11 7
-4 -5
-39 5
-5 25
-10 -47
-37 -22
-10 -35
-25 -42
-4 1
-23 34
4 39
-30 29
-6 -23
20 -8
-49 12
20 -45
36 -18
12 -31
-15 -16
-27 -26
44 43
-46 4
20 -14
3 -35
-16 7
34 -16
-12 32
23 45
7 13
45 -7
-14 48
-27 -20
-7 38
21 -30
10 -27
-7 -15
4 -3
17 24
-39 37
47 9
-22 32
0 25
49 -14
25 22
-18 43
-6 -5
-2 42
42 25
25 11
37 -37
-25 -18
36 -10
17 40
4 -43
2 41
0 -19
-24 27
19 43
-43 -10
29 14
-46 15
-23 31
20 25
-43 -42
43 -7
19 16
-23 -16
-6 -22
-37 48
-40 24
43 -27
26 -10
18 9
37 -18
-10 -35
17 -30
37 -4
40 11
-17 15
18 16
-11 -27
-48 -48
-34 -22
-15 -2
25 12
-12 31
-46 -45
-38 5
-49 -36
28 -49
-8 -15
-17 -2
-33 1
-10 -44
38 -31
-25 15
-49 15
44 1
47 -27
-2 -5
-1 44
27 -43
-40 -28
35 18
-1 -21
-31 -44
40 21
26 -33
-49 -28
29 -45
21 -37
0 -32
19 49
-40 6
22 0
-39 -37
7 5
-30 -27
-29 18
21 26
-20 4
19 48
49 22
-1 17
-32 -49
42 -46
23 -3
11 35
47 -8
-37 23
42 45
31 24
-37 -46
-15 -1
11 -38
9 48
31 34
45 4
-18 7
46 7
-23 5
-24 -38
-4 25
-3 2
48 -11
2 -28
-2 15
15 42
29 21
-20 -32
-6 29
5 -40
-28 12
-47 26
4 -12
-3 -16
-45 -40
-30 -15
-20 11
-16 -22
11 -10
8 -4
26 18
12 43
37 17
-12 22
1 34
-44 -43
-24 -35
-46 -27
-38 19
-42 -29
-39 -36
-1 -15
-39 1
25 15
-47 37
24 -46
48 -23
-24 -19
-3 -47
-30 41
13 14
-5 41
-13 -40
-40 7
-34 -23
-43 -8
19 -23
44 -35
44 36
8 -30
-24 -5
-45 37
27 -39
14 7
-45 -8
-48 -19
43 -6
20 36
48 -12
-12 -16
24 43
-12 10
44 -13
-6 -21
-35 -23
-8 -35
-24 -16
43 9
-47 -45
5 -6
-31 28
-17 46
0 -17
-6 19
-42 -30
9 39
-12 46
-6 4
-36 44
-47 -38
7 -42
-34 -2
48 -41
-23 -29
-48 34
36 43
6 -12
14 -4
-17 -13
-40 -12
49 -7
7 33
18 -6
-24 -48
-8 30
-2 -6
-32 -29
43 -37
42 0
9 45
21 -14
-24 -36
-26 -49
17 -47
1 -42
-1 43
1 -38
-27 -9
-8 -47
16 -47
11 41
45 -18
24 -34
-33 -1
25 34
18 3
-4 33
-37 36
-36 9
4 -42
9 -48
-2 7
-32 -15
10 -17
14 49
43 -25
-6 6
-49 -33
-49 -21
44 -34
-22 -20
-24 -2
18 9
26 29
30 39
-3 38
-23 25
-45 -45
34 -16
-12 32
-22 -11
0 17
28 22
19 -37
32 -8
15 45
9 16
-43 26
-33 28
30 24
-8 1
2 7
-25 -46
-4 -21
1 20
-8 40
21 3
-43 9
-6 21
-35 10
33 7
34 -34
12 -18
-38 28
-26 9
37 -25
-44 -30
28 -19
-1 -30
30 -23
-8 -38
25 36
40 28
41 24
36 -42
-29 -34
-34 -43
-18 46
20 -12
-29 -2
-2 3
0 -14
-33 -18
11 29
4 30
19 -36
-24 -48
15 -39
0 -3
-8 25
-5 20
-10 3
-5 22
0 -20
10 -32
18 18
-1 -43
-12 21
-13 13
-24 45
-23 12
-20 6
37 32
-43 -37
-11 -35
37 34
28 -25
-34 -39
-28 1
-42 26
17 -49
1 37
-42 -3
16 33
-10 -15
19 44
18 27
1 -8
-49 -35
-25 30
-17 -41
2 22
-16 23
-23 -15
-18 -20
33 42
-20 46
-1 -49
3 42
25 18
-8 -19
19 -19
-31 -39
5 6
-14 -8
16 47
-46 -48
40 32
-16 -1
7 24
26 37
30 25
8 -24
24 18
-23 42
-29 1
0 5
-33 0
43 43
9 -45
45 19
-37 -37
-16 -46
-16 20
38 -28
45 38
27 -23
7 -6
-16 9
12 8
11 30
33 34
-11 -41
24 3
-1 39
29 -7
14 27
-30 0
13 44
28 22
-15 -6
0 25
-48 -21
45 -17
-29 39
9 -43
-49 14
-25 36
-1 35
10 -44
27 -33
7 -8
48 -4
32 -17
18 14
37 -49
48 -38
49 -11
-32 -17
30 -27
-35 -23
6 -39
-25 -12
-8 44
-39 -46
7 -6
-28 35
-44 24
-21 -33
-23 -12
1 41
-28 10
32 2
11 14
26 -11
-30 32
-38 -34
-11 -3
-34 -39
19 -6
-46 5
-7 -17
-38 18
29 -18
37 25
-31 23
17 -12
41 45
30 -8
40 -11
-41 -12
21 3
-47 34
16 -43
-10 28
44 24
-29 32
-1 -18
-12 40
32 1
27 10
-39 30
24 23
-6 3
-36 -12
44 20
7 17
-37 -7
40 -38
23 12
8 47
47 17
24 27
0 45
-13 -4
35 37
-9 42
49 13
45 -26
10 31
42 -1
35 11
-15 38
-30 -5
-13 -24
43 10
14 -44
-30 41
-24 -38
11 41
-39 -12
27 45
21 -18
-29 -10
-20 -7
42 -6
-40 -29
-2 34
42 43
34 -47
-22 -33
-33 -13
-12 0
9 42
-26 32
35 0
17 2
-14 -7
1 14
10 -31
11 -36
-36 16
0 0
-16 43
-15 -17
0 19
24 41
11 1
-17 3
36 42
44 46
5 -18
33 -5
-17 -2
48 -42
47 -43
-31 17
-49 -45
-26 -25
35 6
-13 16
20 -31
-25 -14
30 11
40 43
37 -23
-18 12
-17 -22
-48 4
0 -7
2 -9
15 -18
-12 -13
-9 -14
-11 34
28 -32
-42 2
46 12
-36 -36
37 -45
18 -28
-19 44
-24 -25
-46 31
-9 2
-13 6
34 15
-6 48
13 -29
6 26
33 -35
47 30
13 -7
39 -46
-21 33
-45 -29
-43 40
9 -5
-36 -38
-30 -18
-9 -44
25 -14
-28 37
19 13
23 42
17 -17
-11 3
-23 -36
-15 -35
7 -39
-45 0
-4 37
-44 -28
-38 28
6 -42
3 37
-23 18
38 19
-36 -27
31 -7
-27 -33
15 9
-32 -12
22 39
40 -21
-36 -35
-4 -24
-35 36
-9 35
10 30
-13 14
34 -25
-49 49
5 14
-46 -17
31 -16
-34 49
-28 11
-21 9
-39 -10
44 -45
16 -10
15 -19
-15 47
46 -34
32 27
35 -32
-47 -47
9 -44
15 -28
-6 27
-24 23
-43 11
-32 -44
14 12
4 -7
34 -25
-20 -4
10 -35
46 -42
-23 -6
1 -34
-17 -8
-5 -32
-17 -45
39 6
-29 -47
-14 -38
-32 -17
47 19
-38 -1
6 -19
24 17
8 -41
49 46
-9 6
-13 7
5 18
31 -21
2 21
0 -27
31 -20
-31 -4
-6 -32
41 31
1 -43
40 -27
-31 -29
34 9
-38 -33
-1 -11
4 49
45 41
-11 18
-36 35
6 15
-16 -44
-49 -37
45 16
2 -44
8 10
-28 -9
-27 0
0 31
40 4
-15 48
-39 -11
-46 47
22 -17
17 11
-42 11
32 -22
-37 14
11 26
39 -42
-23 39
-11 25
-24 34
-42 2
-22 -40
-38 -13
27 19
45 3
30 -15
41 7
-21 37
42 -48
36 3
15 -6
-43 -49
7 24
-43 6
9 40
-31 34
0 -32
-49 -5
-48 4
-23 -44
-34 -10
34 6
-28 46
-7 39
-23 -30
-38 32
35 -43
-46 -38
-25 -5
0 26
-43 -3
23 36
34 -13
-46 48
39 19
15 0
-43 -21
-28 -13
33 -35
-43 -8
43 -48
24 40
20 8
25 -5
18 48
42 -25
45 -40
29 -19
-2 20
-42 -32
-26 -8
13 -22
15 -34
-19 14
36 -27
12 -44
-23 -19
17 -36
-7 38
-7 -18
-22 30
-8 -14
18 -3
29 20
13 -11
38 14
7 -23
37 -44
-21 35
-9 15
36 -34
42 -39
16 -8
48 45
34 -19
-49 -36
-19 24
38 31
-32 -29
-28 -34
3 -17
-25 -19
-2 -36
-13 8
7 4
-10 -13
20 -16
-19 12
-20 40
-4 7
-38 11
-31 27
3 -28
-2 27
-21 -33
-10 49
29 2
-33 16
36 20
-44 23
13 -9
34 -37
21 -8
-39 23
-39 13
-8 45
5 -34
10 -33
-47 -8
-27 -45
9 37
9 23
-47 23
-20 -6
4 -18
17 24
0 9
-25 10
44 -1
-16 -35
-40 49
32 49
37 -23
-10 -29
-27 48
46 14
-16 -22
-22 -22
22 -14
22 -14
46 47
40 20
31 -6
2 39
35 -14
6 -47
30 -11
8 -43
5 42
37 37
-28 31
-8 10
12 22
17 -20
-8 1
34 -19
-20 13
19 -19
30 37
33 44
-39 -28
-36 49
-41 -45
-34 15
1 21
2 9
-12 -41
16 44
43 -29
9 47
-46 3
12 13
17 29
40 34
-8 -32
6 -30
16 -3
7 1
-41 -48
-12 -14
-48 47
-20 33
-38 13
22 -48
34 30
-3 38
0 0
-45 25
29 -28
-33 -3
29 38
11 0
-32 32
-21 -14
1 -8
3 -40
32 -30
-46 -47
-49 0
0 45
46 -3
13 -26
20 -29
28 47
11 -45
48 15
-49 -47
41 -24
4 19
-5 -1
-33 46
21 8
15 20
-27 15
-46 30
38 3
-31 45
41 -24
1 -26
-27 8
-3 -45
-40 49
38 1
-31 34
30 26
-28 -43
12 23
-11 -42
27 10
-46 15
-25 21
-30 -34
-31 -41
-9 39
-24 -11
11 -25
-18 -33
-38 -33
-15 43
46 -24
-33 36
-36 33
-16 -34
-31 -26
44 40
-1 49
-1 40
27 -40
-40 -26
2 26
-22 -19
5 1
-22 -13
-13 -34
23 -10
40 46
-8 -43
32 7
30 -18
-39 -2
10 48
48 8
2 -46
43 -39
0 -47
-17 -17
37 -13
20 20
-6 8
-47 31
3 31
-25 -32
0 -45
41 -48
-37 -7
20 -17
-26 -28
-43 -11
-15 11
-44 -35
14 -15
-46 -19
-11 31
21 -48
34 -39
-3 5
-11 -17
12 -38
-12 21
-30 31
22 9
28 -30
-44 41
-17 27
21 -43
-48 -8
46 5
36 -10
9 -33
-4 31
36 -43
35 -11
-35 47
-43 25
-40 -47
-44 43
-9 36
-33 -16
42 -1
24 -31
-47 -43
32 13
25 49
-42 -31
-15 28
-1 -21
14 -22
-43 -37
-3 18
-22 21
-33 -38
-32 -37
4 -3
30 -45
-1 37
-39 44
-19 -42
1 7
-37 18
-25 -16
-5 37
25 -28
43 -28
24 41
-12 -3
-34 -12
-33 14
-7 33
12 -19
-39 -35
10 -29
27 -4
9 -24
-21 34
-21 -16
33 -46
25 1
1 -37
-38 -13
23 47
-18 32
6 -19
3 -8
-41 -34
-49 25
2 19
-47 21
18 0
0 -7
41 41
49 5
-47 16
11 -38
10 9
0 26
9 8
-24 3
-15 43
24 -26
-28 -26
39 16
-11 43
-25 41
5 41
49 -1
-11 -13
-24 -14
19 23
-7 -48
36 35
37 27
7 -17
-34 0
10 -7
11 49
-12 26
13 10
44 3
22 -49
-12 -8
-1 44
29 -2
-16 36
30 -40
8 -9
32 12
-29 -39
13 9
21 -46
-28 33
40 -45
3 31
-31 -10
27 -46
-20 7
-29 27
-37 25
0 44
44 -18
38 -17
6 -6
23 -29
30 -32
37 -12
-26 -25
10 1
-34 30
-23 41
38 36
-18 9
26 -1
-41 -35
-6 -11
-2 45
24 -23
37 -6
-18 9
17 32
0 8
-37 -33
35 29
24 29
31 10
-38 -16
-3 36
19 42
40 -46
-16 20
-44 -35
-45 -6
-42 -39
-33 34
40 -8
-40 -26
-22 45
28 -22
48 30
-2 33
8 31
-12 14
-22 1
34 0
4 -7
48 2
32 26
17 7
37 25
37 0
-11 -23
-1 1
44 46
49 -16
-49 -43
47 31
48 -32
41 2
35 25
30 -46
-47 -11
9 20
-36 -25
-30 15
46 17
-5 -14
40 5
-14 -27
-23 13
43 48
-31 0
4 -15
-25 -8
-6 36
9 -43
-16 -24
36 -40
-34 21
-4 35
-35 -49
0 -40
-7 -48
-36 -38
-10 18
-27 35
0 42
40 37
14 -41
-11 -38
33 -48
31 0
20 26
12 -12
-9 -45
-30 5
-3 -15
19 -3
0 21
36 28
48 10
2 -28
-38 -33
-39 21
-34 17
3 29
42 -12
48 45
32 -18
-39 -39
-23 -44
21 0
-13 -22
27 -27
31 0
37 -11
40 41
-7 -46
39 -3
41 1
39 35
8 -19
-16 -28
-24 17
6 -21
26 34
9 -37
18 40
-5 -43
-25 26
4 11
-41 27
-25 35
22 15
45 -36
17 -29
-11 43
-49 -11
19 19
-32 48
-20 -14
-14 34
-31 -49
14 -41
-33 17
-19 15
14 -27
45 -22
13 -19
-39 46
-42 -47
-40 34
37 -13
44 6
-41 -27
23 -11
28 1
34 -38
-47 -6
31 32
-10 -45
14 -34
46 -13
-44 -17
23 -10
12 -27
3 25
16 6
13 20
9 -25
17 49
8 20
-25 -25
7 40
21 -47
-33 41
-9 13
-14 39
-1 -41
-48 -17
40 -17
1 -40
-26 -29
-9 29
-7 24
26 -45
16 27
7 20
16 49
18 -14
-20 -10
22 49
42 -32
-31 40
41 39
8 31
-33 0
-27 43
-43 -19
26 14
-17 40
24 -4
-2 -49
0 29
-7 41
25 -6
-34 1
-31 12
10 20
48 31
0 -1
-43 34
-7 29
19 -15
1 48
34 19
21 42
-9 13
-33 -41
-44 -43
-43 30
22 -42
-14 -16
16 11
14 34
-1 -13
-46 10
43 9
42 -28
41 44
4 -6
32 39
6 21
5 6
-39 44
-29 3
-5 -17
-43 11
-47 18
29 9
15 -14
-29 -39
-31 -20
20 -21
44 20
17 -4
18 13
14 25
43 5
0 -12
39 31
4 16
-48 -3
-33 -4
-30 -14
-41 33
33 38
22 -10
-46 -21
-45 -16
27 -25
14 45
-9 -44
46 32
27 -4
45 46
7 -14
-30 -35
-4 -21
-48 48
19 0
-9 -15
-11 49
-35 13
42 22
-28 19
40 -29
12 -5
26 16
-14 -11
40 35
-42 34
49 41
17 36
-5 35
-37 27
-2 -26
36 -34
-39 -4
27 24
-7 -45
12 3
0 39
-42 12
-30 -28
23 -9
-15 1
34 -22
6 -39
-22 -26
28 -4
13 43
-45 3
37 44
-18 27
-31 40
22 -26
27 -41
-38 -4
46 46
20 19
-43 19
26 11
18 9
-37 9
-1 12
25 -41
30 33
-28 -15
-6 31
-49 47
-15 0
-38 -31
-16 33
9 41
23 47
-30 -43
-20 -6
-17 -24
-22 32
-37 -29
25 -31
13 -34
9 -47
-38 43
23 -8
-27 8
-34 -8
33 -5
7 35
-12 5
10 25
-44 -16
4 30
12 -48
14 4
-40 -31
5 35
7 -5
13 -13
-9 6
43 -26
23 49
-35 -5
-40 -37
44 -1
35 -3
-35 29
-41 21
4 49
-45 41
6 48
-23 28
7 8
16 -14
-14 -3
27 -19
-23 -32
38 39
-5 -41
-10 -44
49 -31
-34 -5
-47 -49
7 -32
-14 -15
-29 5
-40 -12
3 -43
-27 39
-19 -19
-7 -11
19 -31
-14 -11
28 -37
-46 -1
-41 -21
-1 20
-43 -49
-45 -46
15 -34
-21 34
27 1
-1 9
14 45
-3 9
22 2
-12 -1
-11 7
23 -13
17 17
-30 17
-36 20
25 -4
-25 31
-4 30
43 9
-41 28
0 -49
-26 45
7 6
20 35
37 48
4 16
-44 29
22 -27
8 46
-28 -43
-29 -46
-10 -35
19 -31
-1 -23
-13 -33
-10 28
-7 26
-6 -11
-25 23
-36 -10
-2 8
-27 23
-8 47
-2 -16
-27 -15
-8 -34
46 45
-43 15
-7 -49
-42 0
-15 25
-5 39
-3 -25
-8 22
-5 35
-28 -44
-16 18
-43 -38
-9 -30
-24 -42
-34 43
-17 5
11 7
19 -27
-1 25
49 49
-41 -27
46 -37
-35 46
4 -12
49 43
-9 4
-48 26
24 21
-34 37
-41 49
-38 9
-31 -34
20 -39
29 27
-40 41
-41 -34
-27 -7
-7 -39
12 -27
-15 -36
-31 37
-30 -6
4 -8
38 -33
-22 -15
0 -43
26 -23
15 17
-32 32
-35 9
-33 0
29 -34
20 -8
-6 -44
49 43
36 -21
-6 -40
-15 -5
10 4
-28 -33
-18 24
10 -22
0 -10
28 -15
17 -31
12 -28
45 41
45 41
35 46
-1 45
25 33
-27 -49
-24 -25
-8 44
29 35
45 -28
0 -31
-3 -2
12 35
-23 40
-39 -14
-12 3
-43 -41
34 -3
30 -18
32 -45
11 36
2 42
-10 -12
-2 20
-23 4
1 -1
22 -45
10 -4
25 32
35 33
-8 30
-31 -28
12 24
-1 -7
-45 -33
20 -2
2 33
40 49
-24 -35
-33 44
1 -20
-11 -49
32 13
35 -26
-2 -30
-34 34
14 -20
-42 -18
28 -44
-37 34
-16 42
30 -21
39 -19
39 10
10 -4
38 5
-2 -5
-22 -39
48 -41
-9 16
-31 49
5 10
-23 -43
-26 -28
-13 -7
-43 -26
26 -30
41 9
-31 24
-46 43
0 -27
-12 13
37 2
8 -45
8 -6
-35 -25
-20 -23
-6 19
19 -27
-38 17
37 13
18 34
-29 5
40 -44
10 47
20 5
-8 -3
-10 -24
29 38
-48 45
-40 -47
-29 -29
11 48
19 39
-39 0
32 -19
17 -34
23 -27
32 0
37 5
-31 27
-27 -21
23 5
30 -4
0 24
-1 -49
-12 -40
29 31
46 -5
-5 10
0 -41
23 -34
-4 22
37 -48
-47 26
13 -33
-46 27
-26 -17
-11 34
24 1
3 -13
-18 30
-36 18
-25 -49
-39 20
46 11
44 43
-8 11
45 -26
-7 49
1 21
-10 -17
35 18
-27 4
27 -5
-31 -2
-44 0
12 -38
18 24
-14 -39
36 -7
44 -41
-25 -40
18 5
40 25
-5 -15
19 -28
19 -18
20 9
-3 -31
48 -19
18 38
-9 -36
48 21
41 0
44 -49
5 34
48 24
11 -5
-43 20
-28 44
-47 -25
-23 3
7 45
-46 23
-46 12
-33 -3
-13 32
46 0
-14 10
4 -38
17 -5
9 -39
-23 -6
31 12
-13 -17
-2 9
26 13
-40 12
-43 5
47 -21
-27 5
-25 19
-29 -34
-29 -32
-29 -7
11 -3
-40 8
-9 24
5 27
-9 -29
8 -48
14 0
11 -24
-17 14
34 -42
28 9
-39 -22
33 -26
0 -43
-45 14
46 -41
-27 -12
-48 34
7 0
-5 -33
-15 -34
-46 46
-49 0
40 44
24 16
-29 15
21 3
-13 -14
-9 42
15 28
-6 48
17 25
-1 42
49 45
-24 -17
26 -45
24 -4
19 -27
-13 38
10 -30
-11 16
-27 -28
47 -29
-4 -3
22 -7
-32 13
-34 33
36 45
33 -41
-27 -18
26 16
-10 -16
44 -36
38 -6
2 44
36 45
-8 32
-28 1
48 27
38 -1
4 36
40 -21
46 10
28 -46
-4 9
7 5
4 47
-34 -28
31 -14
-35 16
49 33
33 12
-26 48
-8 -23
47 21
36 35
0 10
5 -25
35 43
22 30
-44 -41
40 -16
-24 5
-41 -45
-17 41
-20 7
43 12
17 -9
34 -11
44 10
15 -37
-37 -31
-19 -22
-3 14
20 -6
26 -2
31 -7
13 -3
