-1 -8
-15 4
-49 39
17 -20
-10 6
44 17
11 40
12 22
-16 2
47 30
-30 -45
32 9
-7 16
-28 -44
-38 30
-9 8
-37 -15
-46 -44
46 -32
-22 -47
49 15
7 12
26 44
27 -35
34 -11
6 -29
-28 11
24 42
-36 -32
-38 -47
-8 -14
41 -40
-39 -30
-44 -48
-31 -20
47 37
47 46
24 46
40 49
7 2
-46 37
-20 -16
-10 22
-38 -47
27 37
14 24
-3 -36
-21 -29
-45 -35
-45 -21
47 -22
-12 -35
-40 22
19 29
17 -33
-36 37
46 9
30 46
-47 -27
1 5
-1 0
-28 -48
33 -4
7 15
-48 6
-21 -49
-1 -45
8 31
-9 4
28 -19
45 27
26 -3
-31 -30
-46 16
48 2
4 -12
14 -38
-14 32
-44 17
-49 15
-4 -40
26 35
-38 -37
-39 40
46 27
-14 -10
-38 -8
18 6
-14 -34
33 13
30 -45
-7 13
-23 -24
-29 17
-10 42
-18 -18
-4 -48
-6 12
-42 19
-41 -22
39 -33
28 1
-13 -24
-45 0
-40 19
42 43
36 28
34 -41
11 -36
-25 -49
44 -45
-14 -27
-35 32
30 48
-21 29
24 -3
10 29
36 26
-3 7
-33 39
-49 -46
49 37
40 -30
46 16
-34 -30
-26 42
38 23
-43 -10
-3 -45
14 7
-1 35
-47 -49
-12 -34
-9 -21
17 11
-42 -36
-44 30
-30 20
24 -16
27 -19
14 39
-2 -26
-45 -47
-1 -15
-42 -12
-40 -27
8 -10
11 27
-43 15
-42 33
36 11
-27 -26
-35 33
21 1
-20 -26
16 -46
7 20
-21 12
25 44
-25 1
5 47
40 6
-21 -41
-43 25
-31 -31
0 14
-47 -37
2 24
44 -45
25 -8
26 -1
-28 -21
28 -8
17 -34
29 -5
-40 43
42 -38
-49 28
43 42
-24 46
-37 -43
9 4
36 5
9 -40
47 21
16 45
-31 -34
-19 -4
-13 17
-10 -49
31 11
38 -45
-20 45
-23 20
18 31
-39 16
22 -31
-30 -19
31 -49
-25 -43
43 42
-15 26
-37 36
-13 26
30 23
-43 -6
28 -42
8 38
35 16
3 -46
29 -27
0 29
47 -6
39 -24
-36 -17
-24 4
-20 -21
42 1
20 -28
-46 -17
-11 0
24 -46
36 21
28 -2
-44 27
45 44
-23 -23
-1 19
-39 -21
-38 -39
-13 -10
-13 5
-39 39
16 -41
31 -13
38 -8
34 27
9 -28
-6 6
-28 -9
-42 25
-4 34
23 35
21 -46
32 29
0 -38
-46 21
6 3
-38 3
-37 42
8 40
5 -34
-26 35
37 38
-12 -46
20 31
7 34
6 -7
6 -20
-37 -47
32 17
-2 -10
5 -29
3 31
-40 -30
7 31
-32 -49
-46 -28
-40 -24
-35 1
15 -17
-25 -5
6 -32
-5 48
-30 48
40 35
9 24
-37 4
-11 -24
-4 -9
-10 21
13 18
23 28
-24 48
34 24
28 -20
-39 -40
-4 -44
20 -43
-32 42
27 -10
17 -6
-10 3
-22 -2
-1 -45
49 -49
31 31
-28 35
14 40
37 35
-7 13
15 14
0 -6
-38 -40
18 15
-21 8
-45 -14
41 -22
5 -22
34 5
-49 -38
4 -26
14 -24
17 -5
-49 -3
-12 28
-31 -20
-37 47
29 -48
-37 2
-49 23
4 -23
-10 2
18 25
-49 44
-4 44
-34 -35
27 -28
-45 -14
-30 -48
-13 -37
-13 -33
-44 46
-22 9
29 6
8 -48
36 30
49 1
-20 -36
3 2
-49 24
-25 -29
-4 -46
-16 -24
8 16
0 -1
23 -3
-33 34
41 23
-14 -47
31 0
-30 -19
-8 -3
-25 18
36 -46
22 -26
-29 25
-47 -32
-41 -28
37 41
-39 45
21 -14
33 11
7 0
-27 34
4 -7
34 37
38 32
-27 46
48 25
24 35
16 -2
39 28
6 -47
14 -29
-18 -24
31 -6
5 -43
1 -38
-47 -29
48 -27
38 -15
30 12
19 13
43 -41
31 -19
-26 8
9 46
3 6
-25 17
49 -8
-14 -16
5 -29
23 17
8 -41
31 -30
31 -22
3 21
-43 41
39 1
-22 -32
-27 36
13 -22
2 -45
1 -35
37 -14
1 -28
-31 49
-3 48
12 31
24 1
20 -46
-11 35
-27 -44
-17 38
-11 -14
-26 4
43 -4
35 -44
-5 -19
-32 4
29 0
-3 -27
4 36
27 -45
-34 34
33 46
27 38
-46 12
49 45
11 3
-21 32
4 -47
-11 -15
-20 -14
25 10
-38 15
-27 31
19 39
45 12
37 0
49 -27
-14 -12
-8 -41
21 0
-34 34
7 46
37 -25
-14 31
6 -34
45 -6
44 -26
13 -10
37 16
6 -17
-30 0
17 16
44 -24
-35 -25
20 48
-43 -1
2 42
-42 28
17 20
-26 9
-49 -42
30 -39
6 -11
9 -37
29 17
-38 -21
-37 -43
-30 37
9 46
-6 45
47 -48
38 19
39 -5
45 26
33 -1
-15 33
-38 -2
-11 23
-8 31
-12 -24
-6 6
2 6
10 -30
-14 -9
-21 -26
-44 -6
8 -45
21 10
24 -35
-38 33
28 17
39 -12
15 17
17 0
45 35
-33 -27
-44 -21
24 0
34 -8
-40 16
-31 -18
42 48
-46 40
26 11
-27 -48
29 -28
-41 -44
39 -16
7 47
-29 39
-46 6
-1 7
-22 -14
-6 31
31 -18
21 19
26 -9
28 -6
-24 -27
-43 29
-10 -25
-35 37
9 -24
-44 -38
-44 46
-5 -7
30 -31
45 -8
43 -2
-34 16
-43 -11
-8 38
-4 12
-29 2
-33 5
34 43
17 0
48 -27
30 -38
-45 32
22 -43
-11 19
44 36
-17 -46
-29 -13
30 41
21 49
-33 42
2 -36
31 -2
4 12
-32 31
7 -12
43 -48
1 -15
41 28
-21 -18
-8 4
-42 8
22 34
43 42
-25 27
19 17
27 -47
-24 12
30 42
-45 47
38 23
16 -38
13 7
16 -7
30 -4
-27 -5
-6 14
-5 -11
-29 -1
-25 1
-19 4
-23 10
-26 -12
-11 41
13 49
1 23
17 -20
30 13
-16 -29
0 18
44 -3
40 -37
-27 -30
41 27
-1 -23
-13 13
37 17
25 -10
-21 37
20 41
-44 20
10 23
4 -7
14 21
20 35
47 26
30 45
32 2
-42 41
-39 -2
-49 29
24 22
-10 -36
8 -39
-22 -40
-46 27
-16 5
3 31
-5 15
-21 -2
36 -38
-20 -29
10 -27
-36 -35
8 -16
37 -15
-33 40
-8 -21
1 39
2 -2
-30 -1
-15 -16
23 -5
-30 -9
-38 15
-19 -33
20 -17
37 -16
48 0
-2 29
37 -26
48 8
37 29
4 -21
48 30
-33 -2
-43 34
-31 22
-21 24
-4 -15
-20 48
45 -41
-6 -42
-4 -6
48 -41
47 44
37 -6
-46 -31
-22 -6
-15 16
39 9
21 -45
0 -46
-17 -13
21 21
22 45
-41 -32
16 32
-15 35
-3 -37
-27 14
3 -25
45 27
20 14
33 -30
-37 -19
-44 -26
48 -38
2 46
19 -41
27 -39
29 -11
9 45
21 28
44 47
14 46
-9 36
-10 -18
32 -13
-34 39
5 30
16 -44
19 -3
13 37
16 27
3 5
13 49
35 -35
34 31
-22 37
-34 29
44 -11
48 -28
38 28
8 -42
20 0
0 -4
28 -38
-12 10
19 -23
-19 -17
27 45
20 49
37 49
43 24
6 0
46 -37
17 29
-34 -37
-1 11
-34 -18
33 -34
11 -28
-25 15
-32 11
-18 26
-26 40
25 40
5 3
-39 44
-13 -18
-13 28
-33 42
32 47
-48 -25
-40 12
35 47
-18 -19
18 20
29 14
-39 -5
26 -10
1 -30
-40 11
-29 4
46 15
28 41
23 -41
-7 -27
24 25
-41 -41
9 -23
-23 21
17 -33
14 46
2 47
32 1
17 46
1 -1
36 -19
8 -20
-45 44
28 -20
47 18
7 -16
-48 32
46 33
9 20
-13 -4
43 40
-42 15
1 34
0 10
10 10
-19 -35
47 39
-19 3
-2 16
-35 -14
37 29
-30 -25
6 43
-18 -3
0 -41
37 -39
-4 -43
-49 -8
12 -21
-46 35
20 2
-29 -15
40 39
10 34
-6 24
-35 -36
-34 28
-12 -15
-45 -23
-44 -41
30 -41
36 10
-28 -19
38 2
11 -39
0 -38
29 -45
10 -49
3 11
10 -20
-44 4
-26 -35
-28 15
30 -18
-1 -44
34 -2
9 22
14 -40
-27 -19
41 33
0 43
25 0
8 30
-42 -49
-15 2
33 -21
-10 -11
46 35
-41 26
-45 -11
-33 0
24 -49
-16 -11
36 0
-29 -49
1 38
-32 13
-4 -35
-32 -17
19 19
32 47
41 15
31 -7
-40 -1
17 35
-41 16
21 40
-27 16
46 -40
38 -29
4 -44
-37 -14
-33 35
-34 -14
35 27
11 5
-35 -40
7 -39
2 21
48 -43
-25 -28
-32 43
4 -47
-14 -7
-40 -37
-12 -39
-1 -3
-29 14
36 41
26 33
-45 42
41 -29
-46 46
40 27
-7 0
-22 12
-41 -28
31 0
-7 24
-25 34
11 22
-31 32
7 13
3 36
25 39
-25 -20
9 -1
18 8
46 -46
30 -35
-37 34
24 34
6 -48
-36 -8
-9 44
27 38
-4 -30
-1 -28
-16 -3
19 39
-40 -47
0 -24
-21 6
-16 -4
8 28
27 -36
-17 -10
-1 22
-22 3
-12 41
42 16
3 -49
10 -30
-41 -40
-24 40
38 38
23 -24
7 -41
4 -3
-30 -42
-18 15
35 -1
-19 1
-21 17
8 21
23 -41
-31 -3
-44 2
-6 -26
-41 -20
41 4
37 34
-30 -36
-41 -18
2 16
-15 -29
-17 -27
41 -12
32 7
-22 27
-20 -49
-8 30
31 -43
-24 -30
-29 4
20 33
-2 16
-12 4
-43 40
36 -26
-21 -40
21 -20
17 9
-41 -18
-36 3
30 -19
13 -47
38 45
19 -23
-36 -45
35 -45
-5 -3
-13 -11
-5 20
3 36
44 13
-16 18
-11 47
20 -40
4 -25
-18 27
12 2
1 14
0 29
-35 -48
25 -3
-45 18
-7 -8
-28 -39
-13 -11
-17 47
18 44
-13 -43
-31 24
21 -31
-1 40
32 -34
-22 19
44 -36
-26 21
-24 39
-6 6
-6 47
46 -14
-45 -26
7 12
19 19
-30 -1
-19 12
4 46
36 11
-11 -2
-12 -13
18 -12
31 19
28 -40
7 16
-28 24
-23 28
2 18
20 -37
49 -12
38 -35
-43 -46
1 23
3 -46
-12 37
-7 -4
39 -1
-35 40
32 -33
33 8
40 -28
5 4
-45 -12
25 -49
9 -20
3 9
14 -11
-25 15
-19 -18
-25 41
37 32
-19 23
45 31
-12 -23
23 -49
14 -4
2 15
-19 25
19 18
37 37
7 34
36 23
-41 -41
-27 27
21 5
-15 28
-38 15
-30 -47
-21 42
47 -49
33 4
31 -19
-1 26
41 20
27 42
-18 31
-32 -33
-9 -18
34 -14
-1 -8
2 43
41 -44
32 -49
48 -4
5 -46
-44 10
14 -4
-14 -48
-17 4
36 41
-48 -18
3 2
-47 41
16 38
-15 35
-35 36
-4 0
2 5
45 -6
25 -4
3 3
-39 46
42 -2
49 44
36 -31
-9 39
-36 -35
-30 -8
6 -31
19 -36
-3 -35
43 -12
23 -16
9 49
-48 -44
5 34
-18 34
-31 -31
35 -12
21 -20
-10 -33
0 -24
36 -41
-2 -16
47 49
37 -16
-15 -21
-19 -19
30 -9
43 21
24 -2
-14 -25
45 -3
-21 9
7 -25
8 38
-46 14
-45 -45
-28 20
18 8
-14 41
47 46
0 24
40 -10
-13 0
13 12
-41 43
-20 18
-26 -17
48 -44
32 42
26 -48
-12 -40
-18 -16
-46 -20
-33 -36
-29 -38
-13 11
-30 -8
-23 -18
10 -2
-41 -8
-24 26
-31 -2
27 -14
-15 -6
49 24
33 19
-17 -29
17 -45
30 38
-11 -34
-42 -1
8 -34
46 -44
16 1
22 38
-15 -46
-28 -46
-27 -18
-19 -23
-42 -5
-21 1
-13 -43
-21 -49
2 -40
14 5
-20 24
3 -37
-40 -37
5 36
-11 -27
14 9
23 -9
-17 -3
-47 20
-22 21
37 13
-26 26
17 -45
0 -24
3 16
11 47
44 43
-13 -47
-22 -8
47 -19
-43 34
-41 41
14 -10
-25 10
32 0
15 4
-35 18
-8 -29
40 -14
19 -41
-40 34
-25 -32
-12 41
47 -46
25 -37
34 -23
-6 -9
26 29
12 -47
-42 -23
45 38
47 -10
34 42
-11 -1
-14 9
46 40
-49 -6
-14 14
19 6
-35 -43
34 24
49 -10
-28 -2
42 -16
21 41
32 -33
14 -12
21 4
13 -39
47 -36
45 27
38 0
-4 -41
-48 7
-5 -31
39 0
-8 6
-16 18
-21 -35
-43 11
-45 -45
-48 34
43 -22
28 43
-21 -6
18 33
-34 42
40 -8
-29 8
43 -8
-23 0
23 44
31 -20
43 -13
-36 -11
49 11
15 18
11 37
49 -22
-9 5
-18 39
-1 38
39 -42
47 18
-41 0
40 18
18 35
-38 -34
-29 -48
-13 47
2 8
-46 5
6 11
-29 -26
2 -18
-36 47
41 18
23 43
49 -7
-7 7
17 43
13 49
-19 32
-43 -27
-44 -20
-17 26
-7 -14
4 -14
-35 11
-11 -49
6 22
-27 -30
-45 -40
-10 43
10 26
-40 36
-24 25
27 -12
-39 33
-33 -43
43 10
-3 -25
-32 9
20 -5
15 -34
-6 -24
-2 7
-34 20
34 -5
7 -5
-39 -29
21 -38
-46 29
-28 25
-41 -24
26 -41
0 47
-2 -41
40 32
-4 22
-38 -12
-27 -23
-36 -19
-3 30
-17 -6
-31 -47
-41 -45
5 -10
8 3
9 33
-34 9
-13 -36
28 38
-1 -30
-23 21
32 37
-15 -23
-12 39
-2 12
33 -29
-30 12
43 -46
18 -48
-25 -37
10 38
-38 -43
-30 48
-12 22
23 -5
12 -37
-21 39
-11 33
-13 -29
16 -21
-32 7
-14 33
-45 -23
6 8
-36 17
47 -29
28 -16
6 49
-4 -49
49 -2
44 25
34 11
7 -46
-49 8
39 11
20 24
20 45
-33 41
24 -25
-19 26
6 -37
34 -6
-38 -26
9 26
-33 9
-3 29
20 10
-41 -3
29 -36
41 -34
-24 44
33 46
2 43
-30 -21
-42 -3
12 -35
-46 41
-2 -34
-23 -6
-22 43
-11 -15
-2 34
-23 -13
8 18
-26 -39
37 37
-8 37
-20 -11
8 40
-20 49
12 -21
-32 -1
35 -24
42 -42
-16 -41
36 1
-35 48
34 25
-14 -40
-4 29
36 4
24 42
-15 32
13 39
-43 10
3 -39
45 -15
-49 22
-36 -7
28 0
29 26
36 -23
26 -38
0 -44
43 -48
7 -3
-10 34
-26 -46
8 11
-12 27
-13 2
22 27
46 9
-40 -26
8 -2
10 11
20 30
-21 -25
3 -26
12 -14
-23 -38
17 -12
28 -4
34 5
-43 -4
39 30
-15 -2
-18 8
5 5
-49 -24
6 -34
-4 -26
-32 36
-30 7
1 47
-31 -14
-38 -41
17 -21
38 -3
-28 19
-26 -31
14 22
30 0
-11 -38
1 34
41 17
-11 -40
38 10
-44 28
0 2
19 8
0 46
-15 -6
-21 -7
-14 -8
5 -46
-15 19
0 39
-25 -48
-46 26
18 47
28 47
38 -23
46 8
40 20
49 29
-18 17
-22 34
11 42
37 -40
36 -15
-6 -20
-42 16
-2 -28
34 -40
37 33
-16 -12
39 -2
-33 10
27 49
-30 -13
11 -47
3 -24
27 -47
-4 -29
2 2
1 -38
30 -15
-19 5
8 -20
17 -29
40 34
31 14
1 33
21 -48
41 -18
27 19
-49 13
-25 43
-26 40
1 23
-5 44
0 45
-31 -4
-22 25
-44 37
-26 49
5 -38
-4 -36
39 23
18 3
-1 1
9 20
-20 34
-27 -6
11 -6
-42 42
0 -48
-45 -21
-25 34
37 -37
17 -2
-34 -4
-48 9
19 17
0 41
-8 21
-34 -28
12 0
-36 47
-4 -15
-4 6
36 2
-37 -13
8 26
0 -10
-29 15
1 -15
-29 -23
26 42
0 10
-1 -13
-20 -10
5 -42
-41 22
48 48
29 -37
-33 46
49 -17
-14 -4
-31 11
-10 19
-2 -3
30 11
3 -6
-5 26
49 -39
-11 32
25 7
44 -5
40 -47
14 -22
30 -19
-12 44
-18 49
-26 23
-27 -34
-5 -19
-47 49
-37 20
-35 -29
40 -11
-11 15
-36 2
8 9
-47 -27
-7 -49
-45 21
36 -43
20 16
39 -21
-11 44
-17 13
32 -24
18 0
26 -47
13 -41
0 -2
-47 36
-23 -38
0 13
-36 49
-12 -25
-21 47
5 38
15 12
28 -8
36 24
0 -21
-37 32
-13 25
-5 35
-29 -17
16 -28
42 -1
-12 48
47 -18
8 -2
-45 16
39 -47
-26 14
32 -20
-43 21
-24 8
12 14
-20 1
36 48
-33 6
37 -5
27 12
-18 16
37 16
-31 18
-18 -44
27 -35
-7 43
47 27
-16 -39
-39 6
-47 27
-41 -43
45 -12
48 -35
-6 47
49 -32
-35 -38
6 1
43 10
-5 -9
23 28
14 -18
-31 45
7 32
4 15
-44 0
-38 38
21 9
38 -4
33 -17
13 -43
46 7
-11 -17
-18 37
22 -38
14 -34
42 -6
-5 17
-22 28
-46 -33
48 -36
17 15
28 -18
44 49
27 11
-7 0
19 36
-26 -16
48 -30
42 -17
38 15
-35 -16
44 42
37 42
43 -40
-42 -48
2 -42
-19 -11
24 -33
-21 -45
-27 0
1 2
48 15
4 -1
-40 -22
-45 -3
-23 -25
25 -48
-1 46
-49 6
48 -13
-43 15
34 -28
-35 -30
-3 -16
44 -38
49 31
16 -23
2 -11
-9 -27
9 -16
7 0
35 -22
-42 -41
28 39
48 23
20 40
-40 47
-35 27
29 36
27 41
30 49
5 36
9 -37
-15 -21
33 -46
-4 -33
25 40
-44 -8
-44 21
19 39
-49 -20
31 -36
-12 -32
-46 40
-47 38
23 24
6 40
27 -21
27 26
-33 36
-11 -41
-25 15
10 8
-38 39
24 -47
-37 -18
0 -31
27 -32
32 27
26 -19
26 -39
24 -20
-32 35
46 -44
-28 -45
-18 -46
-18 32
48 -38
5 -44
38 44
-8 -45
11 -15
9 48
-19 7
45 36
14 -20
-9 10
34 25
1 -32
-34 27
8 -24
38 1
-35 36
-26 36
-16 -49
26 7
30 35
-24 36
33 29
-27 -7
45 11
26 40
-20 38
-14 -6
-16 -17
1 -32
