-26 7
-25 -23
-7 43
9 11
-10 47
7 32
-6 0
-44 -43
-43 2
2 -6
22 -30
27 -23
38 0
11 -48
39 12
-46 -46
43 8
18 -3
-12 -26
-7 1
6 28
23 15
49 41
46 4
25 21
6 36
42 -29
-46 -6
-26 -20
47 29
19 -23
-25 35
44 27
-20 4
-2 20
37 29
4 -3
-19 -33
-40 18
-13 39
-43 8
33 12
-14 47
49 10
38 -15
29 -16
9 43
37 40
12 32
-20 4
9 4
23 6
19 0
44 -17
-24 41
-34 -28
0 -6
34 33
14 46
-17 23
10 -6
10 -30
-4 -22
-9 5
-11 27
-5 -37
25 -47
-48 -38
39 -29
-27 -41
19 37
4 -5
47 -16
-45 30
15 47
-24 4
42 22
13 -33
27 -4
-15 -27
-33 -31
19 46
-49 -20
-5 -8
30 -37
-44 -39
-44 -38
-15 -37
42 43
-42 49
46 1
20 19
-44 33
34 -2
-40 49
-33 37
-26 3
49 -11
15 -5
-27 35
0 26
-20 10
-10 32
1 0
20 -2
-26 -22
22 5
14 -40
-36 -33
-26 -10
5 17
4 12
-28 37
-9 -33
20 29
-49 -17
-21 7
21 9
-6 -3
-49 35
-24 -46
-32 -12
15 -6
24 10
15 0
-10 -48
31 33
22 29
-16 24
-5 16
-3 -2
-29 -12
27 -33
-37 -25
-46 13
32 -42
48 -36
42 13
-8 -47
-23 41
-29 38
-28 -23
-35 35
-20 -46
44 -18
18 -28
3 -26
-4 31
-26 23
31 8
46 -30
-16 -4
39 -4
-43 49
-40 -29
-34 13
-13 14
-47 -24
27 43
-45 33
-16 27
9 15
45 0
-12 -4
-33 32
-31 -8
34 13
35 32
-46 38
-25 -30
-45 2
-3 24
-49 25
29 27
3 -47
-24 -32
18 -47
17 -23
15 15
7 -40
-37 -20
17 -1
-9 20
-6 31
-43 27
37 -20
42 -37
44 -29
14 -1
22 -40
21 -37
-44 0
-11 4
24 29
-40 15
43 30
32 -1
42 36
-48 -21
45 -2
-27 3
-39 -13
-49 45
45 31
-23 -34
49 -44
-34 27
-36 39
5 6
9 40
-25 30
-42 -6
-5 24
-31 19
-15 0
-4 -42
-6 -18
-43 1
20 -31
6 -8
-34 -21
32 -20
14 28
23 8
27 -5
31 18
20 31
-38 -12
-26 -41
46 -47
-6 -39
13 -30
21 -38
-17 -42
-6 38
46 -27
-27 40
26 33
0 -25
27 9
-34 -11
37 9
-34 -39
20 8
-15 -29
47 -45
37 -41
25 -46
32 -47
11 -37
8 47
-43 -2
-11 -33
-30 36
-4 27
-14 20
6 -24
1 0
-44 -10
-23 32
38 17
-26 -4
-17 6
15 -48
-35 26
30 -32
39 -7
-8 -15
-21 -34
-33 29
28 -49
-12 15
-29 29
-20 -42
4 -1
-2 -29
-19 -11
5 -32
-26 37
-42 7
34 -5
-36 -30
44 13
-22 -43
-20 -46
-12 1
13 -15
6 11
-19 -48
0 -11
10 -17
-44 41
42 -17
-37 -26
35 47
-26 -25
-24 11
19 32
49 -31
-43 -21
17 -17
1 49
15 45
9 33
-29 32
-31 25
4 -16
24 -25
29 -4
-1 46
-3 -42
15 -48
3 4
-40 34
-47 21
42 26
-45 3
24 -47
36 -47
9 14
10 46
4 36
9 43
8 38
29 -46
14 -10
35 -5
-28 35
5 23
1 43
-44 -36
16 -27
-41 47
3 -20
27 -26
25 14
-41 -35
3 -37
41 -10
-8 -14
43 47
1 43
-41 12
-4 9
-46 19
38 12
15 -41
32 -2
4 38
17 15
22 4
-12 -37
37 -4
17 -24
22 35
9 38
43 13
8 -20
-6 22
-33 42
47 48
-13 5
29 4
-37 34
-13 22
3 20
3 -36
46 30
37 49
-31 -32
23 16
-42 -20
-38 26
28 13
20 -40
-28 30
-25 0
-44 43
34 36
-47 29
-29 31
15 6
-17 22
23 25
42 31
-17 -42
32 43
8 -11
-9 21
18 -47
15 -33
8 49
4 47
-48 -22
43 36
15 28
-37 -34
1 38
17 -49
-22 11
-16 -46
47 29
48 -16
-32 -15
20 38
40 -43
25 7
21 36
-2 28
-6 -10
-4 -18
43 -6
3 0
2 -29
45 -8
1 -46
13 -21
0 -7
-2 -34
47 8
1 -2
26 33
-31 7
-45 0
-48 44
-37 13
39 13
44 44
-6 23
-12 -4
45 -35
36 -13
13 -17
37 -33
-23 13
-34 19
18 -5
-30 -43
-44 9
35 -44
-39 -6
-23 -18
37 25
4 15
33 -7
4 24
25 -14
23 14
13 43
45 -7
20 0
-23 28
6 19
38 4
43 -33
-16 -27
5 17
-14 2
-4 -9
-21 -49
-2 19
-43 -4
31 21
-33 26
-48 -35
-32 -31
-6 29
12 38
-21 9
25 27
4 -47
36 -32
-27 -15
-7 -45
16 -4
1 11
31 -19
10 -4
-12 -38
29 40
43 4
-19 9
11 40
-29 32
-9 11
3 41
27 -3
12 8
-13 -10
4 11
-15 14
26 24
-31 46
20 24
-46 17
-45 -19
-8 48
12 35
-22 42
0 -32
17 -12
21 45
39 48
-10 45
-18 -19
1 -9
-30 3
-12 33
-21 48
-13 -36
12 49
6 -37
7 0
-27 -20
-44 -35
42 0
-34 30
22 -40
-40 -33
13 -32
-13 16
36 24
-48 13
-11 0
38 -44
27 -9
-15 13
42 22
-34 -8
10 22
-38 43
-31 45
7 15
-18 -3
-32 26
26 -10
39 40
-45 -40
-16 40
15 5
29 -12
-8 0
-38 41
6 -45
-19 26
5 -42
-21 23
-37 43
35 -34
-28 -49
5 -40
26 -43
31 -15
46 -18
-33 -13
-25 2
-48 47
-23 -35
-32 31
48 -14
8 46
-25 -25
1 -8
19 -31
48 -47
-41 14
1 18
-48 -23
-33 -4
11 -40
-41 -37
-44 -31
-21 -17
-7 8
44 -16
-34 -29
-25 19
3 -33
7 33
-29 -49
-42 18
13 22
17 -40
-20 -21
-46 -7
-35 22
1 -2
19 -1
21 -34
31 19
-30 40
-22 7
24 -43
12 -29
43 8
33 27
24 20
-46 19
25 -43
-34 -5
19 38
-48 -44
-23 -13
11 18
27 4
-20 -31
-16 -32
14 -9
1 -47
37 28
45 -33
-9 24
14 3
12 46
3 40
-2 -33
49 48
0 24
-13 -39
0 23
0 -20
39 -26
-42 -49
41 -30
49 46
41 -34
-15 -33
-14 48
-20 -4
26 -35
-37 -41
-24 -16
-47 13
-7 23
-39 -23
34 45
47 0
-14 -27
-22 19
-2 -43
39 21
48 11
28 42
-48 23
-27 31
-46 -10
-9 -37
23 31
49 -43
-41 46
-18 37
43 34
46 -13
43 30
-42 1
-29 35
20 9
2 27
42 -22
-39 34
-25 -2
12 -31
34 20
15 -19
-11 8
5 -11
46 36
37 -20
46 -17
-5 -32
-27 -9
-13 15
0 40
-44 -29
-2 16
-1 5
-45 3
-47 -39
-8 -43
34 -6
-15 12
-43 -34
41 22
-45 42
-14 -9
1 16
22 -46
31 -5
40 1
-25 -20
20 -11
-32 4
-43 -19
40 -37
35 7
-44 -44
-18 46
30 -34
48 0
15 25
35 24
-35 -2
20 49
-3 -40
-7 28
-21 -16
-41 -27
10 -35
1 0
-20 47
-31 17
-48 33
47 -13
36 20
-22 37
21 -42
-21 1
-1 25
0 -18
44 2
42 26
-3 40
-27 -31
-41 38
25 25
46 29
-8 44
24 -44
-16 -26
-6 2
20 20
-42 7
-5 44
37 39
-46 -28
3 -33
-9 2
-48 -3
-46 12
13 -27
36 -24
-34 -39
3 -2
-37 22
-35 22
-17 -48
28 16
36 26
-11 22
-35 -42
-6 -40
-7 17
-44 36
-25 -31
-32 0
41 11
-1 29
-9 42
27 4
20 40
6 49
17 17
24 -34
-39 8
34 2
-38 -47
39 28
-42 38
-2 -33
34 -39
22 46
1 20
36 41
25 -27
-42 -8
30 -26
-45 22
40 39
22 3
9 -21
44 39
-9 -39
29 -44
45 47
-27 10
3 -5
-41 -31
-4 39
-25 -5
-31 8
34 2
29 30
-5 42
44 40
-4 1
-47 9
-32 -15
-2 8
-44 -17
-1 46
9 2
34 -24
-30 -14
44 -41
-9 -35
-29 -41
42 30
16 -27
0 41
25 -49
44 37
-13 -41
8 15
40 -31
25 20
-29 -12
12 -43
-19 -28
43 -43
-11 17
2 21
33 4
33 -15
37 41
-14 14
46 -43
8 -11
0 32
-28 0
42 38
-49 -28
-25 -30
-14 -38
18 28
30 30
10 36
-28 -47
23 36
-19 -26
-10 23
8 -28
43 -27
-1 47
-40 -25
37 -23
-28 44
-45 -19
48 -41
-11 -7
20 6
35 31
-8 -38
43 0
9 23
43 18
-47 26
-25 15
42 41
43 -30
26 -20
-46 -33
43 -27
12 6
-47 31
10 -46
29 37
35 -37
-20 46
0 46
34 6
-23 -6
45 -9
-18 42
7 -44
-20 39
-11 32
-44 6
48 21
9 25
-11 -49
-26 42
-26 10
24 36
-4 48
41 -2
3 12
44 -15
11 18
-15 -26
13 6
48 -37
29 -26
15 5
8 -18
29 -44
40 49
-40 40
1 -12
-21 32
-44 -39
3 13
0 -3
-22 -24
20 35
-19 3
46 -42
33 -11
13 -17
12 33
-44 41
-33 2
48 -37
-36 28
37 31
48 -19
24 -43
-17 49
25 12
42 -34
3 -30
28 -16
20 40
9 48
-3 0
24 26
30 13
-38 39
-2 -34
-31 24
-25 -26
-21 -42
-12 -27
-4 32
-28 -2
42 0
8 -40
-12 17
29 -20
26 29
-29 -43
-45 24
17 -4
-40 2
43 44
47 -45
-23 -3
-49 30
-45 5
-35 -47
2 -1
39 37
-18 -10
-22 -1
17 42
12 -36
17 45
-27 25
-5 39
1 18
-49 -6
-7 36
15 42
49 4
-17 39
27 -10
-21 6
5 36
-24 44
-25 -46
-23 9
7 48
7 5
-11 -25
12 -33
34 -46
-33 34
-33 3
33 -44
-45 3
28 0
-35 -45
-6 25
-5 -36
-19 -8
22 23
-31 -27
11 -10
3 40
45 -30
-1 -10
44 -12
13 -40
-21 33
25 33
-39 -17
20 22
-36 -34
39 -33
42 35
-21 -8
-27 -28
-27 -39
-25 -29
2 49
45 -2
-13 -30
23 12
5 2
-13 25
49 19
20 -47
-33 -36
-1 43
4 -38
-8 -20
28 27
45 1
-39 -16
-7 44
0 0
-11 -9
-32 -3
-49 -39
-2 37
26 -18
-38 13
9 38
-28 22
41 29
-19 7
37 17
-26 -34
28 19
-11 12
43 -45
-26 7
48 14
-27 -9
6 -48
-48 -8
-40 28
-23 2
20 -40
-8 -9
-7 38
8 32
5 -14
-32 33
-19 6
24 -31
40 -25
2 -39
-31 -26
-29 35
9 -31
31 -4
-44 -47
-48 25
-19 39
10 30
40 24
46 -12
46 -37
39 31
-22 22
-7 -45
10 -19
0 46
-20 47
2 29
-22 -45
21 -46
-9 -30
-4 -40
-5 29
36 -24
44 -17
-43 -36
-34 40
-33 -35
-21 33
46 -2
3 41
-23 25
45 49
31 -34
11 42
-26 34
-26 10
5 25
12 -29
31 -42
44 -36
22 33
-34 3
-10 -2
8 -32
-32 23
17 41
33 15
39 9
24 37
10 1
-27 -4
1 43
27 30
23 -26
-38 -42
-7 30
-7 17
24 48
37 40
-20 -10
-15 -42
-40 16
-31 5
34 -15
-47 -31
6 12
31 26
35 5
37 21
-30 22
-32 -16
11 18
44 -21
-7 15
-11 -44
26 3
24 44
20 32
19 -7
22 -6
21 -37
25 -35
13 18
0 -24
-44 -21
-7 8
-26 -33
-20 41
-25 35
18 -47
49 -13
-28 -15
-16 -2
-16 -30
22 -47
-31 -27
23 -10
-25 -11
-27 -41
15 -39
-23 17
-1 -18
3 -7
37 7
17 8
-3 4
-34 19
18 25
23 -27
-48 45
5 20
-26 -35
18 -15
-46 -5
25 -45
44 12
35 31
-46 38
37 -46
19 -30
-14 -19
40 22
48 -32
-40 20
-6 -34
7 -41
-3 9
-27 23
37 -18
-9 -40
44 -28
-28 -33
-14 49
-1 21
-11 17
17 -8
32 -3
-17 2
34 -28
22 -34
-18 33
-11 -44
-37 48
-43 49
8 -38
2 14
-23 12
5 10
13 23
-4 -46
-4 39
-39 -48
49 -25
-1 46
-32 37
29 -15
-17 47
-6 23
-23 45
18 -47
12 39
-13 -19
-13 2
6 -30
-28 34
-10 -7
-42 -21
20 -41
-22 48
-44 -47
4 -5
-9 -14
-4 -37
15 11
0 -24
22 29
-38 -36
23 8
32 16
36 28
40 33
7 13
-21 -46
-47 1
49 39
-13 23
47 -26
15 37
-48 14
-5 -27
-3 -3
0 -23
0 46
21 -37
49 21
39 -36
9 0
-27 14
45 21
46 20
-42 40
-12 5
0 19
-45 -30
-46 46
-4 31
-24 -13
-26 26
39 20
-26 12
-20 45
38 17
-9 27
45 45
25 -26
15 0
41 40
45 -48
47 19
-36 3
-45 -43
19 -21
48 7
-4 0
5 13
45 -35
8 -23
-31 -20
-48 34
-2 -32
-2 -36
-2 -2
7 -39
-16 5
-29 -36
-7 7
-48 -33
28 -12
20 -3
26 -1
18 -42
-14 6
36 -22
22 10
-25 -1
-3 28
-2 -36
-1 -16
-30 25
34 18
-33 25
0 -33
10 26
3 -37
0 -24
27 6
0 16
-36 -15
-22 33
34 -23
43 21
30 -23
-5 31
40 15
11 -49
45 -17
15 -29
-7 -7
9 33
22 0
45 -8
-18 28
-2 39
30 2
-30 23
-22 16
-47 8
45 -13
-7 20
-47 35
-17 -36
-7 -4
-45 -10
-8 -48
17 -19
-32 -9
14 -17
38 49
39 40
5 48
28 13
-7 33
42 -16
16 12
-42 0
-26 -10
12 42
38 44
-9 -47
21 10
-13 32
-44 28
-35 -35
-13 14
16 6
-14 39
9 -23
38 6
-43 25
39 -21
-36 10
-10 -22
-49 -12
2 22
28 -3
21 23
-25 18
-9 -39
-42 44
48 42
-20 19
-13 1
5 37
-28 37
31 22
48 -26
-27 36
-8 20
34 6
-41 -36
28 28
-11 28
-4 -37
46 -43
4 -38
2 -40
-25 19
-2 -32
-34 44
46 7
1 -32
-42 -9
31 10
-45 -39
-22 36
-37 4
-10 -39
41 -24
-10 24
-30 -4
21 47
25 -46
-10 -22
-24 0
39 -36
43 -24
35 -40
29 -20
0 38
-48 -18
-8 -15
-3 -26
-46 -32
10 -15
21 -21
13 -8
23 19
-31 -36
40 0
49 43
44 -3
18 -9
0 43
-30 26
1 49
-15 -44
20 -7
46 0
39 -33
49 16
1 7
-12 31
34 -9
48 -12
-31 -34
-38 0
-36 29
-14 28
36 -26
39 -37
-3 -24
41 12
10 32
0 -47
-2 27
-21 -17
35 28
44 47
26 8
-29 14
-27 -31
25 22
-37 0
12 -36
-19 -7
6 -5
-18 47
-18 40
1 21
-27 6
-7 6
46 -34
-7 40
-20 9
-17 22
-26 -13
-38 8
17 48
31 -4
-48 -45
-10 47
3 -41
22 29
40 5
41 -35
48 21
11 -2
22 -21
8 -2
-36 41
-18 -31
2 -21
33 -13
-19 42
-38 -34
-8 -38
4 22
25 3
-6 -40
-30 -2
27 19
-33 -38
-5 23
8 39
3 4
-3 -32
17 -12
0 13
-23 40
-33 -23
30 -22
32 -13
36 2
-49 -3
-35 36
-12 1
-26 -9
8 28
-9 35
-20 -24
30 45
-8 -21
32 -43
34 -10
2 -3
-2 22
28 -20
-10 36
-23 -45
-23 -49
-8 12
-31 -3
1 44
29 24
38 -47
48 47
-49 26
-26 27
-19 -38
37 44
-2 47
48 -14
-2 -2
21 18
25 43
-10 -13
49 24
47 -24
-44 -44
4 42
-21 12
-45 9
24 -48
16 47
16 -19
-19 39
-1 -37
-37 46
4 -45
-20 48
-36 -37
-38 10
-23 46
-45 -8
42 -34
3 -28
-22 -39
-18 -21
41 20
-6 -7
10 -2
-32 -37
0 9
-16 41
34 16
-14 -1
23 -2
-35 17
-43 -40
-25 31
2 -15
-13 42
-8 -49
-7 43
-38 -48
-41 8
-17 43
-42 -28
-14 14
22 -41
7 -36
35 -44
11 11
11 28
13 -41
27 8
-3 -1
33 -16
42 -15
-4 -9
-9 29
-47 27
-33 -40
11 43
-28 38
40 -36
26 -20
24 18
32 -45
27 40
38 -22
-19 -10
22 19
-9 11
29 -35
35 -42
-22 -21
33 -15
0 -15
-39 -31
-2 -17
-41 -48
42 -19
0 6
-41 1
40 11
43 40
-22 35
-42 46
40 40
-43 -22
9 7
33 -36
28 -39
36 -29
0 -49
20 18
-1 16
-46 -47
40 4
5 8
0 -36
32 34
0 -21
22 -39
7 21
-6 2
0 37
-13 6
18 -47
-17 19
16 45
48 41
42 -43
19 25
-46 27
-48 4
18 16
4 18
48 14
-23 41
-22 6
-46 43
44 1
43 42
40 -34
-39 47
29 21
-5 -49
18 -2
9 -32
3 8
-36 -3
40 40
-21 40
-47 27
30 9
48 30
1 -13
27 -32
0 -12
19 31
-3 -22
-37 37
-48 -48
11 38
-30 2
-30 16
-38 9
34 41
43 -2
3 32
-14 -11
2 26
-11 -18
-11 -9
48 37
22 -44
37 45
37 -38
0 -10
2 32
15 -41
13 -3
6 42
10 -36
34 3
12 -46
5 5
9 -34
4 -47
-34 20
38 -7
37 -20
-17 47
0 -6
31 -2
26 -19
-42 37
-8 33
1 -40
-37 19
31 -2
-6 11
4 0
43 14
-40 26
-39 26
42 7
-17 -23
49 -3
-37 33
9 -15
-36 -38
37 7
-28 43
35 -4
38 -49
-10 -32
-27 -46
-39 -29
37 22
-2 -6
23 48
-46 -42
31 -25
-35 14
-28 -37
41 30
43 -21
2 25
-7 -11
37 -5
28 3
-18 0
20 -2
-37 39
-42 40
18 -12
-24 -17
7 44
-27 -7
-28 48
10 -49
-14 22
-10 33
-1 -20
39 18
-36 -30
-13 38
-17 -44
11 -1
-29 46
-1 48
41 -4
39 -26
33 14
-14 14
-26 4
14 -9
-19 7
-25 29
-11 -36
43 34
7 -11
-28 -38
-36 -21
4 -46
11 -36
6 27
-13 -10
13 -49
22 11
49 -20
-9 12
20 -39
-6 -32
9 -6
-1 -33
10 -19
33 -13
16 -24
19 11
-44 17
-6 38
36 37
-22 -16
-49 -23
28 42
-26 2
-44 17
36 5
5 32
-44 25
-15 -2
-25 -42
37 -3
16 -34
19 -47
47 -49
44 -39
14 38
-24 15
-18 25
-14 -15
46 15
18 -6
34 44
12 0
-41 -25
27 27
-27 -34
31 15
-46 4
-17 34
48 -8
-17 -47
46 18
37 -42
-48 -10
-39 0
25 38
-7 -21
-24 10
-48 -2
13 39
-44 -39
46 -32
-44 -11
33 -17
-22 18
-1 -45
5 -9
36 -33
-3 44
-16 0
22 -8
34 -29
9 41
-45 1
-41 -41
45 -9
-17 29
-26 -20
6 15
-44 -36
-49 26
15 47
4 40
36 47
-32 34
-32 -12
41 -30
-4 10
14 -30
-31 -26
42 24
28 21
-16 12
13 -11
6 -7
5 -34
-27 -8
24 22
10 28
23 26
-20 -7
-20 -46
9 -45
-12 -1
-25 -17
15 41
-5 -20
14 22
-18 -14
-11 -12
-19 -29
-26 -31
15 30
26 42
-46 34
-6 -2
35 -6
14 -22
-10 -2
22 -14
17 -26
14 19
10 1
2 -16
-23 -17
-14 47
-29 38
-4 42
-44 49
-30 -13
-39 3
-10 48
-11 -42
-43 41
-15 29
-48 27
-2 -32
-49 -23
49 40
15 13
-19 0
-16 2
-31 37
21 6
-4 -31
-33 -40
-32 -6
49 48
-46 8
-33 -13
39 35
-1 0
-20 15
43 20
9 27
22 -5
-8 7
1 -30
-22 -6
10 8
14 -27
23 -49
-40 38
-23 -38
35 -46
-5 -11
-38 48
9 47
-46 6
-49 9
32 -1
-34 -44
-13 3
-17 -17
-6 -18
42 29
49 -13
-1 -4
42 41
45 -19
-10 -6
22 -40
-33 -21
36 47
-26 3
-21 -16
32 -47
27 -29
43 -24
-11 -36
20 6
-33 16
-12 -19
-13 -22
26 -7
19 -8
-1 -44
27 -22
-48 -42
42 6
18 12
36 25
47 29
17 -16
-20 0
32 12
0 18
-31 38
-3 -7
27 -49
-49 7
1 -38
-15 45
-28 41
-5 10
30 -24
-15 -33
1 45
23 15
-23 -39
25 -36
28 18
-24 45
-42 -33
-24 -20
37 -18
14 0
10 47
36 38
13 42
-26 -41
0 -3
-9 42
20 -14
11 -27
23 -37
19 2
-30 3
-27 -43
-7 -19
28 -3
-30 24
-46 -32
-23 38
-32 -20
-45 -26
16 38
27 -30
24 -1
24 -39
0 -10
7 44
22 -19
27 -13
12 42
16 -1
-34 -4
-4 17
23 12
-32 12
1 18
-2 -46
-28 -47
-32 45
1 36
-23 11
-33 -32
2 -17
-31 -24
-16 -24
46 33
31 35
27 -46
14 1
19 -17
37 29
-27 -28
38 -17
7 38
-12 47
-47 -5
46 -6
-40 17
10 19
27 5
-22 -20
14 29
-14 -19
38 21
-11 -29
17 38
0 37
-38 -4
-20 16
31 -26
22 10
36 -42
0 -18
0 -3
4 44
4 -26
-14 -46
30 -37
-7 6
-19 3
-4 42
38 44
25 13
-48 1
-28 -28
41 -6
-46 -49
-17 -2
26 7
5 -44
-12 -10
-43 32
22 -40
-7 -17
-23 0
-9 -46
17 -48
40 -14
-30 26
8 -13
-23 -46
-5 38
12 -37
46 35
-22 16
-46 25
-22 -45
36 -14
-29 -42
17 -32
36 15
-6 8
48 -24
37 10
18 21
-9 -9
-43 8
7 34
14 32
4 33
44 -44
-47 14
21 -41
-36 4
26 24
0 -40
41 -42
45 33
24 -19
33 -2
-37 32
-21 -22
-8 1
-25 -19
10 -15
-36 5
-49 -23
48 43
31 13
18 -26
-15 -9
0 27
46 -12
12 0
-15 -9
-4 47
0 24
30 44
14 20
22 -18
-29 49
-1 -44
-29 -25
-48 -3
42 21
-39 -38
36 5
49 46
35 -48
-29 -10
-47 -15
43 -1
-48 46
-33 -45
-20 0
-26 -9
-13 -44
18 46
-19 44
-8 3
4 5
-29 13
-6 30
-11 14
-8 42
31 14
49 21
-37 -27
21 28
-24 -8
48 -19
-49 -15
2 -48
-48 -17
26 -31
-3 41
-11 -47
25 -25
48 -48
26 -11
-15 -25
-7 -24
19 -17
47 34
-38 -14
42 47
9 -20
-5 -38
-29 45
-41 27
19 22
-4 -35
28 -7
-12 32
43 21
25 38
-6 -8
13 34
-5 45
-29 -8
-26 -38
11 25
10 0
16 -35
32 -24
-29 40
-43 8
47 -38
-22 -2
25 -9
-23 24
10 39
46 0
15 13
-24 -20
-35 7
33 -12
-37 -26
32 -43
-36 26
20 2
-44 42
-31 18
-4 30
-2 2
-40 -42
28 -34
1 -19
-9 19
6 28
38 -31
-49 42
42 -32
23 43
-31 23
21 -49
-7 31
0 3
-11 15
43 -12
-31 -38
28 -27
12 -13
-19 0
-16 -26
33 33
-26 -43
-30 23
-3 -3
-6 -27
46 19
36 0
-15 48
29 -44
48 40
-38 -8
27 18
-14 47
-43 7
-30 42
7 -16
-45 -2
36 18
-47 33
-13 -8
8 -9
-32 8
-40 25
-8 -4
38 32
0 -46
15 4
27 5
18 38
-2 -7
43 -46
20 7
45 11
35 -41
11 29
25 -40
18 -47
-34 24
22 15
-29 -37
-40 35
-38 -15
16 -35
26 -27
-9 39
15 35
-36 -19
15 -5
17 8
40 32
-45 -14
-6 -22
-5 -3
1 28
32 -36
-25 1
49 19
-12 23
5 -5
-3 32
12 2
-17 -19
37 14
18 -34
-24 16
14 -10
28 -44
12 12
-38 26
-22 -18
-3 -28
6 -21
2 5
-37 25
-48 32
-39 36
38 -14
38 -39
8 47
1 18
-14 37
-28 -48
-18 -28
48 -46
-47 19
-24 -45
-33 -28
-2 30
-14 24
27 47
-17 -19
-44 -23
-21 17
-2 -37
-42 -37
31 -41
-16 44
-38 0
-38 -46
29 -25
-5 -43
18 47
13 -29
13 -28
4 -24
19 8
38 -10
16 6
-49 -3
-30 16
44 37
31 -43
-6 11
-21 8
22 -42
1 23
12 -16
-31 -49
24 28
-15 0
-6 18
46 -33
-46 -40
-10 -2
44 11
15 14
-35 -13
-20 30
-16 -36
-6 -20
-26 38
-4 33
-38 -8
32 15
25 -45
-36 -48
21 -14
-19 38
-46 -24
-31 4
19 -18
26 45
33 20
20 45
38 49
11 20
41 43
31 -40
-17 23
6 -37
27 29
0 -41
38 22
-18 25
-13 -48
-44 -28
20 32
19 -34
2 26
11 -47
-40 49
-43 43
-36 29
40 42
-12 8
39 6
-1 -45
-49 -49
31 49
40 -24
-19 20
45 -44
26 -12
-28 -12
-17 -13
-9 39
-6 -1
-20 -21
0 4
12 -7
-38 19
20 9
-35 22
7 -30
16 -49
-49 -33
18 32
43 -22
12 -10
-33 -6
16 8
-30 13
-21 34
-9 28
-20 -6
-26 5
-2 -45
0 -41
26 21
-45 15
-49 -10
5 16
40 -14
-5 -8
-46 41
-26 -22
-46 -13
46 6
25 -20
20 36
-36 30
-21 -1
-46 44
17 -27
12 -48
44 10
-31 46
16 17
-24 -19
48 -8
35 -13
-47 9
-34 -9
-44 7
10 38
0 -17
38 -22
44 -28
31 -13
-19 21
46 -24
6 -2
48 -17
-39 -5
-5 0
46 32
4 -9
-24 27
-19 -28
30 16
8 26
-31 6
27 -34
-9 -4
-13 0
42 -11
48 -5
-22 -44
-1 28
-49 -13
-11 15
31 -22
32 -28
-17 -47
40 2
-1 28
37 17
11 -48
39 -40
15 24
-40 11
22 41
-44 42
-45 44
-31 -2
32 -36
-30 8
-14 -20
15 40
-42 25
-11 33
-3 34
40 25
14 42
25 -47
-1 30
28 -41
46 38
-31 9
-24 -27
-10 27
2 49
5 36
-12 -25
-12 -27
30 -21
-22 -15
17 -42
-22 0
47 -25
-21 -18
20 -29
-2 27
4 -45
25 -7
28 -9
35 38
-43 -7
-32 2
7 9
-28 0
4 19
5 47
-27 7
-40 -44
-24 38
45 -30
12 -30
-1 3
-49 37
0 -32
-25 10
14 28
-39 40
11 -34
9 -9
43 38
7 -48
-24 29
-10 -42
-7 26
-12 -30
-31 -7
33 34
25 -36
7 -19
20 -14
8 46
-22 -18
43 -45
-17 -32
-7 -39
27 21
-28 10
-20 8
25 -43
-41 33
-41 13
-49 -27
-34 -9
-12 -28
12 28
20 0
37 -11
-41 10
21 43
41 -11
-46 -7
15 -19
30 33
9 22
13 -42
9 -4
32 29
49 -8
36 44
-3 21
-18 5
9 8
-13 -9
37 19
42 19
19 24
-31 23
14 34
-49 46
-8 -22
27 -28
0 47
28 6
-11 35
-23 -27
-31 -10
-6 -31
-29 33
28 -8
29 -10
-43 -16
-4 -6
8 -3
9 12
-18 -21
47 -16
-23 49
32 -1
-24 10
5 -36
-18 29
-40 17
12 -17
-15 16
36 -41
-6 -1
10 38
4 -34
-25 36
-36 -3
32 5
-22 16
21 -7
34 3
-28 -39
11 -7
21 -12
18 20
20 25
-28 38
-29 -45
-24 -44
-28 17
-42 13
-42 -43
33 -6
-22 15
-30 4
18 -23
-40 -35
-36 20
-15 23
-42 1
-28 19
-13 14
-26 -25
-24 35
-30 -35
-27 44
4 -2
27 -28
17 27
-22 -5
36 35
-12 11
12 -38
-40 22
-12 -23
-5 -10
28 0
-45 -39
40 -39
17 -39
3 15
-20 20
7 -35
43 -41
18 -36
35 47
-24 -5
1 22
0 -1
-38 13
8 -41
-44 -47
13 -9
-43 46
-40 -2
32 45
-45 -4
-7 32
43 -18
-9 24
46 49
-24 34
-48 25
8 -45
5 -18
21 25
23 -41
-23 5
23 -23
-45 27
2 -32
14 24
-12 32
-38 -16
37 -11
38 10
30 -10
39 37
8 14
-29 4
-11 21
24 -23
-7 -37
34 43
7 27
5 -40
-4 -10
12 44
15 -48
36 -41
13 -23
34 11
-34 33
17 -47
3 4
34 -24
13 -40
0 -14
-28 -6
-2 26
-24 -43
46 -44
14 -12
-33 -13
-9 -30
35 0
-28 -5
6 29
-14 2
0 1
-33 25
21 -39
-2 15
-44 23
-42 -17
-9 -6
28 2
14 -41
15 -11
-38 6
14 6
39 24
-5 -23
5 -49
49 31
-44 -26
-13 -40
47 46
-11 -31
28 -14
-47 -44
5 0
17 39
-15 46
-27 48
5 4
-20 25
17 -46
-25 -3
-32 38
-31 39
29 -5
18 22
-33 45
-39 -43
-22 -15
-48 -44
15 -25
24 6
29 -38
-43 0
35 18
26 -4
-32 -27
-32 -49
-6 -37
46 25
-26 10
22 -20
32 -49
46 2
-15 -25
-35 -18
30 15
-34 -35
17 -39
29 24
-49 41
37 -19
-7 15
-27 -43
-32 48
47 -13
-1 7
20 -22
0 15
-19 -35
-6 -4
-43 -46
-31 -4
29 -17
21 -6
-29 47
-37 -32
48 -47
-11 -26
33 -13
-9 -47
-5 -37
49 -47
-19 5
34 -33
-17 13
-35 49
7 9
-48 1
27 44
-41 8
15 -32
-20 -41
-16 31
-24 30
-31 22
41 -41
-12 11
7 -44
30 -18
-37 24
49 34
-41 -8
11 18
37 -2
-20 -23
-41 -23
40 0
9 36
22 -49
34 18
24 31
-35 5
42 -2
19 -39
-11 -36
33 -32
-11 -47
46 -46
-11 23
-40 11
20 10
46 45
47 -44
-9 3
-15 38
-17 8
-45 -26
-20 38
-32 15
48 -35
25 -16
11 8
-38 -14
39 -7
26 8
8 45
29 -33
-33 18
-2 28
47 -12
46 43
-32 10
22 29
18 -21
-45 32
-49 -47
49 9
0 4
-33 15
-47 -39
46 -10
25 15
-10 -45
12 -43
48 29
-29 4
-25 -38
-10 15
30 -43
-9 26
-1 -36
-24 -33
15 31
-20 -17
31 -4
-16 0
-4 32
29 13
-32 13
-1 4
34 30
19 -41
-7 7
45 -49
-25 -35
-38 -15
38 -39
-2 -3
-40 -30
-26 1
46 -26
20 -29
-38 -2
-35 -6
20 -35
45 48
-40 36
-42 -43
-33 0
2 -35
19 26
-28 11
33 34
-35 -7
-39 12
45 26
8 44
-18 -14
14 -1
-25 -17
30 -4
-2 -11
22 -16
3 -47
20 -21
-10 35
7 0
-31 -9
-48 1
-24 4
21 -22
13 42
1 24
-34 -5
-26 2
2 20
-43 -32
-40 43
-38 -34
10 15
-28 37
22 5
-18 -9
-29 33
-10 -47
-16 -46
-14 -5
-4 -20
-8 -44
39 -24
-3 44
12 23
20 -49
-35 -18
28 -21
-23 25
-5 -4
47 41
43 21
-47 2
20 46
21 16
-37 19
-24 -32
-39 27
46 -46
-2 -32
41 -35
12 -25
-41 -31
-15 -4
-29 -12
10 -19
11 16
30 45
-45 -35
-41 33
-44 42
-4 -32
-3 25
46 33
36 -47
-12 -9
-28 -6
20 17
21 47
24 -36
-13 -19
-1 42
-39 20
18 -27
23 -39
-43 -3
-39 -4
44 -25
-24 -42
27 43
30 -38
38 0
26 -30
-9 12
0 42
25 27
28 19
34 -3
-43 -5
49 21
-29 8
23 25
24 16
-7 -18
-49 -9
18 7
-4 36
-20 -31
1 24
7 -23
-21 -14
13 -18
11 -43
-47 -16
26 -13
-8 1
-40 25
-29 5
-26 16
-13 48
48 26
-2 -21
-39 18
7 -5
7 -48
0 -27
-36 -28
-33 33
-6 -9
36 -40
34 42
7 17
16 -17
-22 45
23 -8
-9 -11
-27 27
-46 -31
45 -18
32 -30
45 14
-26 -10
0 30
35 13
29 19
27 9
-28 8
-32 -1
-30 -27
-10 16
-39 -39
-23 25
24 16
-31 22
21 3
38 -27
8 -12
-32 48
13 36
-12 -9
-46 1
-31 -12
-17 -31
-27 49
4 15
36 25
37 33
30 -16
45 10
8 16
-7 -36
-18 -17
0 16
35 38
-30 33
-13 20
-18 -47
-38 -23
7 1
9 35
-40 -20
-27 7
6 0
-12 -1
-14 -19
-40 -9
3 -38
0 25
-8 6
-45 -26
-31 -13
-17 23
43 -35
-41 -18
-42 -33
30 -17
27 34
-46 48
-31 44
-4 47
-7 24
-31 -6
-22 -30
-39 35
-13 31
-45 -28
-44 -39
37 -21
37 47
-25 42
5 12
-45 8
-1 20
24 27
-49 -9
-5 16
35 -20
25 -36
-31 -3
16 -47
24 -23
-25 -32
-37 25
-26 48
10 -1
23 -28
7 12
-2 -22
20 -44
39 -9
5 -40
30 -18
40 -47
-37 27
48 -7
10 34
7 -3
47 39
-24 -19
44 26
-35 -4
-15 16
-46 20
26 -20
-15 -46
11 41
44 -34
-12 21
-34 -27
-23 27
15 -37
-20 1
43 2
5 -28
16 7
31 10
-17 13
-14 -47
33 -43
38 31
34 -23
-26 -36
-15 31
-48 -46
-14 -26
-18 -26
25 19
2 4
23 -22
10 34
-35 -47
-31 0
-11 -25
22 -9
31 16
-40 13
7 11
-20 -33
26 24
-9 -7
18 2
-14 18
49 -49
-36 12
20 10
10 -6
-5 23
-12 23
25 5
-9 24
-46 7
-19 14
-7 -33
20 -47
-41 26
-33 36
-41 45
-11 -43
-39 20
46 33
10 -40
24 37
39 22
-10 -21
-37 44
-49 -13
-32 2
4 20
19 -3
-31 15
-19 21
-27 -18
-46 -9
11 -44
39 -15
45 -45
27 39
46 43
-18 -5
46 12
20 46
18 39
-24 28
29 13
-35 -45
47 -42
-40 11
-10 49
-8 1
41 4
10 43
12 8
30 35
-20 -46
-35 8
19 18
32 36
-25 -7
9 -24
49 0
-4 -36
26 37
4 -42
-30 -42
17 28
11 -9
-5 8
16 -32
5 36
-12 -18
37 -40
8 -44
19 -27
5 34
-45 27
-13 -29
25 21
39 36
-31 44
-47 -2
-18 37
0 -1
-1 1
40 -41
-8 0
-15 -48
15 -4
23 0
0 41
-38 5
-10 24
37 -25
4 19
27 -43
-23 -27
-5 49
1 -34
-42 39
19 -24
-3 5
26 39
33 49
-29 -30
-17 19
17 -22
-48 -22
-36 44
-39 27
25 -4
12 40
-22 -31
29 13
-40 2
-48 4
-20 -36
-36 -4
20 37
-14 9
47 21
31 -32
-5 3
-47 -27
-12 14
-24 36
-31 6
-14 15
19 33
-44 -21
14 -1
-49 32
-14 44
-43 -26
-40 -22
30 19
0 -23
-2 7
14 1
45 2
-42 44
-10 -39
-46 32
31 -37
-44 0
42 -1
-48 -7
16 21
9 47
16 -45
23 12
-18 -47
-39 -26
-45 -35
28 7
-16 30
0 -15
-44 -15
34 -4
-29 12
-33 26
-30 8
44 -31
37 46
-1 -34
26 -30
38 -49
-16 28
23 21
25 -5
-18 24
-26 -40
39 9
48 26
3 15
27 -32
16 16
-16 -40
-49 37
-27 17
6 7
-45 31
-48 -36
39 -6
-35 -26
1 -18
-28 -26
-4 46
1 31
-30 -32
35 -20
25 44
27 49
-16 -21
26 44
28 49
-43 -30
15 26
25 29
-25 25
-21 30
-9 -32
28 -46
35 42
25 26
-26 1
40 43
8 44
-16 -45
29 -44
-25 -5
-36 -29
19 28
-31 29
-30 -10
9 -27
43 -28
-8 -8
15 43
-46 -42
16 3
22 22
-42 -40
-19 48
-46 -3
-18 -49
5 16
8 41
23 -33
25 -49
-20 41
-24 4
12 1
-10 -29
-33 14
-34 43
10 -21
-31 19
-35 19
-21 37
-48 -6
-45 33
36 36
19 12
-9 13
0 -4
19 44
41 0
24 35
-23 -6
35 -23
-39 14
-22 -8
-48 16
8 36
-33 38
4 -44
7 42
5 -11
-45 -4
-9 25
-30 -36
17 -37
-31 -49
46 -4
2 42
-22 43
40 -18
34 36
30 16
-22 40
-46 -8
-40 -49
49 -28
12 43
-28 -34
25 -24
-37 -38
-12 23
-2 -4
39 42
47 48
-42 32
-24 19
-3 20
37 -11
-21 4
37 49
11 -5
-22 -22
-8 -34
-45 -6
41 -24
-18 43
-17 7
-46 -20
41 27
14 -42
-23 -23
1 -48
46 48
-44 -32
-48 -6
-24 -7
-49 -32
34 18
0 -5
-34 -13
-43 27
43 -15
-33 -42
-25 31
-7 -30
-42 29
27 -29
25 -32
29 34
23 -12
7 39
-21 -21
45 -47
-4 15
38 48
18 -26
22 -11
40 -35
12 20
-27 -23
-36 -42
26 -35
-21 40
-31 -40
-26 32
-38 30
-11 41
28 6
39 4
-23 35
-8 -42
-20 2
6 -25
35 -8
25 3
12 -32
28 -18
36 -49
-27 34
24 -12
37 -3
29 13
-46 -10
25 20
-17 34
-29 1
-4 18
-5 -32
1 -25
-21 37
-2 -33
20 40
48 -18
-29 32
-36 44
-48 -33
-18 -35
1 -14
-9 14
-46 21
-21 29
4 33
33 -22
37 -40
-42 2
43 12
-26 31
14 -2
-7 26
0 15
-32 46
-14 -16
-40 -30
-29 -39
-46 -35
-20 15
-33 -5
29 1
-49 33
-12 40
40 -31
0 -49
-44 20
-39 18
-29 18
31 -14
43 -30
-27 29
45 -29
-21 -27
24 2
-32 -13
21 10
25 18
-2 -28
28 -47
14 -29
-1 28
24 19
-41 -12
1 20
-23 -42
0 -6
39 -28
-27 13
-32 -45
-5 30
24 -14
-20 33
38 44
-2 17
-25 33
-46 24
-4 9
-9 -38
42 -46
3 7
-45 48
26 -40
-22 37
11 15
-39 39
-14 43
-27 -45
-7 2
39 28
40 17
19 -23
-28 1
-17 6
-35 41
18 14
5 45
10 -24
42 22
-47 27
-39 -25
-35 -4
-25 -2
38 -27
3 -14
9 -35
0 47
15 2
-19 5
-38 -20
-39 -43
17 21
-10 -6
-33 -17
-16 11
-49 -43
-32 0
0 -24
-34 15
-21 21
49 41
-46 -22
-24 41
-30 -38
-22 -30
32 46
16 -40
-23 12
-44 32
-11 -19
6 29
33 18
-23 -25
49 -1
-30 9
15 -14
-12 10
25 38
-39 48
-25 -40
48 -27
10 27
45 -42
49 -29
6 17
-10 29
13 -33
33 -28
0 39
43 -45
18 28
14 -31
47 32
0 -7
34 13
-49 11
2 -5
-34 13
5 14
36 5
-31 -42
48 30
16 48
-40 -46
12 1
-39 32
0 36
-25 37
11 -15
49 28
-17 -17
32 14
34 -22
-10 -43
6 -8
39 -36
28 12
-42 -48
9 0
39 21
-29 -33
-45 -24
23 11
46 -1
11 44
-45 -43
34 35
-42 -48
1 31
-11 -13
25 12
44 -44
-5 28
-3 -24
-23 45
-16 14
-39 1
9 -38
-1 -33
-20 -15
-42 -12
41 23
36 40
3 14
37 49
-3 -46
-38 46
31 19
-6 -13
29 -28
21 15
-30 43
-28 16
21 4
-47 4
-10 -17
-7 -4
42 47
41 33
27 -39
-18 -39
17 -6
4 22
1 -1
-20 -19
25 -3
27 4
-43 3
-15 -29
-4 -13
-32 -8
-45 -29
-32 0
-22 -22
27 28
-48 -15
40 -7
-7 23
39 -33
36 -47
-26 21
7 14
27 28
24 14
-1 14
-19 12
36 -46
29 -4
42 46
-34 -19
40 44
-46 19
-32 -22
-8 -44
-31 -37
-21 -12
31 -38
26 46
21 23
36 -18
-23 40
17 -14
-44 3
-3 -36
14 -13
-39 -48
-39 -35
2 -32
-24 -31
23 37
-43 41
41 14
32 -45
-46 45
-5 -36
26 -11
14 -26
24 18
30 -7
31 -38
-28 -8
9 49
-4 12
1 46
-33 -13
-13 24
9 -8
35 31
-9 25
7 -9
-17 1
12 8
34 -24
-6 -45
15 -17
-3 0
-34 -6
39 -44
2 -35
-33 -31
-8 -7
28 -34
-27 -4
30 31
-2 -21
0 13
44 40
31 41
11 -19
24 29
-24 43
-38 -12
20 48
-36 -37
21 -25
24 39
33 -13
36 25
-48 -3
32 36
-13 22
7 45
-25 27
9 -17
14 -43
-25 45
-28 -14
47 22
-49 32
22 -15
-46 35
44 -10
17 24
-40 23
-35 -19
-5 -49
21 25
-29 -9
24 -30
42 6
-18 -14
40 -20
-27 0
-2 13
22 -49
35 -9
44 -45
-19 17
39 -32
42 0
13 -8
47 46
12 -10
12 23
-35 -22
13 -15
9 -22
-39 10
-11 41
-31 23
23 -21
-6 -34
8 -36
-48 -25
29 -45
-3 8
-14 -34
-45 -27
-47 -40
-7 13
-35 37
30 20
-20 -1
42 -26
38 20
49 43
-30 32
-34 0
-32 49
43 -40
33 -3
-8 36
-23 -2
-5 -15
-14 42
-27 -29
-7 0
-15 15
3 33
17 40
31 36
12 -17
30 -46
31 -6
23 8
30 49
18 -1
-34 43
36 26
-30 1
-5 -32
15 22
-48 0
44 -41
-10 -28
19 24
-20 20
-28 -8
-20 27
44 -2
42 27
26 47
10 9
-26 27
48 43
34 -7
14 -38
12 7
30 5
-32 38
44 10
-11 7
35 11
-12 8
-24 21
17 -27
-17 -8
-35 -38
-49 -12
48 17
26 37
-43 -20
-24 -48
24 2
-11 -24
34 -18
-10 -2
0 -4
-47 -40
-21 23
-40 -46
27 -27
27 11
-9 3
-22 1
-4 -6
33 49
-6 -26
-35 -9
-44 -31
-44 -37
14 18
9 -20
15 1
-28 45
-30 -19
-13 -22
-41 -41
-37 -14
-5 19
36 -45
3 23
40 -36
4 28
14 14
-46 25
-35 27
-43 -30
19 -4
-33 42
31 34
-39 -6
-27 5
-48 31
-41 -27
-38 35
15 21
-5 34
-8 18
-21 27
22 18
30 47
8 -15
-2 -36
-35 -19
-48 -23
9 49
19 -9
-21 39
0 -2
-1 6
39 37
-1 31
-20 1
7 47
-7 -10
-15 -42
8 -10
17 -34
0 -31
41 2
-29 -49
-24 -30
3 -13
3 45
48 47
12 20
48 -28
-48 -43
-42 -33
7 32
-7 0
-35 -22
-5 32
-34 19
21 -34
39 20
-25 -14
-14 -41
0 -22
21 37
39 -29
49 6
2 -29
31 36
29 -21
-38 2
2 -31
-20 -34
-24 -41
0 27
-5 27
13 -32
48 -21
-10 8
-2 -40
25 -5
-37 -9
-28 -5
-41 5
17 26
36 -37
-41 35
-49 14
19 28
43 49
0 44
45 41
-16 -38
8 27
-32 19
-16 -25
7 3
46 26
-34 -40
-5 -38
-28 -35
30 9
10 3
34 -29
-19 -3
39 6
49 -25
29 40
48 36
37 -4
-5 0
-42 -18
-38 20
-34 -23
-8 -47
9 37
19 -27
-38 -6
-26 29
-5 18
35 -47
30 2
49 -45
-6 -28
38 6
33 -18
21 -14
-19 48
10 -35
-24 30
48 -43
48 -25
-38 -23
-4 15
0 -23
26 43
20 -19
0 -46
45 -19
-32 -16
-18 46
-9 27
-9 -4
38 -24
-44 31
-27 3
-32 -34
-49 9
3 -49
-42 -30
7 -37
9 21
46 46
-20 14
-18 48
-26 42
1 0
3 -49
-27 1
43 36
-41 33
-19 0
26 -6
29 43
16 -6
-8 30
-17 -9
-35 21
47 0
-12 8
-18 23
-35 -35
37 14
-6 -7
24 33
48 -44
36 -34
-42 -4
-2 3
-28 -48
19 20
-40 -22
0 19
37 38
36 5
5 -32
-43 29
-10 -13
-9 5
-36 3
-20 -1
-9 -8
-4 -4
32 48
9 -36
-41 4
-11 -14
-47 33
-23 44
3 -42
-2 -11
-23 11
30 -25
-20 -48
-6 32
-22 43
-45 34
-34 -29
-20 -19
-32 38
47 28
24 21
-11 33
31 28
41 14
-1 27
3 20
23 43
0 -13
-39 23
9 11
-37 12
-9 -16
16 20
47 4
36 22
-37 45
22 43
33 -37
-2 -3
38 -35
-21 -26
-48 15
1 -27
7 -10
-6 24
48 -49
39 6
12 -9
-43 45
-22 45
41 25
21 -14
35 40
-32 27
-22 -10
44 -19
-1 30
29 -36
-32 -36
-41 -10
34 0
16 7
-27 -3
16 29
10 23
-10 -32
43 45
-32 -2
-7 32
-24 -38
45 20
24 -12
21 -5
6 -19
-22 10
38 0
25 8
-14 -25
-47 27
-22 -46
-14 19
3 32
23 -4
21 -8
23 42
14 17
-40 30
2 -41
-49 14
44 -15
8 31
-24 -20
4 31
-12 -14
-1 -41
-8 -33
-31 37
10 41
-32 -43
-10 44
35 -27
-27 45
30 -20
-41 -43
-18 -8
40 2
8 -3
21 4
46 17
38 -47
-14 6
33 28
38 -12
-21 3
-22 -27
16 29
11 6
-45 -17
12 -36
-40 -9
-10 15
-10 -4
-34 -27
-49 -41
24 40
-19 23
0 31
42 -27
15 -22
-21 19
3 -47
43 -28
36 32
-14 -16
17 -42
-2 9
32 21
-24 12
7 -3
-2 -44
-3 -6
-43 -33
17 40
38 -37
29 40
34 5
6 9
8 32
46 0
47 -40
-39 -18
-25 9
-14 -26
-15 -34
23 -26
5 -20
22 0
3 -19
5 14
-48 -36
14 -27
4 23
40 25
-41 11
8 -8
36 -48
19 -7
-6 -28
-5 -30
45 38
11 4
12 -44
-1 -49
-26 24
-47 -35
-9 39
25 7
-20 -42
-35 27
-3 -18
13 24
48 30
31 1
-12 27
-38 -23
-5 9
49 25
-47 40
21 -28
-19 -15
22 12
22 -17
-14 9
12 -6
-23 7
44 40
10 -21
-16 14
8 15
-35 42
48 -13
-36 4
-3 -9
-14 42
-24 9
-30 48
34 -7
-7 -37
-46 -4
-31 44
-25 -46
41 -6
-49 46
-18 18
-24 3
-15 29
9 0
-5 -21
8 -38
-43 -31
49 48
14 24
-37 -17
49 -4
19 -24
3 -19
38 9
-43 -38
-35 11
-21 22
38 -9
-43 -11
49 33
-18 13
-6 37
-28 -14
-33 46
37 -32
-32 -42
17 -47
22 28
-35 3
42 -34
34 9
-36 47
-5 -26
-24 -28
-36 -35
3 -49
33 -48
-23 0
5 18
-42 -3
-44 41
49 -31
-23 -23
-3 -6
17 33
-9 -37
-37 2
-34 43
36 0
-45 -43
11 37
44 20
-37 42
3 -15
29 -31
40 23
-48 5
25 49
-24 36
37 -9
2 21
-25 31
-38 -11
44 -41
