28 -26
-31 -17
35 -27
42 -40
-46 30
-1 -42
-22 21
24 31
-45 -40
23 -19
6 -5
23 2
-32 17
-14 -12
9 18
-40 -30
30 38
32 -42
-6 36
-18 27
29 -45
-21 4
7 22
-23 -7
-19 -6
-6 -32
-28 46
7 38
-10 4
1 33
39 -22
24 25
-23 -17
-6 -43
29 -13
15 -47
-41 9
-5 -44
-4 5
-3 -13
21 34
31 12
12 45
-33 28
34 -48
7 -5
6 -22
-38 36
-23 -44
-44 -30
-35 31
-17 4
-12 -28
45 -5
-19 -21
6 -31
-35 7
-32 0
32 -18
-25 -2
-46 -37
-1 -3
14 36
32 -24
20 -9
47 -40
47 -43
-34 2
-6 9
18 2
35 43
-47 -48
17 -4
46 18
-24 -34
33 -37
-42 17
-10 -47
4 35
-47 -22
38 -24
-9 49
-45 -44
41 29
19 -19
34 -25
-45 -31
45 40
28 -30
-38 6
-14 39
-6 2
13 37
23 -45
-3 -47
-8 35
-16 -46
-12 43
18 -4
-29 -41
40 -32
17 -26
-49 -20
18 0
31 46
5 40
-7 -5
-2 -48
-23 -22
9 -22
-45 15
-3 32
39 37
39 -35
-28 5
-6 14
-46 24
0 0
-9 -20
20 41
18 -24
49 34
25 24
47 20
39 36
-21 21
-13 -12
44 -14
-45 -34
-10 24
21 -14
-26 -44
-9 -41
34 -10
47 -9
25 36
34 46
46 -29
48 -4
3 41
8 4
-28 -34
-46 -30
17 30
0 -35
-15 13
-47 46
47 -20
-40 31
-48 38
-15 25
-26 -44
-4 25
-37 -48
18 -46
-1 37
8 20
47 -40
18 31
2 15
-49 -48
-30 20
45 -28
5 -41
9 -14
24 -48
-45 -22
30 33
41 9
24 -13
-21 40
-15 17
9 -29
20 31
9 -28
16 32
0 -47
0 -28
30 2
4 -5
17 0
-29 13
36 41
-22 -43
-1 17
4 -14
-36 -49
3 -2
-23 -2
17 22
17 -8
-39 -33
-15 -48
-10 -2
-41 -47
-7 2
5 -34
-28 -11
-14 -44
26 -22
-18 -8
20 0
39 1
-22 43
46 41
-38 -49
9 7
-10 -28
49 -38
-30 26
0 44
-27 17
-21 -7
22 43
15 -29
-46 -47
10 37
-33 -35
-35 35
32 43
34 8
-14 -7
-28 -20
15 -26
28 19
-17 2
-30 -29
-22 29
-8 30
2 -6
4 44
-36 6
-40 -20
-35 -10
-26 43
38 1
-42 -39
-32 -1
-18 -33
35 -6
-46 9
0 24
-22 -17
-17 37
35 26
-24 -18
23 -41
-18 23
26 47
44 -44
-8 14
-19 -40
-14 25
-15 23
-7 8
-20 2
-15 8
-37 12
-1 1
33 34
-45 5
6 -32
-6 -39
-40 -46
25 -16
46 47
-30 10
-45 37
19 44
3 -8
-38 31
-16 -4
-25 -42
42 5
-24 -43
4 14
-14 -35
15 -41
-35 38
21 -38
13 -20
-48 8
47 -30
-16 10
-2 33
-11 -19
-16 -21
-4 -5
45 -39
41 -29
39 46
-19 3
19 9
44 -44
18 6
18 -17
34 29
33 17
36 23
-34 -3
15 -26
37 29
-37 -32
-3 -28
1 3
0 48
-37 26
-39 19
-3 2
-40 22
5 28
25 14
-14 23
37 -4
35 -46
38 -17
-18 28
38 -20
5 -31
-45 3
-39 2
45 23
26 22
-2 -47
14 41
-29 -9
-8 -39
46 32
19 46
-13 34
-37 -37
-23 -33
-5 -18
-42 31
35 14
-3 46
12 -25
-48 10
28 -35
43 -26
-27 -36
-23 -22
45 17
-44 24
-39 19
3 -47
20 -24
12 25
47 3
48 32
40 28
10 38
4 32
31 -28
-1 -46
43 -30
35 -28
43 35
40 -30
-36 -42
-48 -42
-26 -31
-17 -36
-25 15
46 42
-13 -15
36 -20
-26 23
44 12
-41 -37
-46 42
30 -5
20 -13
-2 27
-17 -42
-1 -33
27 49
15 15
0 -5
-36 -11
-24 40
29 -17
-39 -32
-3 4
40 12
0 -1
-32 -42
-31 -41
15 29
46 20
-29 38
25 -32
7 -27
-11 -39
45 6
41 37
-40 -29
0 -25
-8 23
5 19
-45 -30
-11 40
-27 25
0 30
15 18
32 14
-26 -46
-19 -4
17 23
20 -32
-32 9
-45 -32
-21 3
-2 46
-9 46
38 41
-12 -44
11 19
-19 42
34 -25
-12 1
-1 -15
34 20
34 -30
36 -22
-37 -31
-20 6
-26 -10
-11 0
35 34
-33 -45
-28 7
-12 -4
26 -25
36 -39
48 3
-36 3
-11 -40
4 -45
-16 -20
-35 -25
-35 -25
-27 49
-33 41
-27 24
-3 -41
-25 -31
-27 -33
-17 20
4 19
-11 -5
23 -33
49 12
-28 16
-5 8
-43 3
22 26
-16 2
-47 5
-6 32
20 -15
18 -17
27 17
-30 -41
40 32
-6 37
-12 -32
0 -49
-28 -25
-15 5
-43 44
-39 43
-30 49
6 29
-1 -35
19 12
33 -2
7 3
42 -31
-40 13
-49 2
9 -6
10 -33
-40 19
32 25
8 -3
-9 24
37 -8
-47 28
9 -29
48 -40
-31 -29
43 -19
-30 -39
6 -15
28 -19
31 -1
-43 -17
13 33
30 -35
9 43
-36 -45
-30 32
-45 13
-27 -3
32 -11
15 16
-16 -49
-27 -32
-30 -32
-26 3
3 -24
-32 21
-37 -11
0 -26
21 -6
-36 25
34 35
2 13
16 -29
-16 44
-14 16
20 32
26 -2
6 45
21 -21
-26 46
27 -39
-37 -14
-49 -16
21 -4
-22 33
-20 -9
13 11
6 44
6 -49
11 -43
-24 16
-44 -30
-5 28
-4 23
-7 -29
-35 46
-37 42
26 11
25 40
6 -24
-39 -35
33 10
-23 15
19 29
45 36
3 -30
-39 -40
-33 -13
-32 29
-12 21
39 -47
-6 4
10 2
-16 46
-7 -22
1 40
-42 -19
-21 -41
-21 20
22 12
-19 -5
-7 -44
26 25
-28 -18
-26 -30
-27 -13
-29 7
-6 -27
-31 44
4 15
-1 21
-49 -20
11 -34
-38 -10
-23 32
3 28
0 -13
0 31
-3 36
-9 -28
-14 -49
-37 30
29 46
-1 -43
0 -28
-36 -13
-5 2
-9 -13
-19 7
-36 40
-23 12
29 -34
-28 8
-46 -5
-47 12
8 -8
38 -20
-2 0
3 -3
-13 -48
40 -10
25 -26
33 -27
-21 18
15 26
-37 -38
8 32
-43 -39
0 -44
29 -21
-6 44
-33 17
-22 -45
-34 -37
-38 11
49 -7
16 31
49 -47
-19 41
37 -16
-30 34
21 -31
17 38
-41 19
24 10
29 39
11 6
-34 15
22 -5
-38 22
8 8
-16 40
0 9
28 12
-43 -49
34 -49
29 15
7 17
-7 -42
-16 -42
21 -40
-27 -33
-2 -22
7 20
-35 -20
-42 -33
-21 28
5 -16
-11 -11
38 24
3 -40
-25 -7
-29 36
28 10
11 14
31 -29
-48 24
18 11
-31 2
-40 32
-13 20
12 19
36 18
0 -27
-7 -7
31 39
-23 -34
26 44
43 -21
-2 23
12 -16
-39 25
13 35
11 -45
21 -31
31 40
3 -44
-7 43
17 46
-15 -28
-25 27
37 8
-41 46
-25 -11
-27 -8
21 -44
-6 -39
19 -17
42 13
-49 -19
11 7
-2 -23
38 -30
25 47
-13 36
0 44
-8 32
0 29
4 24
-12 -28
-2 -19
20 12
30 -39
0 34
13 -16
-13 -5
-43 30
23 -13
7 39
-20 33
20 26
34 -41
-25 -41
33 22
2 -41
22 39
20 13
-38 5
31 42
15 -20
-13 20
45 -47
-33 -22
36 29
46 4
-37 -46
23 -43
-43 13
25 -35
8 19
-31 -34
45 -1
-4 48
24 -20
1 -45
12 11
-36 4
-31 19
-7 -2
4 7
-46 -39
-47 8
-45 -21
-7 1
46 -49
-43 -8
-36 -42
-19 4
32 -1
-3 -32
46 11
-5 37
-17 15
-12 -40
11 -42
-49 9
-43 -20
44 -42
-6 -8
14 -15
-13 4
7 -5
30 7
-13 -24
24 7
-21 -33
-9 -11
-19 25
25 42
18 36
26 -34
-7 -12
7 -43
34 -37
23 3
-41 1
21 -21
45 36
-36 48
-49 24
14 -37
31 41
27 45
-16 -30
-40 27
-15 -45
-4 28
-1 -40
3 -22
13 49
39 16
-34 0
-49 -6
-7 -18
-1 -17
19 27
-34 24
38 -45
-11 -20
16 -14
-2 25
-41 15
-14 31
-23 30
32 16
1 2
-14 36
-46 -8
22 -39
15 -36
28 27
43 7
-23 -15
-6 15
45 -10
22 24
-11 -6
36 0
-47 40
-13 43
34 -45
-4 -23
13 9
4 32
-12 36
-36 39
45 -18
48 46
10 47
16 -41
26 -16
31 24
28 6
32 -19
40 33
-26 -45
7 23
49 38
-31 -17
-11 29
-25 -1
22 -43
6 16
40 23
49 42
-6 -49
-30 -4
35 -29
-1 -7
0 -44
16 -44
34 32
17 -21
-25 33
-2 -10
0 -26
-15 43
-1 -49
24 -7
27 -22
-20 48
40 12
-8 35
0 -5
32 1
-22 3
18 -5
-1 -17
44 -8
-36 -26
-13 -39
32 -10
24 19
27 -32
-16 4
-35 -6
-3 -40
-4 -23
-14 -35
-9 -10
-4 -10
-43 -27
37 -9
44 -2
-42 -30
48 -44
17 -39
-39 24
-46 -30
9 9
-17 42
34 15
36 -39
26 -37
43 -11
28 -44
7 34
-17 -12
20 -39
30 30
1 6
-25 -3
-45 44
-28 49
-42 15
-35 5
-2 -9
41 -17
34 40
-19 -20
5 -14
-29 -32
-25 -25
-27 -16
-1 -43
-38 -2
19 42
1 6
-45 49
-4 -8
-48 -45
17 12
-23 37
35 -8
3 21
39 -44
30 -47
15 -33
-48 -27
-39 -33
38 42
-26 0
-2 -30
33 -28
2 0
-19 -13
6 -12
4 30
-45 23
-34 -14
45 15
14 -8
-9 -22
33 -17
34 4
-29 -6
27 -1
44 -26
33 43
-32 -28
-32 49
-15 -32
-3 -32
10 -46
-7 3
48 -35
-23 11
-40 35
1 40
21 -24
-28 -27
10 -12
-30 -45
30 -32
31 35
-25 25
-6 31
-12 -37
-23 -19
22 39
45 42
-31 22
-8 -21
10 -12
-39 31
-16 0
-1 44
-6 -32
18 37
27 37
18 -2
-4 47
4 -42
42 30
-19 41
16 9
-44 27
7 11
41 -1
-49 27
26 3
34 9
7 17
-17 8
30 -42
-41 -22
-5 -43
-22 45
39 15
36 16
-47 27
-38 -37
-36 14
-16 27
37 27
-1 -33
13 44
32 -39
27 5
-33 25
41 8
-13 -36
-5 39
15 31
17 16
-14 32
-12 20
-39 32
-48 -5
32 21
-11 -26
22 29
10 -24
33 -31
42 -42
47 -16
-25 -1
45 30
-11 15
37 -35
15 46
-45 -40
18 -9
0 48
12 -17
6 39
-44 7
-15 -48
37 -28
-31 -32
30 -11
-31 29
-36 5
7 -25
-1 -34
2 13
-17 -42
-3 -13
7 -5
37 41
36 35
-5 -19
30 -5
0 8
7 11
-45 10
22 -48
-43 -44
10 -47
-34 -25
40 -23
29 -48
-26 -24
20 -42
-23 1
13 -41
30 -3
-29 -9
49 -49
25 -28
31 -47
19 -16
-9 21
-6 -23
-39 16
48 41
0 -35
46 -33
9 37
-11 -39
-46 44
-24 12
-43 -39
-24 -33
17 25
-18 -16
37 27
-40 49
-34 9
12 46
9 -41
-46 -3
17 16
-28 5
-37 -49
26 28
-47 -1
47 -45
0 -36
4 1
-30 13
-14 -39
17 -34
19 18
-29 3
18 -12
31 -28
8 -34
15 -36
12 36
-35 -19
-27 -30
-26 -20
1 -31
-37 2
40 38
-49 -21
15 21
1 44
-2 39
-14 30
33 -49
30 -33
-38 10
40 -26
-5 43
42 -41
43 28
24 -27
-24 -6
-29 -20
0 -32
23 21
7 41
-46 -40
-25 19
35 43
-32 0
19 -25
-10 -27
29 -30
11 35
-21 20
23 -38
-25 -19
3 -29
25 -38
3 27
-1 -46
-41 26
-2 26
-29 -33
1 41
15 21
28 -24
34 -48
7 -20
3 -7
-4 -34
-10 46
27 3
-28 14
-36 -21
-21 -48
-5 9
-23 19
-41 -1
26 -39
-37 1
-22 -43
25 -48
-34 3
3 4
-38 27
-33 40
46 11
26 38
2 8
-48 37
-15 25
14 -21
40 28
38 20
4 42
-44 44
3 -37
-24 -29
-33 -34
-1 9
47 -20
49 -45
-3 -8
-25 4
-32 29
-2 -34
-42 -24
-41 -40
-12 -25
15 -1
22 37
-36 27
-35 -4
18 -13
46 5
-6 -49
-44 24
46 12
36 10
-11 -4
14 -9
-1 -23
-13 -20
-49 49
33 -23
-37 0
8 -6
29 -48
-47 20
-27 -29
-26 -3
0 14
-17 21
-12 -27
-29 -15
-28 -42
28 16
0 -37
13 7
-1 44
7 47
-2 -25
-21 -45
-5 4
-8 45
-39 -35
43 19
-32 -8
29 -26
46 37
-46 -42
18 -12
14 36
-9 10
-46 -20
-26 -23
17 28
-46 3
43 49
-41 25
-4 -23
-33 -38
-44 -17
17 -32
34 19
-33 -37
-38 -48
33 -39
8 8
19 46
48 -43
19 -33
43 35
-22 -26
41 15
-26 -10
29 8
13 10
35 -25
21 48
21 48
28 -9
-19 -49
-10 -18
6 -34
35 -1
38 49
-18 14
44 41
-45 -26
-11 37
48 25
9 31
-34 42
-37 41
-11 1
-26 42
29 12
27 7
-2 -37
24 -15
-48 -8
-41 -40
-35 -1
7 -21
48 20
-38 16
-3 -48
24 -39
-40 31
35 -21
-9 25
42 39
-1 -44
-8 -26
8 19
-15 -12
39 -36
-31 37
16 13
3 -36
-16 3
3 -31
-9 41
-21 1
-43 -34
-41 -35
2 48
-29 24
26 -9
1 -44
40 5
17 -40
43 6
-5 -25
32 24
-17 -47
33 -40
-46 35
-45 12
-34 30
18 -42
-46 4
-29 46
42 45
28 -29
19 -6
28 -43
2 -4
21 37
11 10
-14 -47
-13 20
49 -29
0 33
-24 39
-37 7
16 -28
-6 6
12 -13
-33 -46
26 -12
-43 -29
-3 -31
19 -25
13 -18
32 -28
-11 -18
-10 -39
4 -11
-38 20
44 -8
49 3
-43 -20
-34 -15
28 0
-27 -34
-37 -36
17 42
-36 2
36 -46
30 0
40 37
-29 -13
-42 12
-32 -18
-2 -11
14 -1
-40 -34
32 37
-40 -23
-45 -26
39 -40
31 -42
-31 -5
-33 4
17 -9
-30 21
34 20
-14 -2
47 18
0 6
29 -16
-9 39
