10 49
-9 49
-6 23
-22 -30
16 -8
-10 35
16 -31
-11 -5
21 -15
-33 7
7 -7
27 33
6 24
-46 34
48 23
20 10
-47 -22
-9 -33
-37 37
-9 38
46 -48
-39 40
3 -37
-48 14
-9 -2
9 -25
4 33
-49 -34
-3 2
-42 -3
13 36
25 -33
-43 2
24 6
-11 13
-23 -24
34 22
44 -18
35 12
-41 -43
4 19
38 46
11 5
-36 3
49 -10
-39 -2
22 23
41 -29
-22 -36
48 38
-15 -41
-32 -25
25 0
36 -45
43 47
-23 28
-25 -48
19 -37
-42 31
0 15
-39 -33
-34 -9
-5 -40
-5 22
-13 47
18 -22
-11 -22
29 -14
-33 -19
47 2
-29 14
-4 14
33 4
24 -15
-31 -20
30 3
16 -8
40 8
24 0
-21 45
-32 43
-10 -36
-12 -7
47 1
-29 46
-12 15
-16 27
-3 -2
-9 17
-6 30
-40 37
6 -42
35 47
-38 30
-40 -12
-11 -30
26 22
35 -40
-19 -10
38 -26
18 -26
-31 -37
10 42
-49 4
9 -7
21 35
-45 27
46 24
15 12
-19 -21
-2 -9
-25 35
32 36
-3 -30
-48 -18
-8 49
-21 -34
29 44
-1 -44
32 -24
6 -35
-35 37
26 30
26 19
28 -43
17 26
8 -36
24 30
-17 49
-45 -8
-21 6
31 39
-49 14
-2 -26
3 30
-29 -41
-16 -11
-22 -11
-33 44
13 42
21 -35
-28 -48
-12 40
-28 44
-6 -10
26 -9
-36 42
3 0
35 -15
-43 -22
2 44
9 30
-27 -40
-28 -10
-24 -35
11 36
-48 -19
-33 -8
24 39
22 -47
11 24
-9 -5
-13 -46
-13 -45
36 19
-39 29
24 -31
10 41
19 46
1 -49
-17 -9
34 -38
44 -18
15 42
7 5
20 22
-43 -30
29 17
-12 -42
35 22
-24 -23
-43 4
18 -39
-32 -14
-16 -35
-26 -21
-11 -44
16 -5
-21 -27
12 -23
40 -32
23 49
-18 9
7 9
-30 18
38 -5
38 -11
38 -44
36 -5
-48 -4
-36 -41
-18 -15
31 -14
25 -43
-6 8
48 -21
0 32
7 7
-32 -45
-36 29
28 -32
9 12
49 45
27 17
45 10
-19 -37
49 24
-32 22
-19 -24
21 -34
21 40
-48 18
3 -8
5 40
37 19
35 41
11 41
-1 -12
-35 4
-23 40
-37 -13
13 -18
2 44
3 49
-44 -1
31 9
45 -9
-47 39
8 -42
-41 -37
-10 22
9 40
-5 -42
31 36
-7 22
-4 41
18 38
-29 20
-44 -43
3 9
-35 38
44 -48
-12 42
-19 -24
41 33
0 -6
-29 18
-12 -3
-11 3
-29 49
40 18
5 -15
43 47
-24 15
37 41
-40 45
-21 41
43 -45
7 -31
-28 -3
39 -8
-39 17
-41 44
-10 35
-31 -45
6 -27
-14 -46
23 -16
-20 8
24 -6
30 42
-1 34
16 -2
-46 28
48 -26
17 -30
30 -9
3 -35
-17 5
-28 26
30 19
-32 28
-29 42
-44 33
12 3
-14 12
42 0
-30 49
-30 -47
16 14
-16 -34
27 -43
27 11
-22 14
-44 -28
-21 14
-30 9
-43 48
23 -11
33 -33
39 3
8 36
13 19
-46 42
39 30
-9 -21
7 -44
18 26
-43 19
0 35
48 7
10 -35
-12 28
21 41
4 39
-31 25
-47 -10
-20 25
37 -34
-3 -42
9 -5
-21 44
39 -22
35 0
2 -46
-35 39
-31 28
23 33
19 -4
32 -17
-20 -23
22 -25
49 8
-16 -37
18 -30
-29 -34
34 29
-22 38
-38 33
-12 17
-15 33
-29 -37
-14 -28
-48 -28
-5 -15
5 20
7 16
19 24
-31 40
-1 -11
45 -21
-41 26
-42 42
-47 -28
-29 -33
19 24
-45 2
-17 -27
-39 3
-44 42
9 -5
32 25
-28 -46
-29 -8
-43 6
20 -16
-2 12
-35 -29
-42 -2
40 36
-30 -42
-1 -2
21 -13
10 5
17 49
-8 -27
39 43
48 47
18 10
27 -30
47 -16
0 -45
-33 -40
47 13
13 -28
-29 36
-33 48
31 -19
0 -18
16 19
31 40
10 25
-35 -12
17 3
29 31
-36 42
-20 -34
19 -45
11 -9
-18 -9
-4 33
19 33
15 -16
5 -49
-15 -32
46 -21
41 -4
-18 -1
27 -38
45 -2
20 -16
-24 8
28 27
-21 35
36 0
42 17
-13 -47
-15 30
-26 -14
-41 14
48 43
-11 -39
-9 24
38 45
10 48
23 -47
-42 -6
9 35
-30 33
20 8
-8 -31
14 -25
22 26
-13 -35
-21 -46
-36 23
-34 -9
-48 -12
-8 -46
-48 27
43 -23
-19 -20
6 9
20 40
-35 -46
-25 46
-2 -44
28 18
-38 38
-9 39
-34 -21
48 13
-36 -39
-25 -15
14 -20
24 -18
35 32
-17 -36
1 -19
46 -3
-25 22
22 1
4 15
18 19
-27 42
-38 -23
-6 -5
37 -26
-6 -14
-41 -34
4 46
19 24
24 7
36 -22
42 -31
14 -41
-6 7
-2 45
-38 34
8 19
-39 -40
36 -14
6 -49
17 38
33 17
21 35
17 -47
2 -29
-36 -34
35 22
14 -17
-32 18
10 7
-1 49
22 0
24 18
0 18
27 -26
18 4
26 4
7 -11
-18 23
-11 -29
12 -17
19 37
14 -10
34 34
17 -12
-3 -14
37 -29
-26 -11
22 -14
12 7
42 -35
17 47
-28 -28
36 0
-39 45
16 8
-32 46
11 37
45 -49
21 29
28 -3
18 9
8 -25
-15 -18
-42 -4
49 -45
43 -45
1 46
-29 8
14 32
22 -18
-15 -18
-21 -35
-42 9
46 -30
-6 -31
13 26
-29 32
-19 -17
-15 5
-39 -12
17 33
14 -12
38 20
17 -49
3 -14
23 -15
-5 19
-1 -16
-39 -8
19 44
-12 -14
-31 -32
39 -10
18 39
-35 -3
-46 -48
17 -3
-34 -45
46 33
-27 7
-40 37
-3 13
35 -10
1 40
11 14
14 -32
4 6
24 -10
-10 25
25 8
7 -5
-20 39
11 31
-40 22
1 20
-18 14
-15 34
-42 -6
-30 -44
-31 36
18 15
16 17
-19 33
24 -44
-26 40
13 -7
36 -45
-31 0
19 36
-41 -16
-24 26
12 -7
-7 0
39 -9
49 47
20 32
-33 -15
-38 -29
-14 -48
29 44
-29 -31
0 -21
-8 -14
17 39
32 34
3 33
-11 -12
25 43
15 -20
44 27
-42 -26
-40 -23
-9 30
-29 40
38 -32
45 8
47 -25
17 6
37 23
2 9
-41 -2
12 -29
-1 19
-38 -34
26 -9
29 13
-32 41
44 -49
-15 -21
13 41
-40 -34
-21 -45
42 -18
-26 -32
-17 11
12 13
-12 4
5 22
1 43
-41 -4
-14 19
11 0
38 12
-15 39
35 -16
0 -20
34 -11
10 42
-18 17
3 18
37 24
8 45
-12 24
-41 1
-24 31
-4 -21
14 31
0 -35
25 -18
-35 37
-30 -21
-12 -37
16 -44
6 19
8 -8
-23 34
-10 3
12 -49
16 20
-27 -28
26 -21
-43 -46
-2 5
-49 17
23 -22
-6 -38
40 38
25 42
41 -11
41 -24
-47 -4
11 -27
3 22
12 10
-27 -21
-16 -39
-15 0
19 -23
4 0
-48 36
25 -6
-26 7
31 -22
13 -24
-20 -27
-47 17
11 23
16 -31
-48 -20
0 -49
-42 -32
-22 -21
0 47
-24 -41
37 37
29 22
18 36
0 18
-16 -34
-9 14
0 42
21 -22
-36 28
-35 -41
-37 12
26 -18
-32 20
47 -26
-12 -34
-28 35
10 14
-21 -18
-4 8
-19 -13
-45 -29
47 19
-26 -9
-27 41
3 -9
-13 22
2 36
-3 -42
14 35
-29 2
-25 -46
-29 -42
41 46
15 35
-6 7
-13 -27
-3 29
-32 0
-15 1
7 3
5 20
-13 -46
-28 14
-34 -42
-32 11
0 41
-7 -30
47 6
-20 21
-29 49
-40 -45
23 -44
-37 42
-14 -25
-14 9
-44 44
6 -16
-10 -43
36 40
-13 4
20 1
0 2
-18 45
5 38
-45 -7
-17 -4
40 49
27 5
35 -12
-19 -36
-37 -16
-49 37
22 48
10 -36
-20 -37
-38 -6
-14 -5
-9 -10
24 39
12 -49
-48 -9
39 27
