-34 44
13 21
-15 20
-25 24
-38 -29
-9 22
4 -3
-28 -47
-12 -35
-32 -39
4 -10
17 -36
-41 -26
-19 -27
17 -13
43 14
-23 -26
19 42
29 -20
35 22
4 -23
-20 -32
-12 -43
-19 42
-26 40
3 32
-38 0
-39 0
-36 49
12 24
-2 32
43 -13
48 24
26 -36
-25 33
35 32
-3 -10
0 19
-44 3
3 27
-36 13
-42 31
10 -26
-24 29
16 -17
-28 -24
13 -40
-30 -3
-19 -14
34 26
-13 33
23 31
-1 16
23 12
11 39
22 19
41 28
34 -31
42 -9
31 8
8 -18
-29 21
-4 27
4 46
3 -19
-29 -16
-12 2
12 -14
-9 1
43 10
-39 -46
9 19
45 28
42 -21
1 49
38 9
-32 -31
-28 -31
-36 42
37 14
16 22
24 -38
26 -45
7 35
-5 4
11 1
-34 -29
41 27
-28 -40
-1 -45
15 34
39 -34
38 18
-27 -8
45 -34
40 33
40 -23
22 -41
-22 23
-36 -1
5 2
-23 22
32 17
33 -16
-11 7
-43 3
-36 22
24 37
-13 19
18 26
21 38
-33 -11
4 -38
11 -42
-33 30
-27 5
-36 22
-38 6
7 19
6 27
-12 -43
-38 19
-45 1
-15 15
22 -29
32 -25
-8 45
-25 46
-45 -27
-21 -32
16 -27
-37 -43
36 -13
-44 -40
15 13
-26 -9
-49 -28
28 -5
45 26
-30 32
-47 -8
-21 41
-34 -8
-17 9
-16 23
-8 -5
26 28
33 5
41 -3
42 -48
7 -3
-49 11
48 8
45 44
-26 -11
-7 10
-39 -34
45 -4
-16 7
42 -14
-6 21
-33 29
-35 1
13 -36
-21 33
44 46
46 -7
-1 -30
-38 -49
2 -35
21 16
44 35
6 3
-43 -41
-43 -18
38 -8
-22 -36
-43 -34
-4 -19
41 35
-2 -13
-5 48
9 43
-16 -47
19 -36
44 8
-1 6
36 46
-47 34
4 7
36 15
16 -16
25 -44
-32 42
29 25
-28 -24
-10 5
35 -28
21 32
-34 45
-16 -18
-49 -7
-43 -38
-26 -42
20 23
12 19
5 7
29 3
-37 -37
2 11
-5 -18
5 -30
-2 -22
41 41
4 21
12 41
30 16
38 25
27 -24
45 3
-38 8
16 26
0 -45
16 -44
3 -22
24 26
37 13
-48 44
-40 32
-36 19
-37 25
35 -17
-17 -8
-10 -37
-21 28
47 10
-35 -34
-21 3
42 -15
4 11
34 17
-49 -34
46 -26
2 -1
-30 -31
6 47
-14 2
-44 25
46 0
8 -14
3 12
25 -10
-20 2
17 -21
21 15
28 32
27 49
-35 -35
-1 -17
48 -39
-27 5
20 22
-20 -27
-13 25
-10 -7
-3 6
33 -18
41 -43
-29 -27
-27 -33
-24 31
-13 23
-31 32
-39 -6
36 42
0 -30
-28 -35
29 -5
22 -38
-46 -46
31 -20
-43 -2
-26 23
-28 -22
-6 13
-12 34
15 -8
14 6
17 -9
8 40
-33 -19
-46 -12
-24 -33
-27 -9
41 -31
29 35
-32 -27
22 45
-39 -34
25 41
-2 14
16 -18
-36 -39
-13 25
-9 8
46 34
-17 2
-34 27
-44 -34
-18 -37
23 -35
-5 12
13 38
13 28
-43 -7
-12 -49
-48 5
-33 -45
25 -35
36 -30
-28 -42
-7 -16
13 -13
-34 11
41 -2
-25 -40
38 0
26 35
-22 -15
10 26
-47 0
-13 43
-1 -26
-49 -19
-22 -27
17 25
40 35
-8 41
0 -8
-16 -44
32 -39
-19 26
0 -38
17 -27
-46 -30
-37 43
11 -28
-4 37
28 1
-26 28
-10 -1
-33 -46
35 43
-22 3
-12 -4
10 -26
36 14
-13 28
45 29
5 -49
44 35
11 -32
23 -28
41 4
-15 36
45 -5
-34 40
13 -9
36 -19
-33 19
-38 -42
-24 13
38 13
7 -2
37 -22
40 20
6 -31
-49 46
-2 -24
-42 -42
-10 -23
14 13
10 27
1 -28
-31 -35
-29 38
-16 7
-44 12
-14 -44
-11 2
-5 -11
-26 44
20 -17
-2 -5
-28 18
49 -22
-6 -12
25 -5
23 6
41 -10
43 -19
41 -29
-27 -45
8 -18
3 -40
22 -43
-48 0
-33 9
-10 24
3 21
46 -31
-10 -43
-42 44
6 -20
15 47
-15 -39
8 -48
36 -12
3 25
25 10
36 -28
-1 30
32 -29
33 -33
-44 15
-21 -14
49 28
34 -34
-48 -5
-22 30
-45 -29
21 34
37 34
6 31
29 27
16 1
10 -9
-22 4
-37 -27
3 -7
47 5
46 -26
21 -43
-26 -46
-18 -48
-13 43
26 8
13 16
34 40
15 -40
30 37
15 26
25 19
-15 45
-7 15
3 -15
-44 -43
20 7
26 22
-6 -37
41 4
-30 -24
37 -20
36 19
-29 -12
-20 13
-11 8
12 12
-32 46
35 -3
-41 -16
-20 -34
19 -44
11 -30
-11 -23
-22 -23
-5 -34
33 15
23 2
-38 41
37 -36
36 7
-14 12
11 42
47 47
-18 9
-42 7
26 32
-44 44
-45 -40
-45 -48
18 -9
-31 29
-33 -37
-4 18
-48 -36
36 29
32 47
28 1
8 -3
-31 11
-16 -15
-41 -42
-41 9
0 -18
-37 -24
-21 -11
-31 4
-12 -32
-24 39
8 -44
-8 -19
-17 38
38 -28
-2 -9
2 0
14 -6
8 -49
26 -38
-9 47
-18 25
1 14
33 -15
6 45
23 40
44 27
-45 3
31 48
39 -18
-4 17
19 -22
24 16
-36 -4
-48 -41
-19 48
-43 28
12 44
1 3
-48 -32
31 9
-29 41
15 27
-22 20
-29 -37
-23 -39
-22 18
-31 -27
-3 44
27 -33
-16 4
-23 14
41 11
15 49
-21 -45
-20 -3
-18 34
-49 -42
6 47
16 -32
-48 -39
-46 -14
-16 10
-11 -35
10 -41
19 32
24 -15
7 23
-46 -8
-33 -48
-7 45
-30 -11
-20 -5
38 -35
39 9
-23 -38
-12 42
30 -6
-49 -15
41 9
37 -38
39 45
37 -43
35 16
0 -8
-36 -48
22 18
-12 -35
3 17
12 38
1 -13
19 -43
15 31
-4 -1
1 47
-18 36
-41 -30
-10 -32
-42 48
49 -38
14 -26
27 44
-27 18
-46 25
-24 35
37 0
32 -35
-22 -48
-32 40
29 -41
4 15
-41 -5
19 20
17 -33
32 -21
41 19
-21 -19
18 -46
0 38
-1 -47
-12 49
-42 -26
32 28
5 17
-26 -20
-16 -21
-31 31
34 5
17 3
-22 48
-2 -2
14 38
0 -3
-15 -9
-32 4
-45 33
41 25
32 -16
0 -29
36 -41
-13 -18
-5 26
-43 4
36 -44
3 17
17 10
-25 -27
11 -27
-7 37
29 43
24 -21
-36 7
20 16
-18 -30
-17 25
-13 -11
32 -49
9 -19
28 -17
32 8
14 -44
0 16
-7 -24
-30 21
-11 -33
10 -22
8 -11
16 46
-19 6
-32 20
-24 35
-38 38
-12 40
-48 5
7 37
25 41
31 10
39 0
32 11
4 5
-19 28
-38 -24
-25 -18
11 46
-26 -19
-4 47
19 32
9 -11
-22 -44
-1 43
-30 -15
-18 6
-37 7
-38 -5
7 -33
9 -45
-16 18
33 -4
48 3
44 -38
-11 19
39 -30
43 48
-19 23
0 -23
-6 37
-40 27
-24 17
44 -37
0 -14
-48 -20
-9 26
19 -32
-30 -45
6 4
14 47
20 20
-6 29
20 -48
22 12
-18 13
-21 -19
33 19
-30 -34
-18 -36
8 -16
45 39
18 -45
34 -43
-1 37
-23 -33
-32 36
-30 40
-45 36
-47 9
1 15
48 -20
49 -16
26 -38
6 -47
-4 -17
-2 35
-32 10
13 9
35 -42
-44 30
-29 -39
-48 40
-47 -31
15 29
-18 -28
38 16
27 -6
44 -27
39 13
36 -46
12 -1
2 45
-41 -19
42 0
-47 -7
32 -18
33 21
6 -26
-45 19
0 -33
26 -19
-15 -24
-26 6
47 14
-42 38
-33 8
-32 -33
-27 31
25 32
-42 -15
26 28
40 -14
26 -40
-24 1
-7 -44
10 43
38 7
4 12
18 -47
25 -42
-7 -28
34 28
34 -9
-16 1
-36 42
47 19
23 -13
14 -10
28 -17
38 15
13 26
8 31
-12 16
3 12
46 25
-17 6
45 8
6 36
-12 37
-20 -45
-3 3
15 26
-27 -18
25 28
-37 -48
-22 35
11 47
10 43
-24 43
-37 -44
-4 -21
47 18
2 24
0 28
-22 -34
35 15
-41 -23
-10 -14
27 -11
35 -11
-46 -33
-37 31
-26 -13
22 23
-33 12
11 -23
-17 -47
-21 25
46 15
35 -37
42 -14
48 -22
-13 -42
48 -47
-45 28
-38 -17
4 -36
-42 -25
47 -10
-12 -37
48 -30
19 38
-46 27
0 -20
1 -34
11 -34
37 38
-47 -9
41 -18
-20 3
48 -18
-28 -31
0 45
-35 11
34 22
-37 41
19 43
10 48
-39 -3
-40 23
-4 38
-3 -20
-5 9
-45 -45
-41 40
-43 4
-33 30
10 -22
36 39
-19 -34
13 44
22 -7
-4 28
10 -21
-42 -31
6 -9
-44 -7
-37 13
-1 -47
3 -43
19 37
47 1
-4 17
39 -27
-26 -25
-13 -42
-19 -1
-12 -11
46 1
11 29
33 -5
9 23
19 28
24 39
0 -44
-21 13
46 -45
43 44
36 40
14 37
15 -13
-46 -40
21 34
-26 -33
-44 -49
-33 9
-43 20
-19 22
-17 47
22 -2
40 18
0 -38
29 -48
11 24
17 -39
-27 -17
11 43
-13 -32
2 -44
-31 -44
2 39
3 36
-49 -40
41 15
-44 -47
16 40
17 -38
-23 46
-29 -6
-20 46
34 43
-39 -22
-13 8
-20 3
-6 -17
36 -44
-20 -5
-24 -26
-2 -3
0 -43
-34 -41
7 -11
-41 -40
-40 -38
-45 -4
38 19
14 26
-22 14
-5 10
8 35
8 -44
45 15
16 12
18 -16
-35 14
-37 44
-34 35
-7 22
32 -5
42 -3
-49 -7
-27 -19
-2 0
46 -11
-3 -46
34 32
-22 49
14 -41
-48 -4
-47 10
48 41
-32 -27
-25 -21
37 -8
-20 46
-29 14
32 45
14 31
-41 25
7 7
-34 45
47 35
39 21
-1 14
6 14
-3 -17
-43 34
39 -1
49 -4
-30 -46
-32 -7
-21 -44
25 -41
27 11
37 -23
44 28
14 49
23 -42
-36 -20
-16 -10
2 -6
6 48
4 -25
-21 42
-27 27
9 34
-24 43
-39 -35
-20 27
6 -10
7 0
22 13
47 -31
13 12
-10 -22
14 -42
-7 21
-48 27
43 -7
-36 6
-32 -11
16 20
-1 3
-45 46
-32 17
14 -16
-39 2
-31 17
42 44
-47 -40
0 35
-47 -27
22 -13
0 -4
10 26
-11 21
41 33
-38 -36
-19 45
-39 39
3 -46
31 2
19 -31
-42 -8
-48 -6
-2 -21
16 -12
46 8
15 35
38 -13
0 -8
17 20
48 49
28 23
-29 28
-21 22
-4 -48
38 14
-20 -4
39 22
33 -46
-9 -25
10 45
37 28
-18 -38
17 28
-27 -14
-26 34
-12 -27
36 28
5 20
-27 37
15 -37
19 43
-31 -37
-14 -8
0 -31
39 -3
-42 0
-14 -29
-47 15
15 -6
-29 11
39 12
9 30
-11 -36
14 -38
-39 48
-4 43
-3 -16
35 11
-46 -46
6 -8
36 -9
2 37
20 -32
41 40
34 -14
-23 33
0 -28
-33 7
47 -21
-45 46
30 16
-48 -37
-20 45
-35 -30
-11 -47
40 13
-9 -26
-48 -13
22 -15
29 30
15 38
-14 48
-9 -37
-29 40
33 32
-38 29
-22 1
31 13
-49 23
8 -18
41 -49
-36 19
-12 33
-6 -14
19 -18
-26 19
-19 -44
2 -9
-11 -25
-7 32
46 49
39 -40
-29 -9
-15 -29
-32 -9
-39 -25
16 -10
-43 -36
-19 -46
45 -19
17 12
42 -10
3 -42
-24 -45
17 48
-30 -7
19 7
-39 33
40 -47
-37 -39
-8 13
32 -48
40 -26
3 -19
-2 -37
19 45
-49 31
-26 8
0 -31
39 -49
-18 30
-43 8
-12 -47
0 -14
-5 14
39 -44
47 0
-23 -2
-41 -18
-10 8
-17 6
16 23
-39 36
-34 -11
49 22
-6 -22
23 39
-19 35
-10 35
-9 -11
-42 -36
-40 4
1 -35
15 25
-43 -3
36 45
-48 -45
49 0
-4 38
-22 -25
29 -10
1 25
6 -36
40 11
-8 -28
9 -11
35 -23
10 -25
-36 23
11 36
5 -30
-49 32
-17 16
-15 -3
41 43
-27 49
-9 35
20 3
26 -16
23 0
35 31
-20 -35
3 -27
20 27
22 14
-49 7
31 -3
4 -49
24 0
9 -6
-32 -23
-25 -22
48 3
45 -12
42 18
37 -37
14 48
2 6
24 -9
-20 16
0 34
-42 7
14 38
38 -42
37 -23
30 -28
12 15
-47 -41
-2 15
-10 -1
33 0
-12 40
-31 -39
18 27
-17 -8
-14 11
23 15
34 35
6 43
-8 37
49 -10
-11 -19
-23 -38
29 16
-42 9
-17 3
-14 -38
-40 -20
12 -27
-17 -6
-44 -14
23 42
45 14
20 -15
-21 14
-47 -17
47 -24
7 42
-44 25
20 9
39 -10
-3 43
-2 -31
41 -30
-19 38
-23 -19
-4 -12
-47 -20
-38 29
-16 30
-9 -9
41 -4
-14 11
-39 -39
-7 43
-10 -33
39 12
-2 -18
14 -38
-40 10
5 -22
37 -40
-49 -6
38 24
-30 48
29 43
-10 -46
10 22
20 -7
-37 -27
49 21
37 45
-47 -13
18 -17
-10 23
-49 5
11 11
17 2
1 -16
-6 38
-49 12
44 29
25 -33
-24 2
-22 31
-4 18
15 -5
8 21
21 10
-36 9
-41 -13
45 -24
44 25
-38 14
26 47
-48 -11
-26 13
-44 -4
2 30
-34 -49
33 -16
46 32
31 22
25 -3
0 22
28 -43
-39 40
-7 6
15 -44
16 -9
-9 40
-31 19
26 10
18 33
48 -33
4 -37
27 -5
-20 -31
39 1
-45 33
46 -12
-44 -4
-40 -7
-6 9
-22 1
-36 2
-39 -38
37 -44
-32 -28
29 36
6 29
15 40
2 -23
32 39
-34 6
-17 19
42 -2
8 -48
9 27
-27 18
25 -37
-26 0
43 -46
43 16
11 45
-32 40
-37 39
47 -49
-40 7
29 -6
15 -44
32 -48
34 5
-30 7
37 13
-33 1
14 2
-10 48
-46 32
31 -23
30 -45
-47 -18
-16 40
27 2
48 -43
31 1
7 0
-3 44
2 -19
-30 29
48 17
40 8
17 33
30 -15
0 39
4 27
-16 10
36 -8
-2 -16
43 -49
-19 32
3 -15
20 43
-5 -32
-47 -10
34 16
-38 -45
30 33
-7 30
29 -2
0 20
47 -17
-23 -38
15 7
-20 39
45 28
-40 -39
7 -46
-28 -25
-36 7
31 3
-35 -22
-33 -41
5 10
-17 -33
-14 38
21 28
-25 -3
36 -41
-33 11
-20 31
-26 -2
-49 -20
24 -17
21 39
-39 -48
-25 25
30 34
9 -21
-35 26
40 -22
44 -47
46 49
-3 16
22 47
13 -5
-34 -9
11 30
-40 -31
-5 2
-5 28
2 -1
-30 -49
4 44
-3 2
48 -35
-18 48
9 34
-38 -43
26 -47
-49 -8
11 45
-5 45
-32 15
48 -6
-10 19
40 -6
27 -4
-48 45
5 -42
34 0
-16 -27
-49 23
-29 16
-30 -11
-4 -21
-48 10
-37 -35
7 26
-22 -17
-29 -10
8 -36
1 -15
-27 -3
19 -48
-24 -16
-18 -1
45 -45
23 46
-38 -31
29 -48
3 -47
-47 -47
-47 2
-46 5
29 -38
34 48
-9 -43
22 20
-8 -48
-23 19
-15 4
35 -25
-49 -14
33 20
42 35
26 48
-11 -34
-20 -14
13 23
30 47
22 -41
-15 -43
-33 6
-27 -23
-16 13
4 -34
-48 -9
39 -19
-25 -45
18 -2
5 -5
-47 29
28 17
-12 16
12 -3
-39 1
43 -36
18 34
23 28
0 -1
-41 -23
49 49
-5 -42
16 -12
-9 32
-4 -11
6 36
30 -29
-40 12
20 35
-33 2
-18 5
-29 -22
20 17
1 -9
7 43
17 34
41 -19
10 43
28 -39
36 -37
-44 0
24 -28
46 -20
25 -20
-17 -17
-24 -16
-25 22
0 -35
24 -48
10 -18
-44 48
-35 -32
39 -46
-27 5
-43 -49
8 -20
-5 2
37 -32
16 17
48 29
-47 41
-9 -3
0 -1
1 37
-1 21
-22 7
-9 16
41 -44
-1 -1
-44 -49
13 19
-28 48
-42 5
35 0
-21 -41
30 17
8 -41
0 8
-21 47
0 -42
-43 -2
12 12
-6 35
-13 7
-40 -35
-14 -18
-26 -14
5 33
12 -17
49 40
1 -37
-30 48
-15 -10
37 6
-20 -39
-29 -35
-2 12
5 22
-39 13
21 27
-31 25
20 -19
31 -5
-30 -10
-46 2
8 -37
32 -18
11 -2
-48 -40
31 38
44 37
-21 31
-36 -39
43 14
1 -49
-39 0
20 11
44 4
-11 17
-6 -22
17 -9
19 -28
-46 -15
21 -40
19 -33
-43 -21
35 -48
22 46
28 21
-41 14
-30 23
43 -2
27 -34
-4 12
-43 -27
-8 10
42 17
-22 -33
-23 10
-18 18
-27 -7
26 10
-1 25
19 10
6 10
-9 13
14 6
-2 17
8 20
17 18
-5 -31
8 15
30 11
-5 20
-43 -49
9 -48
20 -49
9 46
-31 47
6 -23
-6 -47
-12 16
-45 6
22 44
7 9
35 -31
-33 -19
-18 29
-42 -2
-40 -14
29 45
13 47
-20 -49
-40 -35
-16 4
-31 -6
23 -14
22 10
-15 29
0 33
38 -4
-46 38
21 42
31 12
-10 -46
15 30
-22 16
-44 -44
-21 -4
-12 -28
34 34
-6 -6
-42 -21
38 -42
-1 -26
23 24
-45 26
-19 -37
7 -25
-17 -7
35 4
-29 -4
20 16
-42 -38
-12 0
43 -7
31 21
49 -7
-5 -12
14 20
45 43
-29 -28
32 16
-14 -15
0 22
0 32
18 30
25 -27
28 9
17 -17
-25 29
29 -16
4 -5
-9 22
7 27
-34 1
1 -12
-25 9
0 -47
-31 32
-39 32
-45 18
-23 4
37 18
-37 -28
-41 -8
-13 -25
41 -28
21 -31
-18 -18
6 -28
-44 15
-23 -32
40 38
-26 24
-40 24
25 -47
22 -17
-12 -42
-8 -17
36 21
1 -35
-49 39
31 18
35 0
-42 15
22 -23
47 -12
38 45
-19 30
25 -17
-49 -11
7 44
-11 38
15 -38
17 -34
12 -29
-35 -42
8 -35
-10 9
-47 -30
-6 25
21 32
-31 -34
-31 2
-27 -30
-21 16
40 18
30 38
0 -46
-13 41
14 2
7 2
-18 -1
-31 -33
-33 -34
31 -1
20 -7
39 38
5 -27
33 -25
44 12
24 -36
11 48
-6 0
20 35
-14 19
11 -28
39 -25
-48 15
-10 8
4 -17
3 -25
39 32
42 1
24 -26
-8 22
-14 -31
-36 35
30 -46
44 30
34 -44
-18 -30
48 22
-11 46
12 -18
-17 -7
1 -1
14 14
-10 -21
15 -41
15 -28
18 19
-22 19
-25 -20
-23 -21
-3 -15
-49 -14
-20 5
-17 39
-10 33
33 -8
40 -19
1 -21
2 48
15 -15
-26 31
-40 24
-40 -33
-37 47
5 -44
-11 -11
-40 18
-48 -34
-11 0
17 20
40 -15
45 -44
-2 33
7 27
-15 27
-23 -48
-3 -1
25 -4
3 35
18 -2
-5 46
38 40
-6 -36
-44 -1
24 10
-33 -16
-49 -16
-21 27
5 -16
15 33
-11 -38
-27 -13
-8 -6
-12 19
-7 29
-25 -34
10 -17
38 -8
-1 19
10 -37
33 -47
27 2
-2 -23
44 47
40 27
-18 28
-11 -28
2 -23
-19 31
-28 -2
39 -22
45 7
19 2
-38 21
19 -21
6 -41
39 -18
-7 -37
19 29
25 19
34 41
7 -22
-17 -18
36 0
10 -40
19 19
-11 49
-10 -26
-19 34
-8 -15
-19 -28
21 -28
19 3
-17 43
33 0
2 7
26 29
-43 -6
-14 21
23 48
-11 31
-8 6
-15 -7
-4 -28
-40 -2
4 -14
41 36
-17 -33
3 17
-3 27
-31 42
0 -41
46 -12
-11 -27
49 -35
19 -12
44 2
-23 -15
-16 1
-9 -47
-24 38
-39 -19
-15 20
-37 2
-4 -28
2 30
33 38
-43 -48
18 -1
22 -36
10 -16
39 32
19 -37
43 -26
-28 5
-22 15
-32 -16
35 5
19 -2
-10 -23
24 -46
37 -40
6 46
27 -28
-7 -47
29 -48
-38 40
38 -46
-24 -22
5 14
20 -12
-8 -47
-16 20
-29 25
17 14
-5 -10
16 6
39 -2
49 -20
2 3
-1 -12
38 -24
44 -10
11 5
29 -28
18 8
-31 17
-10 2
3 5
45 9
-28 -32
-28 40
-1 -42
10 8
48 9
-45 -39
25 -39
-20 -37
-28 13
28 -17
19 20
-2 -8
15 26
-46 38
-19 -6
-18 37
-23 -7
-24 37
14 -12
-10 -28
-24 -3
11 30
29 37
46 -3
-26 -17
-20 -3
-13 -20
-39 24
-46 -10
33 -20
5 -5
-34 19
41 -8
30 46
-18 13
-33 37
-18 37
-43 47
-37 17
-18 5
-30 41
-39 -17
-9 32
0 18
18 46
0 24
3 -48
0 -47
18 -25
-21 -45
-41 5
10 12
8 47
46 -8
25 -32
-7 -27
-38 12
-25 26
41 -32
-25 -24
-31 37
31 14
47 -47
-20 -8
-34 37
39 -37
-49 19
26 -38
28 -40
-39 9
-47 0
-12 -22
-44 35
-42 22
-34 -25
32 -39
-15 -27
27 18
7 -44
-7 -43
23 -46
5 0
26 -38
37 49
11 -42
-25 -31
12 -39
39 -39
9 22
35 49
-9 -27
-49 -2
-4 18
39 41
11 49
43 -44
33 -4
-42 -29
-26 -25
-5 -12
13 22
-44 22
40 49
-25 8
1 45
4 -23
-45 -42
6 -14
35 18
31 -37
40 30
7 34
-39 -15
4 17
-33 -49
0 26
-12 15
-13 15
-4 -38
-18 -26
25 42
28 -6
44 -23
-26 49
16 28
-33 -4
48 10
1 -42
-41 -39
48 14
-29 -31
-23 -44
28 -20
11 2
35 -41
-42 5
16 -46
-28 -37
-39 29
36 5
30 -18
13 -27
0 49
-12 4
-48 -21
-18 -15
-37 -44
36 40
35 -36
11 -4
26 -39
-39 22
-10 -22
-45 0
-6 -5
41 -44
-20 -16
-13 -43
46 7
-2 1
41 28
-5 38
-18 -24
-4 -20
0 -18
-4 42
-27 -34
8 -7
14 -38
26 -19
48 -27
-42 13
24 24
0 -22
6 29
-16 -35
42 -12
21 44
2 38
5 -16
22 -14
30 19
-32 -9
-16 -46
14 1
-25 -33
-30 -31
-19 43
-34 19
-44 -10
-3 48
-7 -14
37 -15
9 22
32 41
6 -11
-48 -29
-17 -41
-18 42
-26 48
-19 -15
48 -40
10 -13
41 31
40 -25
-45 -37
-37 18
-29 26
-37 1
1 -45
41 28
10 -17
47 0
-6 -8
-42 11
34 -9
20 43
17 -15
15 -43
-39 -15
-46 -23
29 -13
-43 -30
-16 48
16 -6
-39 31
2 -22
9 -33
-27 -36
-23 25
-49 -12
-18 -48
31 41
46 -8
31 -15
10 44
29 9
2 11
23 -11
-31 -37
-6 34
4 20
-29 14
6 36
5 49
36 42
-24 6
-5 -24
-6 -17
0 -15
47 24
11 37
-12 -7
-25 4
19 24
12 5
38 -9
-22 -49
-17 49
-29 -7
-17 -49
22 20
-6 14
-33 18
-10 43
-28 -23
-46 -18
-47 42
43 49
34 39
-41 23
49 41
34 15
37 38
-22 36
21 -34
-42 -9
-5 -19
11 -32
-44 9
-47 35
39 -30
26 34
36 -13
39 -6
-10 6
-24 -22
-11 -10
9 -26
-27 25
49 -33
34 -17
-4 -20
24 -37
15 43
-19 43
38 -13
38 -40
42 -13
42 -36
-7 47
31 43
21 13
-39 -27
-32 -16
45 41
17 -25
-29 43
-11 -12
18 22
25 -9
32 -7
17 -49
-27 -35
15 37
30 -18
-23 -18
15 4
-18 -8
0 -4
-48 -7
-44 5
27 -22
38 29
-10 -49
-39 -46
-24 -7
9 43
-1 40
35 -22
-44 -10
-49 32
17 -19
-24 36
13 42
37 44
22 -28
30 31
-24 38
-29 40
-18 -2
-9 37
19 -36
-15 -36
-27 -8
-30 49
-46 -36
-5 -16
26 30
-44 -2
21 18
31 15
-30 38
45 -17
-45 -46
32 44
-33 4
-3 17
-42 -33
-10 -9
-15 41
41 -8
0 -42
-38 1
49 38
-31 -11
46 -20
15 -34
44 2
-38 25
32 -37
-44 -32
-22 -30
40 -8
-3 -43
28 43
30 38
47 3
15 12
-48 -3
43 -28
-14 14
-20 -6
-22 -14
15 37
-7 33
46 -13
-9 -4
22 16
3 43
28 49
20 -37
-23 -19
42 32
10 19
-10 -8
-18 18
42 -28
12 -28
-45 5
-42 -22
-3 -5
31 -9
-6 12
44 24
-39 -17
33 14
-45 -26
4 -31
-9 46
-21 41
-37 17
-25 -13
-23 -46
-1 21
-38 18
-47 38
-10 -41
-34 -27
29 -49
12 -19
-26 24
12 -5
-16 -24
-16 -3
47 42
2 -37
-4 33
29 11
-16 -5
49 29
43 35
30 -33
-9 3
44 -28
3 -18
39 -44
20 -16
41 46
38 -43
-34 -46
-38 -23
-8 -37
40 -29
22 0
5 21
49 -31
48 -45
22 6
-14 23
-16 8
20 16
15 8
34 0
-49 12
-41 29
7 -35
3 13
45 18
0 5
1 -6
39 47
2 24
26 -30
45 1
19 -46
35 46
-34 42
-22 13
-14 -16
32 15
-37 -2
13 45
20 13
36 26
-33 -49
14 -36
-28 -22
-3 -44
-39 -7
11 10
9 0
46 -20
10 -19
-2 12
-32 -7
-31 -31
33 45
11 -11
11 27
25 -45
0 -21
-39 19
39 43
-4 -26
10 4
-41 -39
-9 21
26 42
44 -36
-4 -3
28 27
-14 31
30 46
42 -28
37 36
-5 16
9 -37
-33 -44
13 -29
-38 46
-4 34
13 14
-22 6
47 -49
32 49
-17 1
17 -45
39 -34
28 8
-14 -9
41 -2
12 -31
-15 -48
-10 10
9 -45
-8 32
-13 -40
-29 -31
-41 1
-33 -39
-2 -47
19 44
-49 -44
14 39
-21 34
3 21
10 28
15 38
33 -37
46 -36
22 -18
-9 36
38 28
1 -28
10 46
-19 -42
25 -5
13 -29
15 1
-43 39
2 9
10 0
47 10
25 -27
-47 -1
-38 45
-12 -43
-39 -11
39 18
-11 -23
42 44
-7 -32
-3 -1
27 29
-10 48
28 14
-3 17
-27 39
-20 15
-20 11
21 -1
46 -18
-37 -34
19 49
-17 6
-15 8
-44 -47
16 -5
44 -13
21 -13
-10 -38
-9 46
-23 -19
23 -49
-14 -36
-3 -10
24 2
0 -47
38 -34
45 45
-29 -28
-7 -37
40 -1
-2 -14
38 15
17 41
42 -37
2 44
37 17
14 15
45 3
-38 -41
-11 -48
40 -6
-21 -11
40 21
39 22
-19 23
-7 24
-35 11
-15 37
-11 -12
-15 5
-40 -41
44 40
-15 -38
26 10
38 40
-41 1
49 -1
-28 -16
27 20
8 -49
4 14
47 -48
-2 -15
-36 -21
-27 -15
-21 -28
41 28
42 -38
-46 -24
-20 23
3 -2
-8 -24
-43 -29
20 -27
-33 -5
-43 0
-21 -30
-43 -27
35 -4
-13 46
13 -34
-29 -3
-3 49
-6 35
43 34
-25 -4
10 36
-28 26
35 -20
-48 37
-6 30
23 -22
47 25
-32 -30
-6 -27
-27 -33
25 -35
-46 12
43 -35
44 21
29 -30
45 -27
-27 30
-43 37
37 -41
-48 31
-5 8
35 -31
5 -49
-49 -44
14 -28
-39 34
-19 -36
-31 27
8 -14
12 -24
2 44
-20 0
-19 -29
47 40
35 13
22 15
-4 -17
-49 -2
18 -16
31 38
40 -15
38 1
26 -20
26 18
-29 37
-4 -42
-27 -31
11 -48
31 36
-17 -40
9 -31
-29 15
-22 -11
42 0
-8 10
-37 20
16 -17
-1 -14
21 -40
-44 -40
48 21
14 -21
-15 27
-43 -19
-4 3
-44 -17
41 27
14 13
24 -30
-4 25
47 -41
11 5
10 -26
24 -6
5 12
-24 -35
6 14
-26 -42
-34 45
-34 4
1 -40
-36 -42
46 -31
21 -48
-15 39
30 -39
36 21
-21 48
-37 -9
-9 -9
-17 -38
-10 -34
-20 -15
48 11
-3 -29
-1 6
45 -40
-29 8
24 -46
-35 -27
-30 -44
-42 -17
-31 0
38 18
-39 3
0 -25
41 20
13 6
32 33
1 -25
7 -22
32 -34
29 0
4 -14
37 -26
11 -19
-32 32
48 37
-26 -20
2 -9
36 -42
36 -13
-9 0
17 -29
37 -32
16 28
-2 7
-9 8
25 16
-20 28
6 11
31 21
-12 -32
41 38
-18 20
15 -34
-4 36
-46 43
26 26
3 22
-16 -8
-36 -27
-18 25
-9 -7
-45 9
34 -30
48 35
30 1
28 0
-38 -6
34 -11
-33 8
-41 45
-29 -5
18 9
-2 -10
0 22
-11 11
-37 4
30 9
6 -6
6 48
18 8
11 14
-32 -12
-25 -46
18 -9
34 17
38 27
12 6
29 7
-24 -47
19 39
21 -34
21 33
-14 12
-29 -26
22 -42
-6 34
-41 10
-17 20
-37 -4
20 -43
-48 17
42 -1
-34 -33
49 33
8 -26
-48 47
20 14
47 -47
41 -26
0 42
21 12
-30 21
-49 -25
-5 43
22 16
12 28
-5 -29
-10 10
-43 18
-35 -13
37 39
-10 -29
27 -44
-24 12
44 -39
-5 8
-5 49
-5 -28
-10 42
28 16
-6 -36
-38 -15
0 26
-32 39
-39 18
44 1
-30 42
44 -24
-35 0
-40 -41
-14 42
18 41
-41 42
13 -4
-34 33
17 -4
4 -14
-41 -11
9 -18
-1 -6
32 18
-43 25
0 -30
-3 10
39 -23
-29 37
-3 18
31 -49
47 48
-49 -45
40 10
8 38
-45 7
-15 -43
32 -22
43 -44
-35 -24
7 25
-43 33
-25 -26
-9 -19
14 34
-15 -24
49 -18
33 -21
10 26
-43 -29
14 33
7 32
-16 -43
35 12
24 43
-30 -21
5 11
-20 14
-35 8
42 31
-18 31
-17 -39
37 44
-32 -6
3 -6
-27 47
-24 -40
23 -32
-20 29
-37 -12
-26 -4
-17 12
-49 -8
12 37
35 22
-1 -36
11 -10
30 -8
14 -39
-45 20
-1 -41
22 -43
-42 -37
5 -22
6 35
-26 -29
6 -15
-1 35
-49 -49
26 -31
1 28
-44 37
-4 -38
-23 -13
-8 38
41 2
1 -12
1 45
-36 -35
-26 -42
-34 26
13 -11
21 -46
24 -7
-41 -49
-31 39
-7 15
35 -15
-8 20
5 13
35 -27
42 -34
-45 -28
-23 -9
-20 -5
-30 36
10 39
-3 46
24 -18
-36 40
39 -41
32 -5
-31 40
-44 -36
-24 25
-4 -28
-46 -30
-22 15
-33 18
18 -1
44 41
-18 2
-46 24
32 -32
-23 -35
22 10
-42 3
-42 -37
43 46
9 -45
6 1
-7 0
4 -4
44 -45
-38 -30
-34 45
38 39
-9 -45
3 -17
-42 -40
-31 34
39 -9
-8 49
49 -42
43 8
-13 -30
27 47
19 0
36 -43
15 30
-40 38
2 39
2 -28
-48 -20
16 46
8 8
20 -8
47 30
-22 0
29 2
-12 0
6 -4
-15 -24
-2 -6
45 -11
-48 6
-25 -22
-21 2
-17 -1
-11 -46
-13 -30
8 -5
4 -31
47 -23
-33 27
4 -26
-12 -15
-18 -48
-30 -37
5 4
-32 -7
48 -49
44 -35
34 -14
-5 18
24 -36
-49 -47
-13 32
-7 18
24 28
19 23
-32 -24
-12 39
6 -14
-5 42
-42 -40
-17 -23
8 -38
-16 25
-30 -1
18 47
30 -33
19 -12
15 42
35 24
-29 20
23 -22
15 41
8 -5
-28 -20
-11 10
3 16
-44 33
31 14
-43 -33
18 -24
16 22
0 -40
42 30
-18 37
-45 40
48 32
22 -17
2 -45
38 3
-1 -4
13 -43
-37 24
0 41
36 25
-15 44
-31 -41
-24 35
48 -15
-16 -3
-26 44
-27 49
-31 16
-6 -43
6 -6
29 35
5 35
15 27
-27 -3
-41 -11
3 -49
-33 -44
-9 10
-27 -12
43 -49
35 -16
-2 40
-43 -45
-1 -37
25 1
30 9
33 -6
-4 32
-8 8
-30 19
17 18
44 3
39 -47
0 46
-30 -28
-48 -9
-49 18
21 27
-3 -12
-6 -27
41 -19
23 24
-46 -39
-34 -38
-14 34
-6 -20
44 10
0 4
46 -19
40 -2
33 -25
11 32
-3 25
39 16
2 48
-45 -26
34 15
26 -49
25 -36
49 -19
14 21
14 18
46 -21
48 46
45 48
-4 -3
-27 14
42 5
46 29
-37 -49
27 -31
8 48
33 20
49 42
25 -28
-20 -7
5 28
-12 13
-39 -9
-33 -10
34 13
22 -14
9 -9
-39 -39
-21 -31
33 40
17 -5
14 -7
-7 -46
-36 -32
-2 10
-27 37
-25 39
32 -18
-38 24
-18 -13
0 1
12 -42
-27 -33
34 26
17 49
-27 39
-14 2
-2 0
2 -9
23 4
6 9
42 1
17 -26
33 4
-1 41
-20 20
1 43
-25 10
13 -21
-37 -15
-12 12
37 27
10 35
5 -37
36 34
21 -30
24 -31
42 -40
33 19
-28 -8
-38 -18
15 -17
-34 42
47 36
46 -38
-33 -31
-3 33
21 32
-39 -33
-11 14
10 38
-48 -41
30 48
24 37
-31 -7
-22 -48
-38 -5
-40 -41
17 -35
31 31
23 9
25 -7
47 41
-38 -27
43 -18
5 -20
-26 -41
10 26
42 -5
28 1
-12 20
9 0
42 -15
-29 -41
33 -46
-47 32
19 -44
18 2
-31 -35
-14 19
-23 -1
-39 -41
19 34
22 -18
-25 -21
-5 -30
-29 -45
-44 -9
23 -11
-16 -49
15 -30
42 -23
-45 -25
5 -48
-29 5
-22 -7
-7 -3
-46 37
34 -9
-17 9
11 -35
0 -45
33 -2
-33 -36
-46 -28
36 43
-5 -42
-48 -14
34 19
25 0
34 36
-33 -21
-43 -15
-33 14
-46 -34
29 23
21 4
28 23
-27 -30
3 33
3 -41
5 -30
-42 36
-15 -20
18 -28
22 45
15 19
42 -32
18 -13
-31 -35
-48 -39
45 34
-19 -42
48 -10
35 -13
22 -14
-28 -25
-15 13
0 13
-43 9
13 27
-3 -29
-21 -45
1 23
-12 -47
45 18
-36 23
-22 48
30 30
32 25
19 -25
-25 10
24 27
-29 -45
0 24
-19 20
-8 0
-22 20
-43 -49
7 -22
29 -2
-37 -31
16 47
-16 -5
-42 -48
-5 -1
-10 0
35 -42
-41 5
-12 32
28 1
-21 36
29 49
27 3
33 19
-14 39
-10 -37
38 5
-2 -2
5 -29
-1 -43
-48 40
23 28
-41 10
-16 0
28 -48
-36 -40
12 -30
-18 45
-33 20
-48 5
36 46
45 0
-41 -27
45 -29
-32 12
-29 12
10 32
-11 13
-46 0
35 -44
26 -8
-46 15
49 -41
-33 40
18 9
46 21
-19 25
-23 -6
4 49
-38 -37
-2 -1
26 -38
-12 16
28 0
-9 20
13 46
-49 -42
-9 27
40 24
-8 -20
-4 29
4 27
21 -14
-32 -16
7 -40
-48 -17
-24 -30
35 -14
35 41
-9 -37
29 0
41 -24
18 49
8 -42
35 -35
-10 30
-11 -42
45 26
37 34
26 38
35 1
-11 -28
3 -24
-13 1
16 19
-29 -39
-28 -34
-47 0
47 -44
16 -35
14 -46
-12 41
0 15
31 -17
-1 24
40 41
-2 9
3 -40
4 -45
20 -17
-13 19
-19 25
40 -42
3 -23
21 -26
48 20
49 -14
3 19
-8 20
1 -27
6 14
44 -4
-25 31
0 44
47 20
-14 -4
5 -21
49 -29
-15 -47
7 42
-17 -42
37 47
-9 32
-39 35
-42 -34
26 -48
-38 -36
21 -31
-23 43
-5 -9
-11 0
13 -23
-21 41
39 20
3 20
-1 11
-44 -16
20 -13
-27 31
29 -39
29 14
-2 -43
-45 48
27 -48
27 -28
-21 -39
-49 -33
31 18
21 25
-5 -24
6 6
17 -1
-13 48
-32 -14
-48 -8
-3 15
0 31
29 19
-19 5
40 48
-34 -38
8 -32
13 25
-13 -8
40 6
9 -7
-14 29
22 -27
17 -12
28 14
-36 33
-41 -43
-25 34
-5 24
-17 -3
32 -16
-18 -47
23 49
41 3
1 -11
-46 34
25 -5
25 16
24 25
-24 20
14 8
13 47
38 -19
40 -32
-14 -30
15 0
-28 43
-28 -13
-18 -21
30 -24
-40 -8
24 -25
-45 5
25 -45
-46 -22
-3 23
-3 29
-20 -16
27 -48
-22 3
-5 -33
38 32
41 37
20 44
25 -19
-23 15
4 -36
26 -35
21 7
-42 -28
36 0
-33 19
36 -40
-48 -46
-45 -37
-24 -29
20 -32
31 -15
-4 -13
7 0
-26 -4
-22 -35
-28 -28
30 10
35 30
45 39
18 -35
-9 2
36 13
-10 -23
-22 14
-12 5
6 3
34 -8
26 30
38 2
29 -47
-49 29
45 25
16 -2
-14 -47
-36 4
-8 16
-10 -18
15 -16
7 32
1 19
6 24
-4 -39
16 23
-33 -28
4 -13
29 -31
-13 9
39 -49
14 25
-34 40
-30 39
-39 -22
17 48
12 0
-12 -48
22 36
-34 29
14 -24
-36 3
13 32
-41 2
-1 -14
15 43
-2 -23
-34 -20
12 8
-41 28
25 -30
7 -24
14 22
8 21
-7 23
-39 34
-18 -40
-3 48
-23 44
29 -25
46 12
7 -18
28 -41
8 13
-16 0
37 -35
-1 -38
38 35
7 -41
13 27
14 19
2 12
41 40
11 37
-48 -39
46 -16
-21 12
-5 -19
-40 22
-2 -35
49 -5
33 -17
36 48
31 44
-47 0
-14 9
-39 -48
-4 -25
21 38
47 2
21 -7
0 -26
39 -1
18 35
16 30
35 -5
16 49
20 16
2 49
-32 33
-11 -8
-35 -49
11 -35
33 -26
14 -42
-24 43
-23 -29
23 -13
-29 -31
1 18
27 -26
37 -49
-31 -47
-28 -29
-47 30
32 43
-38 16
-18 -16
26 -21
25 24
-7 14
16 -25
-32 34
0 18
6 48
44 -41
-42 -5
21 -43
43 7
38 33
48 -43
-12 45
-26 18
14 30
37 -32
-49 -38
32 -20
-19 -11
-23 44
-9 0
-13 -19
49 36
-41 25
19 24
25 43
-42 0
-6 -34
-39 -16
-40 36
-24 -37
-36 -32
29 9
-20 -49
34 47
16 15
-4 7
-5 19
-31 8
-48 -37
15 -5
-34 49
-27 29
-7 -32
-31 48
-7 -27
23 -17
-45 4
25 -10
28 46
-8 2
-42 -15
33 -5
23 -37
-26 -44
34 -44
10 -2
29 33
-2 23
40 -29
-40 -31
8 -17
-6 41
-39 -45
-29 43
32 33
30 32
-28 -7
49 46
-34 0
-45 -47
7 24
5 48
-32 6
-15 32
32 30
-16 35
-40 -11
-39 -32
23 23
16 -17
37 -29
33 14
10 1
46 -33
25 -1
41 -25
30 9
20 -47
8 -10
35 -18
0 21
-15 40
-11 23
23 32
-7 -49
10 -31
38 -23
-48 12
1 28
40 -17
-39 -2
-45 9
6 34
29 49
-14 -47
28 27
-27 43
20 -44
34 -8
14 33
-28 39
-7 10
-37 32
1 -3
-25 7
43 -20
47 41
-27 16
-19 -1
21 -22
-26 -33
-31 39
-32 39
11 16
-43 -34
34 4
-17 18
25 -5
-17 0
-25 -17
8 -20
-28 -45
-31 29
32 -9
-26 1
-5 -42
-28 -4
-30 -1
-5 -49
1 -46
-11 -7
11 -46
-40 18
42 33
40 -30
-18 0
5 2
-24 2
26 -4
-48 -33
38 -18
-39 11
-14 -1
-42 31
-2 -14
-39 29
14 42
-11 22
-32 -23
22 42
16 29
21 -10
-8 -10
-4 22
-13 12
-26 38
38 -14
-8 0
-39 -31
-1 -36
15 25
-3 12
-28 -28
29 -27
43 -27
-7 41
4 -33
-35 5
38 -29
46 -47
40 16
43 12
-48 -37
-23 -15
18 -11
-48 -1
-34 47
6 -29
-24 10
-41 -7
-34 -19
-47 -18
23 -17
-21 -26
14 -21
21 20
-7 -40
2 -28
2 -17
12 16
35 18
47 22
-41 -29
39 -8
-24 -21
15 39
44 -49
24 -5
-47 45
-39 49
-43 -34
26 33
-21 -8
11 -15
17 -22
16 -45
29 2
-5 32
34 33
-3 29
28 29
43 -4
41 16
29 -27
-15 -42
9 11
-30 33
35 -15
2 -39
0 20
3 15
-36 -3
-9 1
5 -8
19 -2
44 -29
3 13
0 -45
10 24
-12 -35
13 -43
14 -21
-48 3
-28 -19
4 40
32 0
-43 -13
49 -48
20 -44
48 11
20 -35
-34 34
5 -34
-14 34
-30 -7
43 7
40 30
-28 -49
43 -1
15 3
46 -18
14 -30
-14 28
-19 21
2 -33
31 49
28 29
20 -12
32 24
11 9
-13 -13
16 -26
10 -28
23 -20
-2 -43
35 -5
26 -4
8 -2
-26 -35
-16 18
4 6
2 45
-39 -42
49 -7
45 -28
-19 -27
3 29
-22 -49
-36 40
30 -44
-16 -32
45 -44
22 -48
-15 0
-42 -25
47 3
-9 -47
-22 -27
17 -19
-13 -22
-21 -4
-3 21
-24 33
46 37
27 -30
-46 27
8 36
-13 -11
-45 3
-10 -16
27 -10
-18 49
-27 46
-5 15
-26 24
6 30
-41 -17
0 -28
39 -49
21 -22
18 -20
-22 45
-35 -29
33 46
-27 -49
47 26
-35 7
9 30
-17 -24
-5 -21
-14 -45
-9 19
-35 34
30 -16
6 -39
28 4
-22 31
49 23
7 -7
25 24
-26 6
-18 -29
-9 38
-23 32
-39 -12
21 12
31 -43
26 37
-2 6
4 35
-18 -28
-7 18
27 -9
43 36
-48 -28
24 -43
41 7
-41 44
-49 -28
-9 0
-15 18
-45 -31
-32 31
20 -27
-13 -28
33 -1
0 -46
44 -5
-38 28
-43 33
-6 -3
-3 -43
7 38
-32 16
19 -29
-15 -11
10 -42
-41 -21
19 20
49 1
15 12
-44 -48
6 -6
42 -2
42 46
17 -17
-33 -48
17 -27
45 -15
7 -37
27 -7
6 -35
44 26
-35 -37
-7 -41
23 14
-25 39
-8 18
34 -24
25 43
42 16
35 32
5 37
6 -30
-17 12
20 -32
20 26
26 12
39 -9
-26 -49
7 44
-17 -45
37 25
35 26
34 -10
-17 -29
0 -45
-41 12
-45 3
-18 37
38 -30
30 47
35 -32
-17 -26
15 -8
-16 45
-41 43
18 -11
-35 -26
-36 -6
9 -40
-37 42
4 19
-27 42
-13 10
41 22
-7 14
20 -2
11 9
37 13
5 10
44 -3
8 10
13 8
25 10
-35 34
-12 1
-8 -28
0 33
11 -22
-48 20
-28 -14
-26 -32
29 -34
12 -40
-30 9
25 47
34 5
-9 40
14 40
-42 -2
5 2
11 0
28 -24
22 26
1 -26
-47 6
-22 -14
-30 -9
-29 48
-8 -15
-14 -40
-29 32
-30 -41
-47 44
25 0
39 -28
10 48
-40 23
36 48
-42 12
26 -17
43 -9
40 -16
-26 -10
-15 20
-39 -18
-41 29
37 -40
23 -25
10 46
26 -42
-6 12
-21 2
-15 42
-13 -34
23 -18
17 -34
-44 5
0 -18
43 41
8 -26
4 -34
-12 11
-31 44
-10 -7
44 9
16 30
10 32
10 -10
-17 -2
-15 6
-20 21
-28 36
41 -18
-38 -27
-5 47
-25 -3
6 -7
-6 10
22 12
-47 -31
0 -13
-13 11
6 -7
-27 -38
-11 -27
14 10
-41 -29
-9 28
-48 -37
21 30
11 9
28 -27
4 2
23 -33
-29 2
0 10
34 -7
10 3
-2 38
-18 -38
-10 4
21 47
25 -21
48 -13
36 36
35 9
-8 36
-14 -1
-27 -14
-6 -15
18 5
39 29
-29 6
-33 0
0 -27
12 4
-29 10
10 24
-38 14
-16 -17
-36 4
-9 -16
2 -29
-7 37
22 -22
-48 2
49 20
-35 19
-15 -3
-22 -31
-39 37
38 -5
-18 49
-31 9
-28 -18
10 -41
-26 -37
15 2
-17 36
32 -9
40 -21
-36 -19
0 39
27 -35
21 -32
-14 -16
