34 13
4 -18
18 -16
46 -25
6 29
43 0
-12 27
-4 -46
-23 14
11 43
-7 -46
-8 -46
5 46
39 20
-7 31
15 31
29 29
13 45
30 -5
0 12
-17 31
-19 -15
-46 -49
-18 46
-17 -30
-33 -23
48 -15
21 10
-22 -33
-4 -8
44 1
-33 -26
46 47
-45 18
40 -28
34 -15
-18 29
-31 -9
-42 -29
-34 40
1 47
-49 -18
13 36
-43 -48
-16 2
-49 35
-24 -10
-21 12
0 31
33 22
47 -38
-46 37
2 38
34 22
-18 -41
17 33
-11 31
-8 -21
29 48
13 -2
49 49
-49 -18
-22 30
-6 -18
-21 -9
-25 -29
15 45
10 -40
-15 -45
31 -41
49 28
37 -27
47 -18
26 27
-43 13
40 -39
6 39
-8 43
27 38
-1 -15
-21 -21
-24 -13
-40 9
46 13
26 -9
-25 0
-4 32
-28 26
34 4
5 6
13 9
11 49
-19 30
18 34
8 -36
10 27
-26 26
-22 -41
44 40
49 7
29 33
-11 -40
44 -7
-40 -22
-11 38
34 30
45 -40
-45 -7
-7 35
32 10
-35 -15
-18 -23
0 -13
-39 9
21 39
-49 -20
-28 30
-9 -46
23 44
0 44
-26 -25
25 -21
20 6
2 -9
1 -36
39 36
-30 15
30 37
-22 20
-30 -7
-22 -29
28 12
1 -1
-8 41
3 16
45 24
-31 -7
-10 -37
42 24
-33 -7
-48 -5
13 -20
28 47
2 -32
38 -6
-42 21
20 25
-49 -27
-39 -46
22 -21
-44 27
25 -33
-40 27
42 5
-3 47
36 -1
-33 -25
-14 23
0 7
46 5
3 8
-37 9
-21 18
38 -26
27 -22
-3 -11
37 9
-11 -36
-30 -39
41 -41
14 24
11 -17
48 38
-35 13
46 46
24 29
-34 -45
0 -48
36 4
-47 -36
-9 -5
-23 -23
10 -37
-31 -24
13 35
44 31
-27 3
42 48
19 -45
-28 19
9 -45
42 40
3 -11
-8 15
-11 23
5 43
41 -15
-13 -45
-31 23
-18 -28
-28 -4
-6 -43
2 32
13 0
-27 -2
15 32
2 -5
8 -30
24 33
2 -31
17 -33
3 0
-3 16
38 -5
5 -28
46 0
-7 -47
26 -26
37 -5
41 48
-41 45
-26 -22
44 -35
11 6
27 10
26 24
-1 -26
3 -25
44 8
-15 9
-2 46
27 -14
22 -24
11 40
-20 -36
-1 35
-3 1
16 -42
-1 -14
31 -35
-8 -10
-27 18
34 46
6 45
16 8
-4 -40
18 5
2 48
-46 4
6 -33
-5 -15
-33 -14
2 36
44 19
-45 17
-29 -41
-8 -32
-7 2
5 -3
-31 -49
-21 7
-32 -21
-29 -8
-41 48
4 -7
45 -22
25 -24
8 -19
-48 -31
-46 47
22 -10
5 11
38 -28
29 -30
-45 11
37 19
-41 -30
45 28
-48 36
12 -43
18 -26
46 -2
36 -33
-26 -36
-43 49
27 -20
-41 -33
-23 -11
43 -12
-15 3
-13 49
17 38
-14 -6
-17 -18
39 -12
-48 48
-5 47
45 -38
-15 49
19 -37
-17 -2
-42 45
14 36
-12 -43
5 9
20 -49
3 -42
-42 40
-33 0
13 21
3 -49
4 24
38 0
-40 -49
4 -40
-36 43
-24 33
-23 41
8 21
41 -36
28 21
-20 15
-42 12
-38 19
-22 31
-35 -25
37 -28
38 -41
36 37
-29 -47
35 -14
-42 -13
22 -41
30 13
28 14
-2 46
-39 -1
34 -10
32 -5
30 -34
-14 -3
-26 -35
26 32
-25 -40
-36 -40
32 47
-43 -4
-10 -13
34 -49
-33 -18
-45 42
-49 -33
-43 35
-42 -5
45 -25
22 34
-3 21
-49 -8
32 -21
32 -22
2 45
11 17
-42 -4
9 -22
-46 -16
-49 -24
4 -44
37 -37
-30 -1
19 -40
-17 39
39 29
24 38
-45 33
1 -36
1 14
4 -32
39 -15
32 9
-20 -10
-11 -25
10 6
12 32
-27 36
-36 2
12 12
48 27
46 22
-12 -6
-4 -17
3 29
33 -26
-41 34
4 -30
-6 -13
46 19
-27 -44
-3 -42
27 27
0 -39
-42 16
-4 13
-48 5
2 -12
28 -19
-36 -9
-5 4
-38 28
0 -43
-43 -21
18 31
48 32
43 -28
-22 -1
31 23
-19 10
-18 -10
-30 -6
4 -45
25 -34
-40 0
-14 -44
0 27
46 18
33 35
44 12
15 -39
33 -5
-41 0
-43 30
-2 25
-8 18
-23 3
-27 30
-41 -5
-15 -45
36 42
0 24
27 -5
45 -31
-15 -20
-23 3
16 -20
15 14
18 0
7 -48
-46 -31
-34 -37
1 -47
1 -47
-45 23
5 22
-48 0
-40 19
7 41
2 34
-20 41
2 -23
-6 -4
46 28
36 -21
47 48
-7 -40
41 -30
-25 43
-35 -48
9 -11
16 46
-46 0
-33 -4
45 35
-26 -27
47 -11
27 32
5 43
18 -4
12 -6
23 14
-14 35
-49 47
39 24
45 41
12 -24
6 -24
-2 -41
18 19
17 3
-33 33
43 -9
41 -37
-41 44
-11 27
46 -27
31 -9
37 -48
21 46
-46 39
7 22
-35 34
13 21
12 -26
-8 -27
-23 -17
12 -15
6 35
-13 -21
8 -16
28 36
-30 -42
-47 30
-41 -6
10 36
2 4
13 -13
25 15
37 -31
-2 28
43 -17
-9 -5
-41 -46
29 -32
33 -19
-31 20
4 17
4 -20
26 -2
-35 16
-39 21
42 11
-27 34
1 42
-18 17
41 25
39 -24
2 41
-11 0
-32 -44
-3 34
-40 16
-28 42
45 -45
37 -21
0 5
-18 -36
-42 -46
13 28
43 4
10 46
-27 47
11 -43
20 36
-34 5
-38 -16
-31 -8
-26 -8
0 -9
-29 4
29 21
-14 -36
-40 46
-42 -18
-17 -36
-17 -27
42 -1
27 41
30 13
22 -49
4 2
-7 -37
-20 14
-31 5
33 -1
-29 1
-47 11
-4 20
-16 -41
-11 -21
-36 -33
-17 47
-40 -2
43 26
13 47
0 -13
-38 9
-43 -26
-19 47
-15 -34
-47 38
13 45
23 -43
-47 -23
8 -3
-27 -32
28 14
21 24
46 -11
-15 28
-47 27
17 -21
-43 9
-32 35
-44 -5
-13 -46
-13 15
21 -46
21 3
-46 -39
31 -2
-27 30
5 -7
-6 -11
-47 -4
-15 38
-35 -32
-7 19
17 37
-16 -12
-45 33
33 -13
29 -1
-19 -12
0 -14
22 14
1 3
-19 -28
-16 -42
44 30
-16 17
17 0
-22 32
17 9
47 7
-38 13
-45 -48
-30 -7
-2 -31
-21 -2
33 -18
-24 12
-49 35
36 -13
23 40
23 -5
9 35
-3 13
24 -31
-11 28
21 -47
31 -25
44 5
43 22
1 -6
-43 -5
-26 17
28 -6
-48 5
-38 -27
18 -30
-38 44
5 -41
-10 -27
-19 -45
-30 37
4 -3
0 -17
35 6
49 -24
48 34
-2 44
-46 -27
15 22
-4 49
27 48
-42 18
-16 -45
15 -19
-29 23
9 -14
-22 6
-5 49
-23 -18
-6 33
-5 -41
-36 -31
32 -4
-7 31
41 -17
6 -18
46 15
22 -22
28 32
37 -27
-14 49
-49 -27
-3 -43
-7 28
25 -30
0 -35
-6 -35
46 40
-25 17
44 41
-48 -18
-37 -19
-20 28
17 -45
15 -38
40 -3
-47 -21
12 -22
10 41
0 0
44 35
40 40
-15 -18
43 37
-26 -20
-40 13
35 -6
-35 -6
-15 3
9 -3
13 -34
-3 43
-21 18
10 -39
-31 46
32 49
-35 28
9 -47
-26 21
47 -6
7 43
-20 32
47 18
7 -27
-25 41
3 37
-44 9
-49 -2
9 14
13 -32
-31 9
-31 -16
-21 43
46 45
0 -21
23 16
-18 -15
47 1
-44 -30
-7 27
9 -14
41 -28
-38 8
3 22
-3 36
28 27
-31 -26
14 39
-7 37
-2 -36
32 4
-37 33
-33 42
-43 8
18 -11
-41 13
11 -5
19 -47
0 -18
26 -18
-4 -15
-1 -15
25 -40
5 38
3 -25
-1 0
-19 20
-47 -27
-40 -12
10 20
-18 -22
37 35
3 -49
41 16
-36 10
1 -31
-14 23
36 -44
-45 -30
15 -47
1 -16
-11 -4
45 48
-19 -37
-41 21
18 -4
0 -32
35 -21
-28 -19
-13 28
-24 40
-21 -22
16 46
-24 2
16 7
11 -1
-4 -45
37 34
-18 -39
-38 -41
-18 -4
5 28
-5 0
43 -29
-39 15
8 -42
18 -4
-29 -12
-21 -47
47 44
27 31
14 -41
-35 -46
14 -7
-9 -34
-18 -6
-9 -39
-37 17
12 41
-36 -36
-17 -35
-40 -25
-5 21
-39 -19
-1 -39
-12 -18
0 26
-2 28
39 -40
-35 -8
41 13
-18 -45
-43 36
2 -45
41 21
-30 36
-41 18
35 -27
0 -45
43 -25
-40 39
-35 -48
-3 6
4 -17
0 31
25 -14
11 28
-49 -14
37 9
-38 42
22 -6
-11 34
-15 -22
46 19
32 17
-12 -6
48 -27
31 7
24 37
-3 -27
5 0
-40 -26
-48 -39
-42 11
-7 -48
4 37
3 23
3 21
19 5
20 28
22 33
22 -48
26 35
4 27
43 -13
15 46
40 -20
12 32
-17 -32
-3 -10
7 -29
-24 17
12 0
-8 -37
-1 6
19 -42
-14 -24
-48 -30
23 9
-30 35
0 -1
-14 -7
2 13
0 -20
13 26
-34 -12
-38 -20
-41 -28
-42 -27
-24 37
-24 26
-10 29
6 27
-8 12
-38 14
7 -36
-8 -5
24 10
-6 35
14 -41
-21 -44
-34 -15
6 -4
-30 17
47 15
8 -33
-12 -15
31 -16
40 -14
34 -47
-2 -32
48 27
-47 -2
-5 5
-45 -38
-32 46
10 -21
26 -6
-28 -42
-24 42
45 12
-21 -29
39 21
2 48
44 -31
36 -39
-4 -32
-45 29
-33 -20
-30 10
12 2
42 -3
33 0
-42 18
3 -23
30 -24
38 -29
42 -47
24 -19
33 37
35 -30
27 15
22 4
16 -6
0 41
28 27
-39 10
-21 -8
-25 15
22 27
22 2
45 -28
38 -45
-19 8
-37 10
-20 -25
-33 16
-43 48
-30 -7
-13 13
-32 6
-26 2
-40 36
-12 31
13 37
40 -46
1 29
-22 32
6 -46
-20 -44
-39 -8
-10 42
32 -26
44 2
-3 28
31 34
12 48
-23 14
-38 28
-16 48
46 -44
12 22
-20 6
49 -49
1 -34
38 -7
7 -10
6 -47
4 -48
-17 23
5 -19
12 -38
26 42
49 0
-30 40
44 35
-21 17
-31 1
-6 -7
-14 -27
-47 9
4 -19
-15 33
-10 46
-21 -41
37 -28
32 -9
-14 -18
-21 35
34 -1
5 -24
-5 12
43 31
47 -19
35 24
-20 -8
-39 -37
20 -48
8 17
-40 19
-39 -37
-7 -38
-28 12
33 22
-19 -47
26 18
19 -48
18 10
46 1
-4 -33
37 13
-9 -34
19 24
17 40
-6 29
-29 -35
-30 -10
12 29
17 -28
15 33
-27 13
14 35
12 -9
-5 -18
29 -22
-10 17
-22 -30
-47 -41
-32 1
14 43
41 5
12 49
-30 39
25 14
42 47
-48 -14
32 -11
-45 11
-7 34
-49 32
-36 43
-9 -14
15 41
17 7
-40 21
-49 0
-43 4
27 15
21 28
45 -21
-16 -19
19 3
16 -28
-37 39
44 -13
-45 -9
-27 19
20 1
-48 -2
24 13
-34 -31
46 0
-13 11
-39 -4
-32 -38
0 43
-28 10
-10 19
18 -21
31 13
42 -27
22 -15
-33 -7
-43 -30
4 14
-14 -39
-1 46
-19 14
-18 -30
30 -33
32 22
-1 -45
-29 34
-26 -45
-47 -25
-22 25
-34 37
-48 -41
16 -29
-35 -3
28 3
7 -44
-43 -32
-1 -40
-6 26
28 22
-44 -7
23 -32
-47 -10
4 17
-27 19
9 -18
-39 -43
-18 5
46 -30
41 42
37 -46
28 -5
4 -37
45 -28
-20 19
40 -29
46 -4
35 -33
-7 -39
43 42
1 49
21 -48
9 -26
-19 28
46 15
-1 -1
-29 7
-13 -40
-35 16
20 18
-49 -29
-7 -43
-34 -34
18 -2
-13 18
4 34
-4 -32
13 35
40 -26
-48 26
21 -27
-43 -15
-29 -47
9 27
48 35
-39 30
29 19
25 11
25 40
35 38
3 -23
7 -43
30 -23
37 -41
47 -34
-27 5
-47 4
-26 -20
-4 48
33 20
0 31
47 -38
46 -24
-9 22
26 -21
26 -17
48 -26
-37 27
15 25
-39 -4
46 1
-49 11
-5 -45
-7 -29
-49 -32
38 -35
-24 33
35 -35
47 -4
-25 37
7 6
11 -47
-35 -13
-33 -41
22 -17
-33 9
-49 19
9 -4
-8 46
22 28
44 -27
22 -9
32 24
15 6
38 -14
42 -18
29 -18
33 43
49 -37
35 0
-42 37
-29 26
-26 0
2 -3
22 21
33 10
-22 9
-15 42
-34 6
-11 -2
47 28
14 9
-22 -8
22 -17
4 -25
-40 27
36 26
-36 30
-44 -32
40 -47
-36 -7
-15 -12
45 27
46 23
46 -13
-22 48
16 39
-38 -23
-5 -30
-20 19
5 12
-23 39
7 -20
-16 -21
17 -4
-41 36
-15 23
-25 -7
-26 31
-7 -35
2 -12
-40 -48
12 40
27 37
31 35
-7 41
-6 -12
-17 -5
-23 -4
7 -47
35 -43
-4 14
-33 34
14 0
-22 47
33 11
14 -15
18 -7
-29 -34
-24 -30
33 -29
-24 9
2 -34
-47 -42
-21 45
-25 24
41 -21
8 37
41 38
32 21
45 22
0 46
38 -26
31 -19
-44 -12
-38 20
40 5
25 21
0 30
0 -14
-44 -8
25 -46
-42 41
4 44
-33 -9
-1 40
42 47
-40 27
-41 49
-29 2
-46 -29
34 -16
18 41
19 4
-37 -35
-42 30
-24 42
-26 4
37 -10
0 4
7 -28
-30 -41
-48 -1
-46 -44
-41 24
39 14
-14 49
-47 -9
18 -8
19 28
-35 -41
-31 -33
-37 24
1 -6
-45 -27
7 -27
-36 -4
-26 -30
23 14
-31 -33
19 -36
28 37
49 30
34 41
48 -49
14 39
6 46
30 44
-38 -18
-25 -38
-4 11
46 -21
9 37
2 -35
-31 -9
21 49
46 48
-6 0
-21 22
32 49
-13 -8
-17 30
-43 -35
39 -24
26 1
-6 -38
-10 -12
-23 34
-41 -5
42 -40
-43 -2
-18 -14
17 -40
-32 -9
37 -16
27 12
8 -23
-20 24
22 32
-27 30
25 -36
-44 -12
-35 -39
-45 -24
-39 -40
20 41
-44 34
9 18
-45 -5
-12 40
34 7
-47 13
41 8
49 -6
48 -30
-12 -27
-16 16
-46 11
18 4
26 14
15 33
-14 46
-10 -4
21 42
24 1
-44 33
-40 17
39 43
44 -6
-32 -8
32 19
-43 8
41 -24
-7 -39
25 -23
30 31
18 -47
0 -33
19 -32
-18 24
-36 43
17 35
-49 1
-6 49
15 37
-2 22
-23 17
16 -28
42 45
36 6
-39 7
35 -15
28 46
-21 -34
-45 -48
18 41
22 -17
-27 -44
-17 -39
-12 6
20 -36
-17 30
-46 -31
49 24
42 -24
-24 -11
-48 14
0 41
-44 18
23 40
-17 11
-31 46
48 -3
0 24
-17 -10
-15 19
47 -44
-40 5
6 -39
-15 -11
49 30
21 -43
-42 42
-45 45
-12 49
11 -8
30 41
34 -33
-25 12
22 4
-31 -23
-9 39
-10 26
-6 33
-32 -4
25 -3
-19 -9
24 43
-27 32
18 -2
22 34
-11 25
45 -32
-12 13
-49 -30
-16 23
12 32
17 19
46 13
42 49
2 -47
8 -23
-46 -23
22 -40
46 4
26 -32
44 29
-1 -18
7 -34
-27 29
-11 7
-47 27
34 47
-10 -17
-41 -6
48 34
-15 -33
-22 -49
-7 0
5 10
45 -16
-4 31
13 44
30 -16
-43 7
-41 -48
36 -21
-36 -32
13 -39
-39 20
-42 28
43 23
-11 40
-10 -30
-27 36
10 45
20 30
3 30
-20 36
-2 13
-44 37
-3 5
-19 -16
-34 8
26 -28
-37 20
-49 33
-6 48
10 -19
40 -37
-29 29
43 23
16 10
4 -43
33 -49
34 18
-27 -37
17 21
-33 35
5 -45
14 -37
-22 8
24 -30
-39 0
16 -47
23 21
-40 7
22 11
-4 -14
-40 -34
-34 -29
25 29
-12 -21
43 -23
46 46
36 14
-26 -47
37 25
-24 -34
-12 13
10 -31
1 0
19 41
42 4
-10 27
-1 7
-36 1
-48 18
27 13
31 -38
-41 36
-49 -21
-32 -24
42 25
-37 -45
14 -8
31 -8
16 47
-30 16
-21 -32
-22 -39
4 -5
31 -22
-29 -27
25 3
41 -29
20 -21
30 31
-34 -15
10 -3
-9 -49
15 32
-24 -23
16 -38
31 28
-3 8
-11 21
26 -20
26 -13
12 -4
0 -16
19 22
-43 -48
37 -21
11 -22
-48 11
15 35
-39 -1
38 22
4 -33
19 13
1 -27
25 -43
7 -28
32 35
11 31
-33 14
24 0
45 34
15 7
10 -48
-38 -1
-28 -19
5 8
-10 -38
26 18
46 -4
7 -38
23 32
-49 -31
-49 23
49 23
-27 25
-38 17
-5 16
19 -28
41 -22
45 41
29 -8
4 43
-35 -34
-35 35
-38 -37
29 -20
18 -20
2 22
13 -49
34 -20
49 -9
49 10
38 30
-22 -6
2 8
-33 2
-26 -28
47 -7
-9 -19
-26 -47
16 -38
3 1
-41 -46
-39 17
36 48
3 -17
4 17
16 -44
-37 23
-28 0
-31 4
18 -29
10 19
21 12
27 -14
31 0
43 29
30 -28
23 28
11 -13
-25 38
43 12
19 -21
9 9
-47 33
41 -19
-11 -17
19 31
-2 48
1 19
42 -21
16 3
-24 40
47 19
-21 12
-11 47
24 9
45 0
-7 48
41 -18
-30 11
17 -32
-8 0
38 -29
-2 26
-35 0
2 -15
15 23
-23 -21
19 7
-45 -13
-42 -41
36 25
-21 -4
-8 -16
-49 17
46 -48
-20 45
32 -47
40 -6
-41 44
22 -48
-3 -14
45 0
3 39
-39 0
47 -29
25 8
-41 -43
-8 -16
39 12
0 23
14 -42
35 -17
-43 7
-39 -24
21 13
-10 44
-17 -11
14 37
-1 -44
-24 -43
45 12
-22 24
5 32
34 -3
20 -39
-12 3
48 26
31 -12
-16 49
-1 30
48 -17
-32 14
-43 0
-3 8
-8 43
32 -41
-17 7
36 11
-49 28
16 -26
16 -3
-12 27
46 -34
-20 -4
28 -35
42 14
-21 -23
-37 -28
49 41
34 -20
42 -17
-45 46
13 31
44 8
42 -33
-28 32
-36 3
18 25
23 24
18 -28
37 39
19 49
4 -27
17 42
48 -17
-29 -30
4 9
39 -8
16 14
-23 -24
49 49
-30 -25
34 -26
35 0
35 -40
-6 44
-46 -7
-36 -37
-13 -12
-19 34
38 -3
0 27
2 48
5 -4
21 24
-24 6
24 13
33 6
47 34
42 -27
34 23
-38 -34
5 20
11 -28
-28 0
-10 19
-19 48
47 39
-46 -43
-41 5
-39 -15
8 -36
2 14
-6 -1
0 -8
37 47
33 -28
26 -9
24 -14
32 -27
-41 -9
-14 -45
0 1
-26 -48
-3 0
-12 -38
46 17
-45 34
12 28
-37 -47
31 0
-26 5
13 6
-7 -14
-20 8
-29 -31
-30 14
-47 14
14 -44
0 31
-43 -45
-15 -35
-25 3
14 25
25 -15
35 8
-5 -35
-42 20
42 34
47 -38
46 3
14 18
-36 -9
-21 -38
-28 -2
-32 43
32 29
-14 -24
47 -22
42 -35
17 22
16 -30
-23 -44
-42 -1
25 -45
-27 32
-3 28
1 4
-40 24
45 27
27 -4
11 -44
4 17
44 29
29 39
12 39
-35 -28
-33 -47
25 -37
49 49
-20 -29
-34 -6
5 -37
35 38
-4 45
38 34
36 0
-34 -34
-24 -30
24 -13
24 -1
-4 -36
-37 -41
-18 -32
9 -40
-15 -24
30 30
8 34
3 9
35 -24
7 -16
-10 27
-21 -15
-8 -40
28 -6
15 -2
-25 34
-25 -48
-35 35
-6 13
2 5
-26 -11
41 -15
39 -32
30 25
5 -27
35 -45
35 41
-3 0
31 -12
14 -19
-15 1
-9 -8
-20 39
-46 39
-7 8
-11 -36
9 -45
-44 -24
-34 -12
28 -29
38 -48
-46 -14
7 -7
-25 -43
-10 -29
-35 -46
36 44
2 -6
42 14
31 -29
-21 40
-1 49
6 -43
-26 -48
-5 -46
-41 -10
31 5
21 -49
46 -15
29 42
30 27
24 42
18 25
35 -19
-12 -22
41 -1
41 42
-32 1
-35 -10
-46 0
-12 -4
37 12
35 16
-27 49
36 -46
35 48
12 32
18 -15
28 -35
14 -21
38 30
3 -3
-47 -5
16 -21
-37 -25
32 11
43 49
4 -18
30 5
9 -9
-28 31
-35 30
39 -7
34 45
-32 0
-10 -13
-46 -16
-10 -9
0 -48
-37 -18
-25 5
-25 -31
6 12
8 8
19 7
43 16
43 31
-38 -4
40 -48
33 -23
4 9
-12 -4
-14 -7
10 49
31 -10
-46 -2
8 9
-49 -45
-5 25
24 46
-48 -34
41 44
-49 -34
38 5
-30 19
-8 -20
-25 49
-8 23
-32 21
37 -17
32 -10
21 -23
-25 44
28 -4
-37 -19
-7 -3
-29 -42
14 35
42 -19
-3 18
40 31
-45 17
-8 32
38 -13
22 24
43 -25
29 30
-30 20
-24 13
4 16
-25 -43
-19 36
-14 43
13 -11
-23 21
-31 41
-25 17
28 28
1 15
-48 -15
-4 -42
-31 43
10 23
-18 14
23 5
-49 35
19 -28
-22 -31
-29 37
-32 -43
10 25
-6 18
-16 17
-8 -17
42 25
-11 20
18 18
17 14
-20 -44
-49 -37
-19 -35
-17 -32
37 -29
4 3
-16 5
34 -5
13 27
12 36
-29 4
27 -45
45 1
20 36
-10 0
-27 35
29 -26
42 -30
22 -19
-32 -29
-21 29
-41 -40
17 -9
-16 21
2 6
-15 -37
-39 39
-9 22
-49 -36
33 -15
-12 -20
41 0
45 -23
-25 29
35 6
43 0
-15 -11
-28 -9
-29 -38
0 19
8 44
38 1
-47 -48
-11 -4
-47 10
-46 9
4 34
16 6
25 -47
27 -47
25 1
-34 4
-5 9
3 41
44 -19
10 -49
-36 17
39 -20
-3 44
-3 -41
-31 40
3 -28
7 -33
-21 40
36 18
-23 8
-32 -7
-12 26
-21 -40
-43 21
-35 10
49 0
12 8
-11 -46
4 22
-9 -49
34 -9
-25 -15
18 -26
5 -22
-13 8
-48 0
-38 -24
-47 -48
-7 16
13 11
30 27
27 40
-48 45
37 45
-31 46
15 -33
22 14
32 -23
32 29
18 16
27 -37
16 -40
33 22
21 -38
-39 6
4 -11
-12 -21
42 35
-7 -31
43 2
22 12
-38 -25
-14 -30
43 -12
43 -6
48 34
-24 -35
-15 -32
45 29
22 27
-17 -47
-6 -17
21 49
8 48
47 13
30 -21
17 -40
-14 -26
27 44
24 -20
10 -49
33 -32
-30 -15
43 5
36 -16
23 18
-36 -34
-4 49
-14 -37
12 -11
46 31
-8 45
25 -7
41 -35
-4 0
22 -20
40 -30
28 18
39 -40
20 19
-6 49
28 40
-25 47
14 -23
42 3
-7 -16
-27 21
7 27
-32 43
42 48
2 35
15 43
-2 -11
-45 -13
9 -4
-39 23
37 -6
6 -2
29 26
9 11
41 -34
41 -32
23 0
-8 -43
-29 46
48 -45
-32 -5
39 47
38 25
-37 20
25 -11
38 17
42 20
38 -19
-4 9
-17 11
12 25
43 3
3 -16
-37 -39
40 43
-21 -12
-12 -26
41 0
-25 15
29 5
3 -16
-9 34
-23 40
-10 -23
23 -28
-6 26
-8 42
20 21
32 11
38 -26
-27 13
45 2
31 -24
-44 -9
-49 -30
-27 -35
2 43
-26 13
-35 -34
9 11
4 -41
1 -4
-36 -25
21 -4
-12 -26
-40 -37
-28 27
16 8
-42 -28
4 44
-37 -39
-7 -8
31 -44
44 -6
-16 21
-43 4
-47 20
26 -19
40 37
18 28
-35 -17
30 -5
14 27
4 -14
-38 6
28 18
-14 33
43 4
-30 -46
-23 39
-22 -7
47 -38
9 -28
40 14
-46 -32
44 -24
-37 -39
-4 17
22 31
-28 42
41 7
36 19
37 44
26 31
17 -26
-16 -16
-2 -14
28 -13
-22 -33
-17 -17
-21 26
44 -13
3 48
32 -33
-31 -39
-27 -15
-6 37
-17 36
-34 16
0 12
-24 25
-15 0
-32 25
-23 14
-21 18
-2 23
-17 22
-43 -25
-34 -47
-28 3
2 -3
13 20
32 -37
-32 12
48 29
32 29
39 0
-14 0
-20 -28
23 -21
31 20
0 -42
-4 -42
17 8
46 1
44 -27
6 -40
38 -19
34 45
-31 34
41 26
-38 -32
32 -13
-14 -42
2 -44
2 -3
-38 9
-32 38
8 1
-8 30
-46 37
-47 -15
-23 12
39 -31
7 -31
-11 45
29 -47
-6 -9
48 34
12 48
30 -46
24 -21
32 46
48 34
-3 -10
27 4
14 32
-35 27
20 -10
-3 40
-15 -26
34 -13
11 15
13 49
34 22
-19 29
44 -26
-22 -28
1 27
7 27
-35 47
38 -22
16 22
36 -1
-9 -45
35 -3
43 40
18 -38
16 -31
38 15
-16 -39
-25 30
5 -23
47 14
2 10
-12 41
19 36
5 -20
-29 -24
-42 -35
34 -26
14 11
49 -26
-12 29
31 25
-27 30
-30 18
-44 -23
-30 13
-29 30
-47 -22
0 -1
-29 28
10 38
-4 -24
20 46
-23 27
40 -15
28 24
-29 18
-33 -8
10 -6
-11 -23
-3 35
30 -1
3 36
-19 13
37 -8
48 4
-13 23
35 40
17 27
20 34
-2 10
-43 41
-38 -35
34 27
49 -38
38 0
39 -10
-18 -5
26 -19
-8 18
19 -8
-46 -24
5 13
-5 -37
-38 -11
-22 6
15 -17
-16 33
15 -20
-32 33
32 -15
22 45
-19 31
14 33
-35 5
40 35
47 -25
30 33
-24 -4
3 -36
33 -36
18 31
-47 14
-28 -32
-18 40
44 -39
17 -37
-31 -21
-23 -14
27 -41
37 36
42 11
1 -28
-39 22
-23 -25
1 -6
49 29
-44 -26
7 -7
-28 -10
-49 3
-41 46
-29 20
-15 31
-21 -43
-29 -11
32 -10
3 -23
-47 -49
-10 39
12 23
-43 38
-40 10
43 6
-42 49
11 -32
32 46
-5 -24
-21 20
29 -20
-11 -3
12 13
4 11
-20 -45
3 14
-27 -47
-6 49
-1 -39
-33 13
11 -36
15 -36
18 -36
-37 33
43 -35
0 -12
19 38
48 7
27 7
0 44
-43 -5
49 35
45 -47
40 -12
-17 -37
-25 -11
12 20
23 -15
-36 27
20 4
36 -27
24 -29
48 -3
41 -41
18 -26
5 8
-44 28
-26 1
24 29
12 18
-19 -22
-44 9
2 0
-43 -18
27 17
-7 -8
5 39
-26 20
40 -42
28 33
48 9
20 16
-32 -49
-45 -2
27 -38
-32 14
-12 -22
-49 -10
48 -2
-36 19
0 45
40 -42
-35 43
8 -5
26 24
8 3
16 -1
-40 9
8 31
12 8
19 46
37 4
-31 20
-14 8
-47 39
28 -40
-7 45
6 -34
25 -12
-16 -7
42 -1
-1 22
41 29
-28 22
0 44
-28 43
-11 48
37 -31
14 7
20 -26
6 -39
-44 -20
-9 -29
40 -37
25 11
6 6
-43 3
41 49
-16 35
-6 -33
-20 26
46 -4
40 -34
-9 -42
30 -26
17 6
-29 8
-19 28
15 11
-45 2
-4 25
31 7
17 39
44 -4
-18 -38
20 46
29 -40
-39 10
23 34
-11 37
-44 0
38 -49
-20 -23
8 -1
22 42
-7 -21
36 -26
-17 45
33 -43
31 -6
20 -41
7 -7
32 -22
-16 0
-27 -48
-29 -45
-9 -40
-33 3
-32 -49
-25 27
21 -8
41 -3
36 14
-9 -13
-30 -40
28 -3
21 -3
-9 28
-43 0
-2 -42
-16 19
26 30
-29 -29
-49 -22
22 -4
30 18
14 34
-49 -41
0 37
-39 -35
-26 31
-26 -1
-38 9
38 -46
-37 -11
-14 24
12 21
28 -18
47 -7
-24 -13
-31 -42
-46 -4
-25 14
-10 -17
9 -4
-30 -35
30 -13
48 -18
10 -37
25 -43
29 32
45 -44
-7 20
-14 -37
4 36
-41 47
-36 -8
-11 -27
31 -8
21 40
16 -32
-19 24
31 43
37 -13
-2 41
29 -45
18 -49
31 29
-13 -20
23 31
-8 6
-29 24
32 18
4 -39
-4 4
6 23
38 39
-15 -25
-21 31
10 10
6 -30
-42 -46
-49 28
17 -23
-40 13
-7 47
-4 -37
-16 -20
18 2
-17 -17
0 -26
27 36
6 20
-28 -18
10 11
30 28
-14 -46
-7 35
13 -24
-13 25
-30 -40
-5 -12
18 7
36 -40
-35 -43
27 31
-27 17
46 5
18 -24
19 42
-48 33
-10 37
-4 45
-29 -27
-2 4
43 -13
0 -23
39 -11
-1 1
35 7
11 -29
4 41
25 -4
-23 25
23 -11
14 -21
-15 4
-37 33
-31 38
-24 -39
45 41
-40 -43
-4 -32
24 20
44 3
-26 -5
33 -31
-1 -12
-19 -16
-16 21
35 43
-6 -23
-40 -1
-4 1
4 -20
-33 -15
40 -40
32 37
45 26
41 -28
-2 32
-24 -22
-14 -16
4 12
8 -34
19 42
-34 39
9 37
9 -23
11 43
-13 16
26 5
7 31
-21 -1
-26 16
4 -24
23 -45
-29 -15
-13 -31
35 -28
-1 -48
-30 -28
-18 25
26 -40
7 41
42 18
19 -39
32 -30
-48 18
44 -49
-35 -38
7 48
21 1
-15 28
20 17
-39 13
-44 27
27 -30
-4 -41
36 45
38 10
-9 19
-1 -18
-39 -48
6 -26
49 48
8 -26
1 -36
-36 6
-35 30
-34 26
-34 -23
18 22
2 42
-30 -8
4 34
4 22
9 -32
-1 20
3 9
25 -24
48 17
-24 0
3 36
-42 -34
23 -8
48 -27
39 11
2 2
44 26
-44 -14
29 -46
42 -41
13 33
-8 37
25 -23
-21 -16
24 10
11 -2
22 -48
37 33
10 -34
22 11
-11 38
-30 -4
-4 7
-49 39
44 1
-17 -4
10 -13
-12 -27
30 -27
-6 25
-3 -17
-38 26
18 1
-27 29
6 -23
-30 16
-33 11
22 29
-35 -40
-17 -41
32 -43
19 -17
-41 -38
0 42
-33 41
4 1
-33 -7
16 -21
-20 -43
6 -18
45 47
33 27
44 27
24 7
36 12
25 34
-35 4
12 40
-45 -39
39 -46
45 12
39 16
-19 35
-13 24
30 -44
22 -11
-39 -37
-32 28
-12 46
45 0
-9 38
24 -43
-27 -5
13 -8
36 -29
23 46
-6 -12
24 37
16 -9
-2 -17
-40 28
28 6
-46 49
17 -43
-22 39
24 -28
-41 -31
-34 49
40 22
16 8
19 12
25 -36
26 -46
15 -19
4 4
13 22
-26 39
-27 -33
-6 -9
23 31
37 -31
-26 11
0 36
-46 32
22 35
32 -10
-46 12
34 35
44 19
-45 10
-41 -12
-16 -13
-17 -48
-22 12
33 -46
48 3
2 -18
-11 19
2 39
25 6
-17 -38
-11 -37
8 -4
-47 5
-37 -19
-44 -19
48 45
16 35
0 22
8 -38
-39 -47
34 41
2 40
-2 -7
13 31
-15 -37
-34 -30
-42 8
-19 10
3 -32
-47 2
4 -14
-16 34
-25 24
-24 23
-42 -2
-38 33
-24 29
-28 -30
30 44
-13 36
-40 18
-9 43
5 16
24 -22
-19 30
21 33
-5 46
32 32
0 0
48 -16
-42 -18
26 -18
28 2
-10 27
9 -45
-38 -10
-10 -18
-36 -2
-33 -45
14 -43
7 16
10 47
-13 18
-42 47
-44 22
31 -44
20 -8
-40 -45
34 -4
38 12
-25 35
-33 4
35 28
26 -1
44 -23
27 42
33 -28
15 -3
-17 20
-16 45
8 18
10 10
0 -13
34 43
-22 29
-9 -16
21 29
44 -39
13 23
20 26
40 44
47 -7
48 11
38 6
39 -4
-15 0
14 46
-20 -42
-20 -3
-40 -43
-36 6
22 9
-25 25
4 18
-46 48
-20 -45
0 -18
5 -30
21 -11
-37 -14
-2 -6
0 -31
-49 1
-7 -15
-15 31
-27 28
17 48
47 45
-20 7
1 -36
-11 -34
49 -46
-10 49
31 10
-29 -20
47 -39
38 -25
-25 3
-44 35
46 30
24 27
-32 -48
20 46
-21 33
23 25
35 -31
-40 4
27 26
-3 45
40 30
-49 8
-42 42
-33 47
20 -28
6 4
-15 -26
49 2
34 38
-41 38
15 23
-21 -16
-21 -16
-46 -32
35 -39
-41 33
41 37
-28 -16
6 11
14 23
9 9
15 46
27 -43
41 -46
34 6
1 21
-42 26
-27 -31
29 -47
-39 -27
7 10
8 -6
-29 -17
39 -33
34 26
-23 -2
-13 6
49 -27
25 24
28 -38
-9 -17
6 -29
36 -10
-18 -9
-10 -45
-36 8
7 3
-48 -4
45 27
22 -36
5 -29
-34 -38
6 -3
-18 -5
45 -7
22 38
15 40
49 0
-21 -9
48 -47
-37 -32
42 23
-23 -28
-31 6
-43 49
40 43
33 1
-8 29
5 -3
-41 -25
-31 47
-21 -14
49 -38
-26 45
-5 -29
29 45
-15 -42
12 33
-4 5
39 10
-32 -47
-17 -21
26 -49
-24 1
-15 -45
3 -7
23 -44
-13 -17
39 14
-26 -41
-13 -24
-36 -26
-23 0
-17 -39
-19 36
-6 -36
-49 22
47 11
-33 27
-29 42
25 27
33 -48
43 14
-17 5
26 -34
-3 42
-11 37
-36 -10
16 8
42 -9
1 42
-17 -32
-49 -7
11 46
2 -40
29 -9
31 -14
11 -6
44 16
-10 -40
-26 16
-31 9
25 -29
38 -25
47 14
-31 -38
21 -19
-11 -25
-41 43
16 -31
-18 -46
-20 -9
-9 37
14 -47
29 44
-23 49
7 -41
-48 -46
-2 -2
35 26
1 45
-35 -28
-32 39
41 12
29 25
-10 -16
-11 -16
30 48
-33 -13
32 27
20 -9
48 -38
-9 -41
21 -42
-3 -3
10 -17
-47 49
12 17
19 24
-25 31
6 1
-20 -14
28 4
7 18
11 5
-7 -23
13 -3
-42 -16
15 -28
-29 23
40 -19
24 -36
-8 26
-30 -47
32 -42
-4 -12
-11 21
28 47
22 -13
9 7
8 42
2 46
-42 27
46 36
29 -34
36 26
32 -6
-42 46
32 1
-34 -23
-22 17
-7 38
6 17
-40 40
28 -22
-13 9
33 47
28 13
-39 -40
3 47
-23 -6
-44 -5
-49 36
-44 -45
35 10
47 38
7 -14
-44 -26
34 28
-6 -24
-4 -7
49 -40
43 21
-13 -36
19 3
-43 30
-32 -35
44 10
-44 15
3 -17
-38 19
34 -18
-48 33
27 -38
23 41
-10 -33
34 24
1 21
-4 0
-32 -16
-23 43
-15 3
-18 -38
-2 44
31 19
12 37
46 -41
2 -3
34 28
-18 29
-43 -33
12 26
15 -17
-5 -10
-17 -43
-11 -8
-2 9
-45 28
-18 -26
20 7
45 17
43 12
7 -4
-2 12
14 -38
19 -36
37 34
23 -16
-2 -47
9 26
1 20
-43 -20
-23 -32
-15 -29
-39 -47
-14 29
32 -17
-48 -21
-33 17
-33 4
-44 4
0 32
-6 16
-4 22
-28 -16
-33 17
37 42
-27 -12
-30 42
32 -7
14 0
2 -35
8 46
-46 5
2 -46
20 27
18 -7
-16 44
12 -29
-44 48
36 3
-46 -45
-16 -34
-45 4
47 -43
10 -34
37 -27
29 20
7 -32
23 8
31 10
16 -16
-21 28
14 19
0 12
49 -14
0 -45
-15 42
-21 26
-21 -11
-26 0
19 6
42 20
0 14
38 34
9 16
5 41
-28 0
-34 13
18 -11
-38 15
34 -11
0 -44
-19 33
-30 -9
-43 17
15 24
14 46
5 44
-28 48
-20 -7
-17 -33
40 32
-9 46
38 5
27 25
13 29
-7 -15
-46 -14
-23 -18
3 -3
31 -41
-32 -37
-7 13
38 -19
13 19
-16 -11
0 27
-30 21
35 -35
-29 -4
29 -4
11 27
-23 43
32 4
-46 28
43 38
0 -31
11 -31
4 -48
-14 7
3 42
15 48
5 40
17 36
1 33
-29 21
49 29
16 -22
-28 -31
-39 -18
-5 8
4 -29
-36 20
-4 -8
-6 -43
39 -18
-43 10
13 -22
44 -8
5 -38
33 -47
25 -11
40 29
-30 39
-12 9
40 -37
-31 -16
19 30
-9 44
37 -37
-40 41
-5 -3
-19 -29
-20 -16
7 5
-23 26
-45 -46
-31 34
19 -9
5 -11
-23 12
-2 -45
35 -3
29 -6
26 6
-42 18
44 22
10 -30
-42 28
-14 27
5 -32
49 23
33 36
-30 5
9 -45
-13 -42
-27 -22
-41 41
-25 -39
-2 -47
7 3
31 42
49 36
13 43
39 -19
9 -1
-43 -32
-6 45
-37 27
-45 -34
20 -12
-44 11
-42 -42
49 16
49 -41
-48 19
9 -9
-29 33
-33 -22
12 28
-13 -35
4 11
8 -32
29 -45
-29 -31
48 20
45 -22
25 44
-46 -28
15 49
-17 -17
39 -48
24 22
29 0
48 -39
49 -42
12 40
-24 34
-13 1
-37 -30
-41 24
42 -14
-9 -35
-16 -1
37 48
-23 -31
-36 -12
32 8
-47 34
34 -23
-8 11
-33 -28
-31 0
-2 36
-43 -8
28 -17
-40 21
-13 -46
22 -11
25 14
-15 -6
-3 -23
-17 -26
27 25
27 33
38 -29
-49 -20
2 26
43 -17
48 -35
20 -6
-29 -3
18 5
5 10
44 -31
16 0
32 -22
-16 -11
-12 -3
-8 16
-37 26
2 28
-22 -21
17 29
-5 46
-27 40
41 -30
48 -2
10 30
47 -37
-2 0
-29 25
-29 -39
13 -9
-35 -2
28 8
24 -35
-2 29
-15 45
31 -2
2 36
-34 -14
-21 -19
-43 36
-31 -34
42 -9
-15 -12
-41 49
-38 25
-19 27
41 -39
-33 -16
30 19
39 3
28 35
3 41
43 -7
-13 -25
-34 5
-17 -49
47 33
4 35
22 -10
47 -37
-22 49
-32 20
26 -1
-30 -32
-32 -19
41 -23
30 31
20 -25
2 -22
-5 6
-3 -9
-19 2
6 -30
39 0
18 -1
-47 -40
-32 -3
49 -2
-40 -43
-18 24
44 -23
-5 36
6 -14
20 46
-6 33
9 3
-46 14
-25 41
20 8
0 -17
-33 38
21 36
-48 32
15 -42
-3 46
-9 -10
-38 26
-28 28
35 -21
40 5
16 -38
0 38
42 -13
-12 1
14 -3
39 28
-23 -1
47 11
31 -33
14 -40
14 4
14 21
8 8
-38 -25
46 13
-14 -23
38 22
-6 -13
-31 -36
-12 8
23 20
16 19
22 -24
-5 -28
34 21
34 34
43 -27
20 -23
-13 -36
18 12
29 28
22 -24
-9 -30
12 -7
29 0
-27 26
-23 -21
5 -28
21 -45
-35 43
-16 19
0 19
26 6
-40 15
-44 14
47 -30
-24 34
4 40
4 3
35 -23
31 14
-32 18
8 -43
40 -32
30 11
-26 -8
-20 7
-8 23
-2 10
36 28
8 14
7 -47
39 -24
14 -6
-40 47
-12 -42
35 -16
-48 42
-7 43
-13 18
-27 36
-35 41
25 -11
2 13
-13 -10
-5 -7
-35 22
38 -33
26 25
37 21
-34 -43
43 3
28 -37
11 -38
2 -33
27 38
-11 -12
36 19
-36 0
4 25
-40 38
33 42
-2 0
23 -38
6 -4
-45 -11
-35 44
-25 4
14 35
18 -15
-4 -47
-13 -49
12 -36
8 33
43 -3
-47 3
-35 44
46 -20
-24 32
-37 -3
-47 -24
-35 -34
-41 38
2 -28
36 -22
30 35
22 10
-32 23
-29 10
-3 -39
8 -28
8 -40
22 21
-13 -4
40 -18
-19 35
1 -4
30 -6
-33 -42
-13 -33
16 -44
17 39
-35 44
23 22
9 41
27 -23
20 -2
-15 -36
28 -31
-44 29
3 -46
-42 -34
44 16
-49 -31
-1 18
38 44
30 43
17 42
-9 -10
-48 -8
43 -5
-31 -3
-7 -6
23 -46
-15 48
19 42
-36 2
-17 38
39 45
-49 43
-35 -34
-43 35
-1 -25
7 45
44 -27
3 -39
30 4
-12 48
-40 16
-4 -26
-40 1
44 19
-41 47
35 43
47 -27
10 -28
-3 24
-12 39
4 3
11 -24
-48 -4
36 -27
-23 4
35 -27
-33 -21
19 35
-34 -26
-32 0
37 27
-8 -3
-3 30
5 -41
7 -20
12 -48
43 3
24 -25
-43 47
-22 46
-43 -45
-44 39
-10 -9
17 6
-31 -26
-19 32
-42 -32
-49 -40
-28 -7
-22 -49
-29 -18
-40 14
-14 -7
-35 11
-15 42
13 -49
-33 -8
13 -4
-28 23
-18 23
19 -41
46 44
3 -17
-6 -13
24 -20
34 41
15 -25
37 -9
-24 -31
-49 28
20 -22
12 13
-1 4
-39 39
-10 8
-20 25
10 39
40 -46
40 -1
-37 -11
14 0
-34 6
-33 -48
1 -36
47 -13
5 0
23 17
-32 -45
42 38
14 15
-49 47
-25 18
-43 12
14 -6
-18 0
-35 28
-32 14
-7 -37
-10 33
36 -39
-26 -48
-20 29
-38 9
-42 36
12 16
-33 34
0 -44
-24 -34
0 21
-17 -38
-13 0
1 42
-29 24
36 -47
-28 -24
-31 3
29 37
6 -42
-29 13
49 49
-7 -3
17 22
-29 31
10 -7
-49 33
40 4
-12 49
30 -21
-23 -13
16 -46
28 -9
1 -14
-10 34
-20 7
35 -32
6 17
16 43
34 -9
39 46
26 31
29 -48
2 15
31 46
37 -34
-49 48
-33 11
28 12
-17 -33
49 16
-49 49
9 -28
37 26
-31 30
31 34
30 -37
12 -21
-38 45
-31 -36
-45 -7
44 10
25 17
-13 -1
48 -33
-19 1
-36 38
-38 -8
37 -2
-36 -16
6 -30
-16 -49
19 -27
49 -15
-21 8
8 46
-20 -36
40 15
-3 45
9 0
-47 -18
5 -10
21 -46
-7 -7
24 24
6 -6
12 -44
-42 -11
-16 -28
-17 -35
49 43
-15 -29
39 9
38 18
28 42
