15 43
35 33
48 41
-43 45
-17 -22
-39 3
27 -34
18 1
-37 -23
23 44
-13 41
-45 24
-39 -15
38 28
-3 31
1 27
-29 17
45 -3
29 -29
7 13
13 -35
34 -12
-42 32
-40 -6
22 42
-37 0
-41 16
4 35
21 -36
33 25
-19 -37
-3 41
-34 -10
-43 9
-32 48
45 -11
-43 -14
11 31
46 31
-33 -23
-38 0
-10 8
28 28
-48 47
-31 18
-25 -31
-21 45
-3 -1
-18 -12
-9 40
-48 11
-27 -16
37 -1
41 -31
-1 -23
22 -27
-20 -35
-1 34
-1 -38
10 40
40 -38
22 -48
-43 -5
-25 -27
5 -16
29 -27
-8 -49
32 21
-31 43
31 7
-15 -7
-28 -36
0 42
9 -39
-25 -19
4 24
-29 -46
2 13
22 -24
-31 -29
33 9
25 39
-31 -9
16 0
40 2
40 4
-29 36
9 -28
28 8
44 -7
-18 -22
26 -46
34 14
-35 -23
14 -5
35 -15
10 13
47 0
8 8
-4 -30
34 -25
1 -41
-26 34
-3 -23
-41 20
33 -11
-5 48
40 -21
31 -28
-35 2
22 -5
22 -33
-18 22
42 26
-21 -29
-22 44
-35 -23
-25 41
40 -42
-7 -45
-13 -48
40 13
4 -6
-6 8
-20 15
-21 -21
29 -4
-31 33
-19 42
30 20
14 -8
-10 33
38 -24
9 37
-42 10
23 40
-40 47
20 17
3 37
-34 13
49 0
34 34
-21 40
32 -12
34 -18
18 -44
-33 21
-19 -5
-47 35
-47 24
-25 -49
-34 20
44 14
-6 39
-5 -12
38 41
15 49
-24 -31
-33 -11
39 -27
2 -6
44 46
-24 -37
-39 24
0 3
-36 -34
-37 33
-35 39
28 22
-47 41
31 -1
-14 -39
26 3
40 14
-38 7
-40 47
25 -47
37 38
-28 1
49 -41
14 2
-36 37
-3 -22
-35 45
31 45
-10 -43
-24 -20
-4 32
17 -20
-23 28
44 16
7 -10
17 46
15 23
-4 -26
-34 9
36 -31
10 -25
-42 -37
-19 -49
-37 18
-48 -27
-13 14
15 8
29 -32
-25 -6
-21 34
-31 18
-28 0
-1 -13
-47 -47
25 19
-3 -3
-7 44
-36 44
-19 21
-19 18
16 35
30 16
19 45
-37 39
26 -40
0 -34
44 49
-9 22
47 -34
-19 -43
-16 48
34 23
-48 44
24 0
-1 -9
-3 -22
-2 -22
19 -2
2 -44
-42 -4
12 2
37 0
37 -31
47 -23
35 -49
-45 -9
-18 -24
40 27
33 27
23 -7
-24 -2
-7 15
-28 -28
-29 -29
0 -29
-8 24
10 13
-45 -48
44 34
-30 -20
35 -3
6 7
35 35
12 -43
-43 46
19 -26
20 -48
-32 -1
36 14
-7 -25
32 41
8 -3
28 3
16 7
-16 4
43 17
34 -36
-25 -4
38 -22
-45 -17
9 31
-17 -10
-1 20
6 24
-17 27
-2 22
-23 -40
-25 -20
-31 43
-16 15
44 -15
-46 0
-19 -9
-20 -13
-3 42
-15 -22
-22 -15
42 34
45 44
-19 29
3 -15
40 -21
-44 -5
45 -22
8 21
27 -18
-33 9
35 26
43 -21
23 0
-19 -25
-23 18
-15 2
-26 15
3 -24
-38 24
20 -29
-25 -44
-39 -27
-20 -4
12 33
-24 10
36 38
-37 -16
9 15
9 1
13 -45
27 13
-30 30
0 45
-15 38
-26 -44
37 -41
41 40
-6 -33
-41 32
-31 -10
-21 -46
15 -13
-49 -30
-5 11
-3 -14
-29 -47
41 -45
-19 28
20 -37
-39 25
-39 -18
17 16
-15 46
40 17
39 -5
42 49
1 -4
-13 -26
-4 35
-12 -30
-31 -1
18 14
48 -4
1 -27
-27 -28
-27 2
-16 -8
-8 30
-19 -18
-39 -21
34 34
-31 -12
44 -44
36 -1
29 -35
14 -21
36 -33
-34 -29
42 -42
-5 -21
2 14
-26 -45
41 33
-18 -32
3 -43
7 -13
10 20
-42 -27
-18 22
48 46
2 -39
31 25
-39 -39
47 -35
46 -47
-23 49
-21 -33
-12 44
15 -25
-44 49
12 0
-24 -43
18 23
29 -16
30 8
32 7
-5 -26
42 42
0 -15
32 10
2 38
11 47
18 46
-2 5
40 -14
8 -43
-39 18
-34 1
44 33
-21 41
46 29
-23 34
46 47
33 -30
-14 -13
-45 -19
-16 -1
40 -6
42 -29
-36 -46
1 49
-35 -37
31 -36
-19 -23
-14 0
49 -25
37 14
18 16
17 -10
46 47
21 -1
-33 8
37 40
21 -8
-41 11
-47 24
-45 -2
5 -16
3 33
46 -48
-46 -1
-42 -2
7 32
48 -22
-29 -32
-34 39
5 -7
25 20
45 26
5 -26
-40 -2
8 40
-29 -35
22 -41
34 0
-45 2
0 16
15 27
27 49
35 8
-20 31
37 -36
-18 -25
0 0
18 26
34 -26
-37 30
36 -3
10 -23
-1 -42
-28 -45
31 35
-29 -24
-1 18
21 11
-25 14
-37 -40
5 -29
10 -6
-2 -38
7 -4
-38 29
-42 25
19 -23
14 -42
10 4
-11 -12
30 28
-17 -36
23 19
-9 48
-33 -8
41 31
-14 24
-28 -21
25 -37
43 -23
-1 0
-8 -15
49 -10
30 -33
-44 39
-49 -17
-42 1
23 9
-32 -36
-48 5
14 28
23 23
46 31
-16 0
-28 37
4 26
-10 20
-30 -13
-2 35
-47 -47
6 -10
-5 47
8 16
-18 -35
-7 -23
8 0
-46 33
8 28
36 -28
-42 -36
8 -48
0 -27
10 -34
-11 6
-2 -5
-3 41
-6 -20
45 -43
42 -11
-6 24
13 12
40 0
-3 -15
27 7
14 -30
-33 10
28 -14
-8 -13
-15 -41
-7 -41
-37 36
-4 43
1 -39
-47 31
-25 40
28 -35
-21 16
23 35
12 5
-5 -44
25 -10
47 -35
0 42
27 -8
36 -11
48 -32
18 -35
17 -9
2 -38
46 38
-5 -34
-16 8
-18 7
-29 22
27 -29
-5 3
-17 46
24 -9
46 -18
12 -15
-37 -43
-42 -43
-28 -22
14 -10
9 -29
30 13
12 26
13 19
-6 -8
0 22
48 24
-11 33
-6 -46
-41 -16
-42 -25
-9 -4
26 -46
-19 -27
-7 -41
-8 13
-44 39
-11 12
28 -26
-15 11
27 -7
29 24
14 40
49 32
-10 -17
16 -22
14 -12
-34 -39
-15 -41
-4 22
32 -13
3 4
-7 12
26 -17
24 -8
45 -7
17 21
-7 49
-28 -10
19 -41
3 -37
-22 -13
-44 -12
37 24
27 -42
-24 47
-41 -21
-24 10
26 -19
25 -31
-14 -33
38 29
34 -45
-19 -18
-24 -49
-7 40
-47 -6
-47 -36
49 -18
-32 -26
-37 -6
-2 13
18 -48
47 45
-33 -37
36 30
42 -15
17 37
16 44
11 23
12 26
24 -3
-42 -12
32 -9
6 -35
-31 -18
1 40
-29 31
28 11
48 -29
5 5
-12 -2
43 48
7 -2
30 -37
23 -21
-42 4
-36 -14
-16 36
-33 -13
10 9
18 -4
-13 3
-11 -1
-13 -31
-12 6
24 20
20 42
45 27
-23 -6
-41 49
-11 -44
39 25
11 -28
7 5
-44 -48
-27 -29
2 30
38 35
14 -31
8 -27
-21 -34
16 29
-48 -20
35 20
38 -19
1 10
-38 0
-48 -9
4 27
6 47
-20 22
15 17
-27 2
29 -8
-14 43
-8 -20
-16 9
46 -48
-37 -9
-25 -42
-16 -25
25 20
41 -46
-29 -16
25 -45
-24 44
46 -37
-18 -5
41 -20
-23 1
37 -6
5 40
-13 37
26 1
6 -25
-34 14
25 -34
7 -41
-32 25
8 23
31 24
-30 -20
-35 -24
-42 0
-3 -39
-29 -37
-32 2
1 12
-15 -9
20 24
46 21
49 -36
-16 -38
33 -24
38 11
-7 44
16 -42
-31 21
42 37
42 -7
36 -22
14 -29
8 29
-47 2
14 -9
-29 45
16 13
23 39
-19 49
-1 -29
-48 14
-43 -12
-6 15
-33 49
13 -32
18 30
39 22
5 -40
39 10
14 23
-8 -4
-46 -46
11 48
-16 33
-29 -9
47 9
-30 3
-25 39
1 23
-9 -14
-18 5
-35 23
-47 1
26 -17
9 -28
16 -7
-12 -16
-41 2
-9 -10
-1 17
-6 31
30 -44
20 -2
10 -27
41 17
43 -27
0 30
-14 13
0 12
-32 6
0 -25
-27 36
22 -34
-9 41
22 41
0 -13
-49 45
-7 32
5 -30
-13 28
32 15
-34 -44
-32 -2
-30 -9
34 48
-20 33
-3 -16
19 34
-15 16
-3 -30
42 48
0 28
4 0
-19 10
-49 -26
-5 16
-4 12
25 6
-48 -2
-31 16
-11 23
38 -49
2 -38
-21 -17
-20 34
25 14
38 18
44 20
9 47
-22 14
-33 8
11 40
-37 6
42 -37
37 44
6 -12
-25 25
48 5
-35 -15
48 -19
-1 24
0 39
-36 -22
-30 47
-36 32
-37 -40
47 -7
-43 48
7 39
22 -7
5 -10
10 14
-7 0
-35 0
27 -9
12 45
14 11
24 -31
-28 36
7 48
-20 44
0 17
-12 -28
-37 12
8 -25
23 -8
25 -41
-30 31
-25 41
33 17
16 40
-21 -48
4 -31
11 44
-19 0
-3 -12
-2 -25
44 -5
18 49
-20 25
27 -14
-49 -6
-15 11
11 28
45 34
-24 -32
40 21
44 -5
-6 -20
34 6
-42 -19
31 43
1 7
-25 46
-16 46
-2 31
20 -12
-32 18
30 31
14 7
14 -4
-27 -38
25 -43
-17 -21
27 22
10 -4
28 -40
32 38
-20 37
-41 14
28 -24
0 -24
-29 -24
44 35
-46 37
35 -31
-10 -42
-2 7
-35 -48
-46 32
-34 -20
0 -19
18 -46
35 -25
-5 11
35 -16
17 -46
37 -22
44 -1
15 -43
-20 20
-28 12
16 -30
-42 39
3 -35
46 45
3 -30
38 19
11 18
12 10
-10 -11
25 -31
-23 28
26 38
-20 -39
-23 -49
-6 6
33 -25
44 25
-31 -39
41 -2
40 32
21 5
-14 32
33 -29
20 -49
16 36
-36 28
-38 35
-20 -39
-10 34
-1 -11
-6 42
-38 -13
12 17
-47 14
-34 16
-9 24
48 -14
7 7
-31 41
-35 -30
-16 40
-38 -3
-48 -18
-49 3
-4 15
-30 11
-40 8
-47 -46
-31 13
-43 -10
0 -6
45 -20
-33 -7
-20 31
-4 47
-5 -42
36 49
-7 44
-34 46
12 -40
-8 -13
-40 17
-43 -40
14 -35
5 -41
6 37
-6 -25
-20 23
24 35
15 46
44 -7
27 -15
-42 39
0 -33
5 16
-38 -45
19 21
12 -18
-47 -20
-44 23
27 4
-27 24
18 -24
-37 11
-14 7
19 21
-13 -9
-15 3
-5 1
33 -7
23 40
35 -28
-17 0
-35 -2
-23 -24
-17 7
39 -36
-28 1
4 0
41 19
0 -35
-33 -33
46 18
-33 -36
12 -39
6 19
15 11
-30 7
-22 -39
-21 46
-18 -13
37 -49
-39 -17
-13 2
-6 -21
-43 -42
1 41
3 -46
36 -11
47 -42
-30 14
-17 -24
37 -30
-30 42
-48 -32
20 -16
-46 22
-46 49
-35 -49
16 -28
16 45
-19 5
23 -17
-17 -21
18 46
-8 -5
21 -2
-12 5
48 35
12 -49
-10 8
38 -40
28 24
37 -3
43 20
44 6
4 22
-22 -18
49 0
9 33
-7 1
-3 -11
45 -27
41 -21
-18 -33
-25 14
15 17
-9 -37
45 -46
-27 35
0 -30
41 32
12 44
-4 26
-17 -39
23 16
2 -29
-32 -12
-4 48
17 28
30 35
-21 -13
33 20
-23 -17
17 3
-43 49
-42 -28
-16 4
-21 2
-24 21
38 -8
3 -41
-18 -45
5 7
-23 14
30 10
-26 38
-31 -38
-20 5
10 3
32 33
-47 -38
2 0
-1 24
4 5
-7 23
-28 18
-4 -23
4 41
32 14
48 12
44 -13
8 27
15 -24
10 23
6 22
-22 37
-25 -26
-49 -39
45 -4
-41 -16
18 31
16 20
-35 -43
-20 25
31 8
-48 21
6 39
31 -39
37 35
6 5
1 -9
-15 25
-8 17
31 36
1 -11
5 -2
5 -27
-40 17
-26 -43
-40 -38
16 -48
-39 -22
10 7
18 -11
-47 -31
10 10
-12 -21
8 39
-37 44
7 -26
-4 46
-36 -12
6 18
37 -22
-8 33
-25 37
28 7
-39 10
-23 42
49 -40
-45 1
-19 -1
-12 -31
24 -12
-11 26
11 -20
44 2
-13 41
5 24
-47 49
14 1
-1 -26
-47 16
48 11
-33 -3
48 48
11 -43
-21 24
39 -24
49 9
0 -7
11 -48
36 31
-38 -13
-12 -11
25 26
25 7
32 47
-37 -14
-39 22
15 36
-45 13
-5 -17
-26 -35
14 -18
-5 -39
-40 -16
1 29
18 23
48 6
21 47
-38 26
-28 37
15 47
-7 12
26 -48
-10 -27
9 -23
24 4
-20 -43
-41 9
38 25
-6 39
14 -25
24 -21
28 -10
-25 -17
44 2
-36 49
-36 40
27 27
43 13
-22 25
-21 32
-49 -1
10 -24
-42 11
24 -43
-48 0
-37 -27
22 31
-12 -7
-48 -34
-34 -24
10 19
29 -23
25 -33
-22 -3
-5 8
-6 -23
48 -4
-34 29
31 -13
-14 33
-13 44
0 -39
-15 1
18 37
-43 18
-41 -4
-29 29
-11 13
-38 -37
-4 49
18 39
18 -41
48 5
35 -19
45 23
-6 -46
-39 43
14 -22
-14 -35
-44 27
-17 3
-20 23
28 -34
-48 -34
-6 -30
11 -1
-47 -24
45 -28
-18 -29
38 -7
-44 -34
32 40
-22 42
43 48
25 48
26 -7
20 34
-1 43
1 -48
1 -23
-37 5
-31 -11
5 -25
7 49
-37 38
-22 1
-28 4
-2 -16
43 -26
11 -19
-22 -37
32 -45
3 19
20 -6
-35 0
-46 20
4 21
37 48
5 -20
26 3
-20 -31
20 11
49 -5
20 1
39 -17
-7 -6
-41 38
-43 25
-36 24
31 26
9 -2
40 30
1 -1
45 -19
33 31
-23 -26
31 -47
13 20
8 0
15 24
38 -10
2 -23
26 9
-11 21
23 -43
-29 -8
18 -1
27 42
48 -32
26 -25
-16 2
-20 13
-31 -30
12 -40
-29 -44
-44 12
28 -29
15 -41
6 2
-15 10
7 -16
22 48
-31 -34
45 -29
43 -49
0 -48
45 -39
20 -4
-25 -40
39 -27
26 -38
-27 -12
-23 -34
-2 15
34 -31
46 -23
-17 -28
43 -2
-35 17
-43 12
13 37
-25 25
18 48
-6 41
-36 29
-31 6
30 1
-22 1
5 11
-22 -1
28 24
25 15
17 45
2 38
-14 12
34 -32
-44 -23
-29 -3
42 1
-33 -24
7 -26
30 35
10 -18
10 14
0 -4
33 -15
-8 28
-44 -46
-27 -15
-46 -42
-29 48
-19 -10
5 -7
-24 -35
-39 -23
-25 9
-15 28
-48 8
12 0
18 17
46 45
6 -42
27 -18
1 -10
14 27
31 33
16 -4
-42 -38
30 39
19 -29
1 19
36 48
-44 48
8 19
-31 37
47 -39
-21 29
40 6
-6 42
48 -34
49 16
-25 -26
9 47
-44 -5
-45 -38
-20 -39
-7 44
1 18
-33 5
9 4
-15 -25
-25 22
-34 -5
-49 -41
-29 -13
1 -43
-6 -36
-32 -27
-20 7
-27 -46
-4 -6
2 -21
-8 -49
13 25
-27 19
8 -39
-42 31
48 -8
18 18
7 25
-41 -32
14 -5
-48 30
12 -4
-23 -17
28 5
39 -20
-38 -21
48 -47
3 34
-15 2
32 -2
15 40
-30 -18
21 -2
-46 -10
1 25
-49 4
37 -48
28 -12
-24 23
3 -4
32 19
31 -33
-10 42
9 -22
-47 42
43 6
-11 30
-13 -30
-13 -49
44 -1
36 3
-41 -18
11 -31
-33 8
5 -29
-4 46
0 34
-11 -33
26 -21
16 -17
-40 1
22 -44
-7 49
20 -46
39 -47
12 -1
-39 0
-21 -23
36 -7
-39 -9
1 39
9 -19
-7 -30
41 10
-5 -9
27 29
-49 39
-27 12
-48 5
13 45
22 -5
-45 -13
32 39
-27 19
-25 -2
-4 25
-15 20
-30 -23
-48 3
-19 -47
6 21
-46 32
-18 -30
-42 -6
34 30
2 -19
26 -38
49 -14
-5 -29
-21 -39
-4 29
3 -30
-35 11
-47 33
9 5
-43 10
43 -16
30 46
-5 31
-39 29
24 -24
20 -47
-47 42
-5 47
18 -10
-5 40
15 48
-14 -20
-29 -28
49 -17
2 -5
-17 31
-38 44
-33 -3
19 -4
-39 -31
7 27
15 -20
-15 -36
-27 -14
-21 -9
-21 -17
-40 -10
-44 -26
0 -2
-43 2
18 41
-42 -21
27 41
4 32
0 -14
48 -5
-8 47
7 -9
6 44
40 21
48 34
-18 9
-49 -45
13 12
3 34
-19 -28
-33 -13
23 -46
-20 10
16 13
42 33
-42 -28
43 42
-48 35
27 -18
44 -32
25 -47
3 -7
21 22
38 9
-15 0
-19 46
-30 -16
40 28
10 -44
24 11
-9 -46
20 19
-40 -46
46 24
37 -45
-41 26
-24 -36
-28 13
-44 -6
13 -35
28 36
23 -43
-16 -28
-12 19
-23 26
38 43
29 42
-47 11
-46 -25
-45 -12
-5 -40
47 21
7 26
44 -38
44 46
-35 25
-44 -1
-22 31
43 -31
-9 -29
36 32
24 24
8 9
-36 -11
-27 -5
49 -33
28 -32
-37 46
-32 12
46 -47
-19 30
41 -31
1 -47
17 -49
31 -6
-24 -29
7 -19
1 -44
-9 25
-12 13
41 -36
-7 21
-28 6
48 47
-33 2
18 -32
-30 -19
2 8
20 4
-34 16
-29 7
44 -3
-46 31
-45 19
32 -3
40 39
26 -17
30 -26
16 -35
-12 22
21 8
2 27
-33 -45
42 34
14 -42
49 -43
44 -10
-24 -24
-8 -12
-18 21
-21 -27
6 6
25 24
19 -38
0 31
-37 -49
33 27
42 -15
40 -5
39 -30
-18 -11
-9 45
40 25
-47 -23
27 5
-44 38
-6 -36
47 -36
-13 -24
-24 34
5 48
49 43
-20 6
15 37
-39 20
17 49
3 -44
15 -42
22 32
19 24
18 26
22 4
6 0
28 13
47 -2
43 -40
-2 -7
25 26
41 49
-10 -20
11 41
-48 37
42 25
-8 38
22 1
-48 43
-46 43
17 12
-9 2
-13 -12
2 23
3 -38
-21 -13
14 37
46 31
0 -36
29 -7
-16 -42
-28 29
-9 6
-42 -31
-38 18
-31 -19
4 49
-37 -9
4 39
-8 -22
-11 -15
-30 27
49 -43
43 -43
-38 -2
-33 2
-32 49
29 39
-30 -19
-21 9
24 -11
-23 9
49 48
5 -1
27 -30
21 7
37 -19
18 -49
-37 -40
1 21
-12 -37
-21 -19
44 -41
-3 -23
-10 21
37 -40
31 -40
28 -20
7 -26
25 36
-10 -30
1 -36
-35 18
28 3
-1 -5
27 19
-46 -45
36 29
33 39
3 37
47 15
-18 -41
-33 48
2 -16
44 23
19 -38
-24 -8
10 -20
-35 23
20 -39
-44 -13
18 -37
-24 -42
-33 -16
-43 -4
-46 -49
38 -30
-28 21
7 44
7 40
-21 -39
-18 -21
4 -49
-9 -3
30 39
8 -48
47 -38
30 27
15 29
10 -21
-20 31
-20 -45
41 35
28 34
-44 0
20 4
44 -28
25 -30
36 42
-36 2
5 15
9 20
-1 4
-21 34
8 28
17 30
-10 44
24 3
33 -38
0 -29
-18 49
49 5
-5 45
38 44
4 -9
-34 -1
-41 18
-22 9
-49 32
-44 36
22 -49
-45 -42
-16 27
40 -6
24 -32
-43 39
11 45
11 5
6 -21
-49 13
-21 16
22 -7
-21 -30
-44 -37
9 0
-15 -49
34 2
43 16
-2 7
20 23
14 41
10 -43
20 27
-49 -13
32 9
42 -7
42 40
33 14
4 6
-40 -37
4 28
-12 1
38 -9
26 -34
41 1
-48 -34
-10 -30
-40 34
-33 8
-33 -39
-34 -30
-34 29
5 -1
-8 -40
-33 -26
-14 -14
-17 -46
-17 -3
-25 42
-47 -48
-18 1
-8 -22
22 -20
-43 7
36 -6
-22 4
31 -31
-6 -46
34 -7
23 -46
-32 28
42 -14
17 8
8 22
-17 -47
-8 28
26 -13
-23 28
18 20
3 -23
28 19
4 20
5 -1
0 49
15 -40
-45 46
-21 -16
6 -1
-44 24
-30 -29
-14 44
-29 -6
-44 49
45 -47
-29 -41
-28 -26
-49 18
-20 26
-41 -35
-41 -34
29 -33
1 28
-37 -32
2 -20
-25 -41
12 -16
-8 -32
38 47
-40 -33
-4 31
48 5
42 -36
48 11
-16 -42
21 42
-34 32
-31 39
-13 -27
22 12
13 -43
-25 46
15 28
27 17
-47 -9
14 -29
-39 -5
8 -33
-18 -41
-41 18
4 11
-22 -41
-6 20
-32 1
-18 -2
-21 -35
10 16
-2 -17
21 -5
-9 -22
-6 31
-25 -31
16 -47
32 14
31 -30
-17 6
20 1
-16 -7
-36 12
-43 48
-27 -31
-36 22
9 7
-41 18
-24 18
31 -14
1 27
-5 -28
6 49
-13 -10
27 -29
-5 45
15 48
9 15
49 3
-47 46
48 3
49 0
-45 -23
18 -6
3 30
-44 30
38 45
-20 -46
-4 40
9 25
46 -6
-37 8
6 -15
6 38
1 32
-39 49
21 23
-4 13
21 24
-32 -10
6 26
-41 -30
-19 -43
46 37
-46 2
23 -1
-27 -46
2 -21
7 -3
2 0
-2 30
14 -49
-33 14
18 -7
-47 -8
41 3
-15 -29
-21 -28
25 44
28 2
-49 -43
-29 1
-4 -10
-43 -5
17 -20
14 -33
15 -6
25 49
-14 22
0 17
13 -42
-35 -44
-17 12
-25 -16
32 46
-7 19
-7 24
-28 42
25 36
-6 13
21 27
-4 -33
38 -9
-24 -46
0 -32
2 -16
-30 -16
7 14
-35 42
35 29
-11 17
-16 11
-26 10
19 -25
39 17
38 3
35 41
2 44
-22 -14
18 -4
-31 -12
20 -15
2 -36
-15 49
10 -43
7 22
-7 19
-1 32
-49 4
-18 38
-49 -33
20 -44
-40 -34
-13 45
21 -10
15 -20
26 4
-42 28
31 7
-38 9
37 -38
-49 11
-32 30
-20 -17
-48 8
42 42
2 -25
-47 26
-36 47
9 17
15 36
-2 -42
-49 16
20 -24
-22 -48
0 26
47 -6
17 -48
4 -8
37 36
2 -4
-34 -38
-12 -43
34 4
0 25
-7 41
-42 -14
39 22
-47 16
47 -6
40 -10
18 41
0 -29
-39 -7
16 -38
-5 9
-19 -13
-24 -42
-8 45
-22 0
38 37
-23 -8
28 46
-22 27
-4 29
-47 -46
9 26
-15 -39
12 -41
-39 1
36 14
-44 35
-7 -44
-28 35
-36 17
-41 -44
18 -42
20 14
36 32
37 39
31 -16
5 36
-6 -31
26 27
-24 -20
-16 5
22 45
7 -23
-20 -43
-36 13
9 33
-5 -6
46 -44
16 33
0 33
-3 3
-28 0
24 -26
-25 23
-22 32
6 25
-42 -43
0 15
36 -39
43 -16
36 24
11 8
47 -22
-4 -14
31 -18
43 21
-40 42
-24 13
4 6
-5 37
35 35
20 10
-18 30
21 11
-26 38
5 42
32 41
-28 8
-49 3
44 -9
-21 -46
20 -28
-22 -18
-33 6
-36 -25
-39 -48
-44 21
24 44
-45 42
-42 38
-32 -32
-21 -35
-35 24
-17 -30
-41 14
36 47
6 -5
-29 18
-27 -11
-26 -15
17 28
-26 -16
-38 -23
45 32
28 -10
9 28
-19 22
-25 26
-48 -1
21 43
25 41
-32 16
16 0
-9 29
0 49
0 -36
-19 -33
-10 36
-9 -6
-26 -8
-7 21
46 -15
6 24
31 10
-17 -49
-33 -33
10 -31
-10 37
8 44
37 7
29 -34
7 -13
-13 -2
-1 29
-48 -4
33 6
-26 32
-32 40
20 8
-30 -17
0 -44
46 -44
-2 24
-48 31
48 46
-49 16
-41 -26
41 -32
39 25
31 -42
20 -5
-13 -1
-28 -19
-9 -47
45 0
-33 -4
11 28
3 29
-44 -5
-45 44
-44 40
5 31
37 -8
-33 -42
-12 -33
-6 -28
-49 -37
48 24
9 30
-33 10
-46 28
-36 22
30 -5
-6 -49
9 -33
42 1
28 -11
-13 18
35 -7
30 35
20 -19
19 -11
13 39
39 1
16 23
15 -20
-20 -41
-7 4
30 -10
1 -3
43 -9
6 -4
-21 7
-9 30
18 -1
-38 28
-3 39
-45 22
-34 -39
-44 -49
34 -32
-9 -39
-26 -48
29 35
38 -9
-14 -43
30 -28
20 -1
7 28
48 39
-39 5
-19 49
-13 8
-35 42
33 6
-33 -23
43 -39
-34 -19
-32 47
-25 -34
41 -44
48 -49
-16 -14
3 -6
-7 -25
-18 -16
-22 25
43 -35
-47 -39
-36 -45
33 -18
36 -40
22 27
48 8
-26 -24
-42 27
26 9
32 -28
28 19
5 41
5 -30
-31 44
-17 -37
7 -10
46 17
-26 8
6 19
-25 -15
24 -2
19 -8
2 -11
-40 -3
37 33
34 -38
13 33
10 -39
-42 -34
-45 49
-29 8
19 1
29 6
4 32
-15 10
2 -18
-15 -12
-6 17
11 19
-27 -36
-33 -4
-45 0
29 -41
-20 39
-33 2
-27 -3
27 -40
36 -17
24 47
-37 -8
-17 49
-40 7
-48 29
6 8
-26 -30
-21 43
-35 1
-37 27
-33 3
5 -25
49 -12
-7 8
-35 -28
-36 -11
-7 -27
-20 -36
9 20
14 37
38 8
32 28
-25 13
49 4
-28 -36
-7 -7
-13 0
1 27
36 1
0 2
-28 23
20 38
24 -47
-26 -44
8 -5
23 -6
6 30
17 26
33 34
-23 21
-10 5
-36 15
31 -34
5 14
21 28
-7 0
7 18
36 30
-27 -31
24 30
24 -38
-5 -14
-31 22
47 1
48 -13
25 -46
-43 -14
22 -9
45 0
20 13
19 11
13 47
2 4
-40 -10
-6 -5
-10 -34
-12 -20
-10 -7
22 42
28 -14
-33 -26
14 -46
-33 46
15 1
26 -9
-27 0
-29 37
-9 -32
-6 21
2 26
27 8
25 35
34 -46
42 -44
0 29
9 -38
-20 -37
18 -6
3 -12
-22 -34
7 -39
-5 11
48 39
21 39
-15 -29
7 35
-9 33
-48 22
45 40
13 2
-47 -32
9 3
47 14
-4 16
1 -30
-42 9
-44 30
36 28
6 26
-29 -5
27 12
39 9
6 -2
30 43
5 -26
-46 -3
-45 -18
-7 35
40 46
43 24
31 34
-43 -42
-1 11
2 -11
47 43
-8 49
29 -8
-2 -18
49 20
-27 10
0 18
6 5
32 -42
43 23
14 12
-23 -25
16 -42
3 -44
-19 17
6 20
11 -49
-17 48
-10 -24
-39 -9
19 26
-28 15
22 47
30 8
23 -20
-8 -8
0 16
27 12
-39 23
43 16
33 7
-37 3
0 27
-39 -49
-45 33
-49 -22
45 -16
-45 33
21 47
45 10
-49 5
40 -47
30 41
-20 25
18 22
-38 -13
-15 49
-11 -44
11 6
-40 20
4 32
25 -3
1 -38
-26 -43
-40 42
4 -5
30 -43
37 -17
-17 13
21 21
-25 -23
22 45
-19 13
47 44
14 27
-41 -38
-44 -47
-5 -38
-37 23
2 -45
4 49
-8 -7
6 37
-45 0
49 -16
17 36
-38 -8
45 20
39 -17
0 18
37 18
31 -36
1 39
-40 10
-25 33
-24 -46
44 -43
43 -11
-1 -23
9 -14
36 36
21 -39
-10 26
-6 37
28 -1
-1 -25
-11 4
20 -17
-33 -23
-20 -1
-43 0
40 42
26 21
1 36
-14 0
-1 18
-16 23
0 -8
14 0
-5 -13
-32 21
-12 35
-5 32
39 38
-11 -23
-34 15
20 30
42 12
22 6
-24 8
12 18
-41 42
4 24
-17 18
19 10
-12 19
-47 25
44 -32
-26 35
0 42
28 5
-8 23
22 25
29 6
18 25
49 -27
16 -47
-41 -49
-33 31
-48 24
27 -13
-13 -31
10 9
37 14
24 4
-44 49
6 32
41 31
38 -14
-16 5
27 23
-1 -14
-12 -30
12 1
-20 -43
32 12
39 -38
-18 -9
-23 41
12 -45
44 1
-12 33
-45 -4
-29 -21
-40 -47
-20 38
30 -18
38 21
42 -41
13 -40
21 -35
33 -35
-5 -25
-47 41
-5 20
-1 -9
-26 -11
-5 -11
5 2
-1 -41
18 -29
-34 8
40 41
-1 13
35 17
0 -43
-20 35
-10 19
-45 -4
16 -35
44 -29
47 -42
-38 -17
26 -45
-3 -48
25 -44
36 -29
-31 -44
-7 -41
16 33
-16 -24
46 -21
24 46
49 -23
20 -29
-4 15
-5 49
-8 -39
-41 35
30 -29
5 -23
-28 15
0 -14
28 38
-41 -15
-35 -14
26 37
-34 -14
6 -18
-24 24
-36 4
11 7
-19 0
27 34
37 42
27 -49
7 19
47 35
-42 -12
-45 39
-13 -37
-6 30
3 46
-38 45
-27 -34
-29 -1
-10 -47
4 -23
2 1
27 29
29 -25
14 -18
-40 27
39 -18
42 48
4 0
-36 -37
6 34
-40 -14
-20 -1
16 23
35 -43
24 49
-22 -17
-42 -26
-23 20
1 26
-14 -44
9 -26
29 31
26 28
-5 -24
8 29
-44 41
-23 -12
1 47
46 -37
43 -15
26 -42
-32 24
-11 -18
25 46
38 8
-13 14
26 5
35 38
-10 -13
29 20
-17 -39
-34 -26
24 -12
-43 -29
-16 -13
48 29
21 44
36 -11
-37 -15
-17 -34
-31 44
-8 30
-38 11
-21 27
17 21
-41 -4
32 13
-19 -49
48 -16
-39 -40
-20 22
10 47
-36 -22
-7 15
-27 -8
21 46
2 6
-4 8
29 25
-29 8
31 28
-39 -2
-45 26
35 39
-31 32
-25 -14
-35 -13
48 -12
26 -45
34 -1
-37 -38
14 -24
1 -32
-48 7
19 39
33 20
33 -8
45 19
-19 -19
-44 30
10 -27
1 -14
19 -37
22 -4
9 46
19 1
-16 11
-7 -5
-28 -11
11 -4
25 -40
40 -3
-21 -8
-7 31
-1 -33
-24 30
-36 -39
-12 -22
-33 17
34 40
-26 -19
-40 3
-31 -37
33 -43
-21 15
5 24
6 -31
-19 -42
-23 47
0 -9
-14 -3
-9 -10
-43 43
-28 -1
-2 27
-41 -26
8 32
36 -28
31 -1
-33 19
-7 20
41 33
-29 28
48 28
16 -24
-28 -28
-22 28
25 47
-31 -47
39 -30
11 43
-8 4
13 -46
-46 -47
1 -36
12 -49
-43 49
33 -28
-21 0
-34 -18
12 -22
23 23
-43 19
35 8
-47 19
17 -17
-7 -26
35 6
12 24
-3 -5
-32 -28
39 -37
-23 5
47 -47
-17 -10
15 -2
-18 -48
12 -45
-34 2
23 36
-1 23
-18 15
1 -9
0 46
-11 24
32 -7
-40 -49
49 -21
40 -41
-20 29
-15 19
15 -33
36 33
-3 38
47 -9
-6 -19
3 -44
0 -29
-3 -33
31 38
44 31
29 -44
-48 5
-9 11
-38 -29
-41 -4
13 28
0 -2
18 -47
13 46
10 3
19 24
-12 14
-9 40
-16 34
-39 22
-8 -48
-1 7
-16 10
-14 -18
45 -43
-33 9
39 -12
48 -36
38 26
-9 5
17 21
41 -44
15 24
13 -9
-18 -31
-8 -28
-39 -35
-35 0
19 21
-1 45
-17 -39
-7 -47
5 -48
12 -31
-45 -33
-28 -18
0 -37
-9 -33
-42 -22
-19 -18
19 -5
-1 17
36 -2
-41 -37
20 19
17 -39
-34 -33
6 -3
-14 27
-7 37
-31 17
-19 -15
1 -12
37 -23
-35 6
-4 0
-38 25
-46 9
21 30
39 -28
48 -25
-40 -28
32 27
-37 9
-33 -25
26 35
-46 21
-1 3
33 23
-38 -18
-20 -27
17 27
46 20
-13 -11
21 14
36 42
-8 35
14 16
34 17
21 -15
-40 20
2 8
1 4
-30 -35
-26 20
46 23
-39 -13
47 28
-37 -34
-42 -3
-44 24
18 -45
18 47
-3 -30
30 20
1 -15
28 12
2 -49
-5 -15
37 8
-23 27
11 -5
42 -47
41 -39
44 -13
-38 2
-5 35
-10 -7
-45 -10
35 -7
-1 28
-43 24
-45 -10
-31 -5
6 14
-4 6
13 -4
47 -46
12 35
49 20
-12 -18
-38 -41
21 17
8 15
-16 41
-17 30
-13 -21
-27 -31
15 -26
-4 31
27 43
-24 -17
37 5
0 -21
18 -42
-24 -2
2 -18
34 -22
19 -32
29 -42
-24 -25
44 13
-25 3
-2 -41
-7 -2
43 49
9 -1
-49 -18
-28 21
-45 38
-3 10
-28 -26
-20 29
-40 42
-20 -49
-25 41
35 -35
48 -2
-30 18
-13 -34
9 46
-21 2
43 3
-34 42
25 -31
-28 -7
27 5
44 27
-14 -3
10 26
42 -18
27 27
-14 35
22 25
21 22
-17 -35
-14 33
45 3
-43 13
-3 13
33 34
27 10
18 38
-3 -19
-12 11
-3 -41
-46 20
-45 -17
-34 22
6 7
-31 30
15 36
18 -7
-48 38
38 -23
32 -21
19 0
-16 23
3 -18
-10 -44
-4 20
3 -6
-44 0
42 -27
-44 -36
-12 38
2 28
24 -4
-1 3
-14 8
-14 22
-19 19
-11 -11
-7 -2
-18 8
29 -31
35 -28
-17 21
-4 -24
-25 -11
36 12
-40 28
-38 -40
12 36
36 36
-41 -1
-19 -28
-1 -6
35 45
11 27
-39 28
-15 41
42 24
48 -3
-36 -6
24 -14
-43 -17
8 -33
-48 22
19 18
23 22
-27 -29
-12 -23
-48 47
-8 42
-43 -32
-49 -35
16 41
-15 -15
11 -11
-45 1
-31 -43
43 9
20 4
-18 6
22 -43
13 -44
6 -24
-24 -18
-7 44
-14 2
-30 -29
-42 38
-48 43
6 -40
24 -32
-47 -36
39 24
24 41
19 -31
39 48
-34 -41
35 5
37 0
-28 11
-27 22
33 -46
19 -31
20 -5
-40 19
0 47
-28 2
42 16
-12 -34
-16 -40
25 -6
-20 12
2 -34
20 -28
-22 29
30 -17
-32 -19
-48 9
24 -32
-36 41
-23 -47
4 41
-37 -5
48 40
-20 -49
31 7
39 -13
40 -7
-20 36
-34 -46
44 43
36 38
40 -18
1 -31
-5 -31
-22 20
32 -21
18 -31
-32 29
-5 -40
18 19
15 -30
-46 9
-8 49
32 46
13 43
46 30
22 15
17 -12
46 42
11 22
24 -1
23 41
-44 43
-33 -40
-9 -31
-16 -28
43 -48
-16 -9
-4 -36
12 11
-36 -47
6 29
26 28
0 17
49 11
20 -4
-31 -10
-5 -6
8 -41
30 4
41 -20
2 -11
32 0
34 -38
4 14
35 43
0 -46
-4 0
-40 -18
-10 26
-20 0
-46 -26
29 -6
-46 -1
47 -11
24 -16
-9 0
46 -21
-6 42
-20 15
-21 -9
-39 21
-38 -44
3 9
7 9
-44 19
-40 -21
-21 -20
-35 -33
9 -22
41 24
36 -32
-28 29
45 46
23 -49
-26 -5
22 17
-11 -2
7 0
28 -46
-47 33
5 -25
23 -5
-29 27
-26 17
35 -29
2 36
29 -39
1 -13
38 -10
41 35
-14 1
-37 13
-11 20
43 -21
-4 -4
24 -44
-3 11
11 23
8 -8
27 20
-42 22
-44 -45
21 3
-6 -44
37 16
37 -43
-39 33
30 -28
44 -10
42 -12
-8 35
-25 -36
-30 -34
-20 45
-1 6
25 -34
-33 3
38 -22
-10 4
-14 -35
23 -8
45 -33
4 40
-12 -31
38 25
8 -9
38 0
-28 -25
1 -2
44 -47
22 -12
-25 19
-43 39
19 11
-2 -10
10 -15
-34 6
-46 -24
-9 17
-38 -12
41 -21
-38 20
-18 -36
30 -6
-8 28
43 -30
7 -17
-5 25
-14 -15
43 23
48 -13
-25 -47
-32 -24
21 39
-1 8
21 -16
48 -49
38 1
3 -16
-42 1
-37 -4
27 12
23 44
46 17
-30 0
2 26
-33 27
-23 21
32 -46
42 -21
-26 46
-38 -42
22 46
35 -9
-32 -28
23 -31
-1 33
-29 -33
10 24
-7 -32
-12 -19
31 -6
-2 -22
38 36
-38 -16
