-2 46
44 19
-16 -40
-13 -6
25 2
31 34
-3 -36
1 -49
-25 9
42 8
43 17
31 40
6 -32
26 5
35 -2
-22 46
-24 10
-23 15
-38 18
-46 -41
43 -44
11 48
-32 -8
38 -32
38 3
-44 9
-13 19
-43 -33
41 -13
22 27
-37 -46
27 -25
0 35
35 15
3 -2
0 33
-14 28
-45 -30
-8 28
-16 -46
-29 -47
-25 -40
28 -21
20 3
-31 -19
18 -45
-9 -4
-18 -28
-26 41
46 -20
22 -34
-39 47
-2 37
-45 10
-12 -10
12 -8
-17 -42
28 -47
-22 17
-44 3
40 -47
-27 45
15 4
35 -1
38 0
44 3
31 32
18 -49
-41 -25
-46 -18
-17 15
-36 -22
-36 -28
-1 22
-48 -20
-12 -41
-25 -6
-26 29
39 -15
28 10
40 -30
45 -36
45 36
-28 -18
29 -41
-7 -33
-5 -6
-22 18
7 -13
-40 -43
46 -20
-43 24
-32 0
-39 48
25 47
48 19
10 34
44 -8
16 -33
16 -47
20 28
-6 30
46 11
-27 47
-33 -43
33 28
31 -12
-27 -25
19 30
-37 21
-33 22
-36 -28
-11 -5
36 -29
-15 1
-32 -32
-7 48
-41 46
3 27
31 -22
26 28
-24 -37
-36 35
-13 -23
2 -37
-35 39
-10 -2
-20 -41
-41 -34
-34 -39
-43 -17
-10 -43
-30 40
3 -49
33 -26
28 -36
8 14
-13 15
28 49
-7 -10
33 1
-1 -19
-24 -19
21 48
11 1
-1 42
18 6
-37 40
-6 46
6 24
-6 -20
-34 -1
0 -23
47 -10
15 -1
-45 -5
-7 -1
-38 -47
8 -14
40 42
40 -45
17 -3
-43 42
-29 24
-12 12
-8 -6
39 20
48 38
0 49
-25 -34
0 -13
-44 45
49 -5
-47 -41
-46 43
42 -40
49 47
48 0
19 -26
13 4
-42 -7
26 -37
-32 -3
-21 42
2 -28
11 -31
-27 48
-29 43
22 -6
42 -8
49 43
-47 41
-3 -19
1 43
-4 -28
45 10
7 -10
-41 -34
-32 24
-29 44
-3 -40
32 48
-28 -14
-26 38
-33 -39
-33 48
37 -7
-11 -11
-44 -44
-48 -11
18 -17
38 -30
-9 11
-38 48
17 -27
-3 48
-10 -7
-17 -7
-44 21
-43 -44
-25 40
33 -26
8 2
-29 14
9 32
26 32
-5 -48
-31 -5
-22 -46
18 -28
-7 0
-39 47
-33 27
33 -39
-2 -16
-15 47
17 7
-26 25
-21 1
-43 28
-38 4
38 14
-34 -35
31 -3
-48 9
21 39
-3 38
-14 -28
-39 44
-29 47
0 6
-33 -28
-2 35
2 -31
-15 -23
-8 46
-24 1
24 30
-19 14
-21 26
31 7
6 -46
29 -7
37 -46
-42 7
2 -33
34 -34
-38 -12
33 -7
11 -10
9 26
-3 17
42 18
22 -12
5 -4
-20 36
12 -36
0 -3
-25 -43
-33 26
23 -45
-4 -39
17 31
-1 -15
-29 -32
-15 38
35 -42
-28 -11
-31 -30
-32 -25
-48 26
12 -31
46 -29
2 31
1 -24
-18 43
-41 17
33 38
-2 -48
32 37
9 10
36 0
10 -8
26 -17
-13 -39
13 -39
32 -15
-24 -29
26 8
-10 33
12 7
34 23
-32 -42
3 36
-27 -45
13 -23
-29 8
-12 -19
-48 4
43 3
2 0
-17 18
43 -15
23 31
15 -28
42 44
-2 34
-47 18
-31 32
3 0
33 -14
-6 -7
-29 -17
42 25
-29 -12
-49 -22
-46 18
34 -28
-35 -37
35 -49
-9 33
-1 -48
23 -19
-29 12
17 -12
-18 -1
34 -43
48 -38
37 5
16 -35
17 33
32 0
2 28
-33 -31
-5 3
-4 18
11 30
32 -7
45 -37
7 37
-38 -29
-10 -39
-17 31
27 -2
37 -47
-28 -24
-40 -45
-33 27
47 0
35 -17
2 -24
14 40
17 -31
-37 -17
41 -32
-41 22
11 -29
-25 32
-44 29
32 25
38 -30
-15 -22
-22 10
-29 -22
-34 -42
3 28
12 8
-40 -34
49 -41
-29 -26
-24 47
13 -40
-49 -12
-17 -36
46 -41
15 -12
-9 -28
35 46
-11 -20
-8 -33
-24 19
11 20
1 -24
22 -43
-5 -24
-34 28
-17 -49
2 2
-42 15
0 21
27 -31
4 -33
35 -34
29 -40
0 38
10 -34
28 40
-22 36
38 24
6 -21
-43 42
-44 28
-17 -35
-36 -15
-43 -35
5 21
49 34
-44 34
39 -6
29 -39
-20 -18
-27 -20
20 -5
17 20
32 9
37 8
-46 40
-46 1
14 -5
38 -36
1 0
-36 -8
-48 -39
25 35
49 5
29 -49
-49 -48
45 -37
34 -23
-7 5
15 -31
6 -20
35 39
6 -21
-1 -35
-7 -7
-29 2
27 -41
9 14
-23 -19
-17 -40
43 6
25 6
1 41
2 29
-17 -38
48 10
26 39
32 -37
47 -32
20 36
-44 15
-2 -33
-23 -47
2 -21
-3 -21
26 38
19 23
46 2
21 -18
-3 0
-17 -31
49 37
24 43
28 -35
-23 -33
49 -32
-5 -15
21 7
-22 -49
1 35
-45 -16
-20 -2
-15 -19
-36 13
31 -39
43 10
26 12
-48 -11
-46 -34
48 45
-37 -15
-33 -23
6 10
-34 9
-32 32
-5 -30
-26 -25
3 39
5 31
30 -42
-46 -14
-36 -30
32 13
-20 2
31 39
-12 -17
-28 0
29 -48
36 25
39 -14
-35 -31
22 2
31 -45
11 4
-13 25
33 -30
-5 15
36 -6
-23 -30
-42 20
1 20
-47 -11
21 40
-37 -30
24 -14
-35 -31
2 26
49 44
-15 -22
-26 0
-19 45
34 -19
43 29
-11 -37
-10 29
38 -4
24 -26
35 -1
-38 -12
-38 45
-26 -17
25 30
-10 13
-43 -19
22 1
49 41
31 -23
48 37
14 0
8 -1
-18 -4
-38 42
-13 -10
6 -24
-27 2
35 12
42 -2
-48 18
-3 30
-42 -28
41 -40
-49 24
40 -4
42 32
-6 3
-11 -35
-16 41
26 3
41 24
35 49
-1 -16
-36 15
-32 -35
13 19
-37 -36
42 -12
42 -31
18 23
-40 -7
-42 -30
24 -42
-12 -3
27 -35
4 40
-28 -41
39 -31
1 46
-12 40
3 -31
-46 -44
33 -12
46 -36
-39 46
37 10
1 9
-40 -48
19 -29
18 -45
36 -43
-32 -43
-24 -9
-46 -7
33 26
15 -39
-2 -34
36 -4
18 9
39 -18
11 -26
-34 7
-12 6
12 -6
-17 30
-33 1
-45 1
38 36
-17 47
21 -5
-49 7
-34 12
-21 25
28 -4
-22 23
46 -27
-27 -38
-8 -49
10 -43
-22 -45
-27 8
28 4
-15 0
-20 18
-9 25
23 0
29 -21
23 -2
-18 4
-5 -34
30 -1
-9 -46
-22 -43
21 -10
25 -40
34 6
-15 -6
-27 -37
-29 17
-8 -14
26 -46
19 39
32 12
27 3
-15 39
31 -41
-8 -9
-43 -22
45 -34
-13 11
-32 -13
36 18
-48 48
34 -37
-11 -41
42 -18
37 -18
18 42
-22 -29
-14 -42
-13 -33
15 -12
29 -26
-11 18
29 10
-28 -12
-9 44
-23 -33
-17 -4
26 -48
-29 -39
31 -38
3 -6
-25 36
46 28
5 -1
-4 -32
-16 -36
-47 6
6 -25
-7 -1
-19 37
36 -29
-5 -24
15 20
-17 47
-47 20
-40 -48
-27 47
8 -12
13 36
-39 -25
49 40
28 -37
16 13
45 2
10 28
15 36
23 45
-7 -20
0 5
16 -43
46 44
38 49
25 40
-44 -42
-4 -4
-27 -25
-38 -7
32 14
-35 -2
27 -29
-5 17
-16 29
-37 41
-7 6
4 -11
15 37
37 17
22 40
-33 -6
32 -13
34 -38
27 -27
-12 -37
19 22
-19 -25
-48 38
39 45
36 -20
1 -19
1 -6
47 44
-45 -29
7 0
-37 39
30 -31
35 4
-1 -25
7 2
22 -35
25 -3
-21 36
14 -30
8 39
21 41
-12 33
18 23
-45 -5
35 -35
-19 -39
-16 -40
27 7
-38 -35
11 14
-43 -38
18 -43
6 24
10 32
47 -46
21 -28
-31 -43
-40 36
-47 -14
37 34
-49 -17
-4 9
-6 9
-1 -7
-49 0
6 -19
-37 29
26 40
-35 -39
3 -16
-7 -32
-10 -16
-1 -27
-35 27
-24 -33
7 -2
-26 -1
4 -13
12 6
10 38
-38 11
6 -4
-26 23
-28 -25
-1 40
16 17
-13 -41
-36 40
-43 -6
0 18
-7 -41
0 32
-26 -31
-3 47
25 23
-35 4
-34 -25
22 31
28 -28
40 25
-17 20
26 29
-15 41
5 6
-30 -49
-22 -14
43 -4
36 14
-46 42
40 -5
-31 -42
36 35
-34 -24
-10 -28
23 8
7 35
-34 44
40 -36
0 41
-5 45
28 -2
14 -16
27 22
0 -23
16 -16
-37 23
24 19
39 21
44 -35
13 -18
-4 5
-28 15
1 36
26 31
-26 39
48 47
-1 32
-49 -6
48 -25
-49 -36
-45 24
38 -8
-36 -42
9 -9
34 48
-46 20
37 18
32 -32
0 9
-24 41
-36 -40
-23 -18
-45 44
-8 -16
-6 -5
49 21
-35 47
20 22
-10 -2
22 19
11 -6
24 -34
28 -40
-21 31
2 13
-13 -39
-31 -28
-46 -31
31 -13
-30 3
27 -32
20 0
-16 -17
-16 25
28 12
27 -24
21 -37
27 -29
0 2
12 -49
-13 -7
-22 2
-36 23
22 -14
17 -30
38 4
20 -15
27 -16
-40 41
-5 44
24 14
15 -21
18 -28
0 39
22 2
-10 -31
-10 -16
15 35
-26 -1
15 -7
-45 -13
-7 -25
-7 27
-14 -42
35 -37
14 32
-22 -22
1 -12
42 -24
-4 39
12 48
-8 -48
-34 26
-15 19
-37 -6
10 -20
-22 -42
-1 10
-5 -14
-9 -20
-34 -4
16 45
-3 -26
41 19
10 -21
-9 20
-25 35
16 30
-44 5
-39 -32
-49 27
1 47
-34 2
-30 9
-1 -13
-23 -4
-41 1
35 -26
-23 48
-31 -15
39 -35
10 -22
-41 -32
3 -28
-3 13
30 27
-38 -30
1 6
34 36
-43 -17
27 -33
-4 -32
35 -20
42 -20
7 11
-41 49
-9 -40
-19 26
47 -18
-27 -28
45 46
20 -1
-15 -2
-31 2
37 -8
-41 0
4 48
26 31
24 22
36 -21
4 -45
12 29
43 15
10 8
-29 -6
-7 -19
30 12
-39 -37
-27 -21
-46 -27
0 -35
-32 -43
23 -38
6 -15
-25 -6
-27 35
-40 -4
-23 -1
-12 15
-6 18
35 -22
-16 40
28 -20
-33 44
-47 -26
-21 14
-18 -12
34 -36
47 -24
-12 -14
-9 27
3 -15
23 45
-26 30
45 14
34 -34
-4 -36
25 -38
-32 31
49 2
-23 -30
36 -7
-44 24
-38 -32
38 -38
18 -7
6 -40
-40 -18
14 6
-29 -38
18 -9
9 41
30 -36
10 14
-45 -30
-45 33
-16 35
15 -37
19 -8
14 -11
0 -17
49 19
-33 -19
38 -25
41 -16
-33 -20
-42 37
37 36
-38 18
7 -48
27 17
13 11
-4 1
49 23
24 8
-32 -10
-47 3
-32 16
42 10
31 4
-33 35
0 39
-42 -34
-12 -37
-13 -24
-41 48
29 -31
39 47
30 -32
-3 -6
40 -36
-34 -30
36 28
-49 -20
-23 5
-29 24
-20 36
-2 -3
-19 41
5 5
41 -13
-2 -21
14 47
27 -23
-47 32
36 9
32 15
20 -24
31 -37
48 -16
42 -17
1 -49
4 -26
22 -22
-1 45
-28 12
-13 33
-4 6
-27 1
-4 -36
32 -49
-5 -42
-26 11
23 -48
6 1
-5 36
33 -25
-21 35
34 -35
-22 -34
-31 -44
-27 -11
18 -23
27 6
-17 18
40 47
43 14
-1 20
-23 37
-13 -2
-5 40
31 -34
-17 5
-12 -34
-21 -1
7 11
23 -44
12 30
6 32
-31 10
-12 -39
27 -7
-21 -44
47 -45
-47 -15
9 -30
-8 15
-29 23
-5 -3
-2 -16
49 11
40 -21
-3 -28
36 -22
-45 -30
13 -25
0 38
-6 -18
-5 -18
15 -6
-8 -48
-29 -11
-20 -39
-25 20
19 -9
26 35
-35 -29
-46 0
-34 26
-16 -3
-16 35
18 -24
25 -7
-11 21
-21 27
-22 -28
-23 -39
42 -10
-25 -2
-37 -19
34 9
43 49
-23 0
-43 -25
24 31
-28 -19
-49 6
-26 33
17 17
30 -17
38 39
-43 -24
11 9
36 -17
5 -48
42 28
-38 26
-10 28
29 18
6 -26
-22 -12
-6 -19
-21 -39
-5 -47
-48 -6
-5 -45
23 -19
4 22
-18 38
-39 48
6 -19
-31 -7
6 -27
23 -27
40 14
46 -16
-37 24
49 -38
20 -19
42 -5
30 -41
19 38
-31 -39
-2 -39
38 30
20 -44
45 44
21 39
24 -36
-2 31
0 33
-30 -31
-6 -42
1 -21
44 -24
-29 -30
9 -5
42 -49
-44 -10
-36 -8
3 29
28 -3
-30 -9
16 30
9 -46
-49 -22
9 0
3 -38
36 -28
49 -16
47 31
-11 -37
48 45
-37 -34
13 -33
35 29
7 -9
49 -36
-17 -38
33 6
6 11
36 -1
26 -41
25 -27
0 32
37 -47
-9 -14
-38 -29
-11 -43
21 -31
29 -22
20 -28
42 46
-39 33
42 40
-23 -6
-45 22
-35 26
-44 44
1 34
-42 18
-21 43
-42 27
27 -20
-42 39
16 48
-1 28
7 -2
-48 11
-48 -11
-14 5
-47 33
48 22
-23 -18
45 -21
47 -39
-4 -19
11 -27
46 22
40 -43
-10 -39
33 3
-17 6
-14 3
32 -4
32 -44
-28 20
-18 46
29 40
42 -48
23 -21
16 39
-18 27
-18 20
-21 -36
40 -32
-12 -38
5 -20
12 -48
2 46
-29 -45
-20 -24
-35 49
22 10
1 -12
-17 -19
49 12
14 41
-39 30
36 -40
33 42
49 26
-11 -5
3 29
-3 -28
31 23
1 -36
-2 -8
27 -12
37 -34
-34 -49
16 0
-3 -42
36 -35
-22 -34
-37 10
11 -49
-12 -35
-22 -10
37 0
-27 -34
-21 -28
-10 9
16 -29
46 30
-31 -45
-8 25
33 -23
-47 2
30 -7
21 -37
35 21
21 5
19 21
3 47
0 41
-34 -12
6 -5
41 15
3 42
-20 -44
44 -27
0 -32
-10 -23
-42 -42
-16 -12
-3 -3
-1 -29
-8 1
23 -31
40 48
20 42
-10 19
-19 16
33 -14
2 -32
32 37
16 -45
-13 -28
34 -24
-47 5
37 2
16 -3
-33 -3
4 -21
-14 -43
-40 0
49 -7
-40 -17
-47 -45
-26 -22
5 28
-44 -13
8 -19
48 -27
-48 -24
-37 -36
24 20
30 -26
-46 -44
-42 28
15 -22
31 -3
-24 -32
36 -33
-48 21
-15 0
39 46
-30 5
5 8
-39 -27
36 -48
0 -17
31 16
-37 -12
29 -4
-44 15
-2 -30
-44 12
49 38
-6 -13
18 -47
11 32
-14 22
10 -16
-42 31
-39 -2
-8 30
-2 -39
-11 47
-14 24
-5 -35
15 28
-44 29
9 19
-44 7
10 -38
-48 -44
-45 -26
15 9
9 1
8 -36
-39 -28
49 -17
-38 -8
-20 -32
16 12
-12 37
3 -46
45 -39
29 19
-12 -26
-10 23
-19 -10
28 9
-35 -4
-11 -23
-42 40
-6 20
19 -49
-48 26
-17 -35
39 47
10 -25
1 -23
-21 42
7 20
-38 7
0 45
-29 -36
45 15
15 28
-16 18
39 -41
-28 2
-40 -6
-13 -24
31 25
46 -38
-17 -4
-10 3
-36 27
22 17
-47 -24
43 0
48 -36
23 -27
20 -45
-5 18
30 30
-22 -44
-24 -37
-23 18
6 23
14 0
21 -12
-44 14
-22 -42
-7 11
-47 -36
49 38
49 4
19 17
38 -17
-39 -36
-20 -34
-19 -18
41 -2
-24 -44
42 32
-5 32
44 33
36 37
-43 11
47 -46
-43 44
-8 -1
-6 4
-14 13
2 -17
-45 -28
-34 -20
-24 42
48 -49
-40 -32
-29 -31
39 -12
0 -33
-22 45
18 -24
35 2
-30 -36
29 31
-12 -9
-41 45
11 -3
14 -47
-18 26
46 -6
-22 34
38 18
-19 48
42 13
17 48
17 -16
6 37
-49 22
44 44
-23 -34
-48 17
-39 42
46 -15
-16 -1
38 -43
-44 35
-5 -3
-20 -33
8 -18
14 -41
-12 -21
0 18
-42 3
-21 -7
42 30
-5 -22
-33 29
37 25
10 -13
-8 -4
-3 -1
-40 -12
-26 13
-32 11
48 -14
-23 -18
-34 13
13 12
-4 -49
-18 -48
13 42
9 4
49 25
15 -22
-6 20
49 -42
25 -35
