18 -10
-26 -1
-49 31
-5 -15
-19 -2
-47 32
20 33
6 28
25 -22
1 -35
14 15
-22 5
42 23
-32 40
30 49
0 10
-27 34
-32 28
33 -35
4 -1
-20 -16
25 25
16 43
-44 -1
-18 9
44 -13
-27 -25
-40 39
31 19
47 -25
43 20
-19 17
-12 42
46 35
47 -1
-15 11
14 -5
31 27
-21 -11
-35 5
1 15
-34 -13
37 12
6 -21
-7 4
47 -4
45 -47
1 -15
-39 -25
-20 -29
40 0
13 13
-30 -27
26 14
-44 -42
-36 17
14 -32
-15 -15
37 21
-10 40
31 -14
-15 -38
-41 39
-20 -9
0 41
-13 44
2 2
0 31
10 17
-46 -9
-29 22
-29 -9
46 -42
13 -24
3 6
42 11
5 0
37 48
23 23
-9 0
-26 -31
-2 3
-38 29
31 26
10 -26
-21 -1
-9 0
16 -4
21 14
-29 -15
8 -26
-31 8
14 -20
49 25
31 12
-43 -45
-26 -23
29 36
-13 46
36 13
0 48
-48 -45
18 26
-4 -30
2 -46
22 19
-47 39
-26 -44
16 18
46 46
-23 26
-38 -21
19 -7
-8 1
28 31
-15 4
49 -47
-12 9
9 -29
37 -10
44 46
-49 -23
-46 -28
20 -4
-33 -16
-13 -18
35 -38
-15 28
-26 -16
10 -19
-19 -17
2 -17
-36 -37
-19 36
13 -43
14 -21
-21 19
41 46
-24 49
12 22
-21 34
32 -42
-24 -12
-30 47
-8 12
-13 -38
-36 32
21 -7
13 13
35 36
46 27
-39 24
24 -28
4 -35
-25 -47
-1 37
18 -13
48 36
-19 -36
5 -39
-14 29
-27 41
38 7
42 -38
-11 16
31 -19
-22 20
26 40
17 27
10 -30
-23 -30
5 33
18 -21
21 10
12 -15
46 -15
29 -27
-26 -48
43 -3
34 48
-27 -8
1 -35
-48 -21
-48 33
-29 1
-40 2
-28 38
-2 0
13 -18
10 27
-16 44
44 -31
-26 8
-17 20
-45 -46
48 8
43 41
48 0
29 -26
-32 10
-42 -1
-28 20
40 9
-46 -42
8 25
19 38
-30 37
15 -42
-7 -11
26 45
-30 18
-31 -8
7 37
-25 18
-44 -28
21 0
20 36
2 38
5 30
-23 14
-30 -48
-9 -31
33 -32
26 -20
-47 30
-48 0
25 -27
-24 -40
41 33
43 15
-48 5
27 11
3 -9
-12 -1
0 -43
24 -49
32 -10
29 17
-15 -1
8 -36
14 34
19 -34
29 9
42 36
-22 11
-32 2
34 -14
42 0
11 -35
1 -44
-29 -6
-31 22
-49 -38
-44 -16
-43 22
-7 -27
48 9
45 -18
21 35
-41 -29
1 42
13 -2
-43 30
-34 -20
-9 -10
-42 4
0 -45
-29 -2
48 10
-31 8
14 46
-22 -26
-19 38
41 25
-35 -5
-35 37
-18 -22
38 36
-23 21
-34 39
41 44
16 10
-46 -48
-4 11
25 -49
48 -45
-17 20
12 18
-33 -42
3 21
48 17
29 -45
19 -36
-48 6
-49 -17
26 1
47 2
31 -14
-41 4
40 -48
-44 47
-19 -2
1 -27
15 -33
-15 -31
9 -34
35 -3
41 29
27 -14
0 5
47 -9
30 -5
37 1
15 -25
0 -21
-9 -38
39 19
-3 -43
7 -17
5 17
-41 -28
-47 -18
13 -12
29 26
30 28
-29 31
-2 1
-47 -44
-34 44
27 -26
43 48
1 -23
-40 -33
-46 35
39 -27
-30 -22
0 25
-10 0
-12 30
2 -35
-5 -29
36 -9
-46 8
-10 -44
20 16
-6 -25
-14 -15
7 -20
-23 23
27 0
-34 27
49 45
-16 30
23 -37
-10 3
26 38
-22 -3
8 33
-10 23
5 -47
-39 32
44 26
27 -35
49 -13
38 35
35 -22
40 37
-44 31
40 35
6 -47
16 -6
10 -41
3 37
24 16
13 -17
14 -33
-29 13
-15 34
-25 11
37 47
24 -36
-13 -24
-12 -32
2 -9
-20 -21
-32 46
-13 0
31 26
-28 41
-45 -13
10 -23
-23 -19
43 -25
-20 -30
-41 -44
26 -13
8 10
-49 30
-1 47
-24 -10
31 36
-35 -1
32 -43
-23 25
-23 -44
42 -9
15 6
21 -34
-7 -44
-21 14
-10 20
26 -46
45 -24
-45 -15
-28 -4
15 -5
23 18
-32 38
8 -19
12 46
-35 47
-42 13
0 -34
3 35
-19 -40
46 32
24 38
35 12
-10 29
10 -17
-43 -42
33 -14
-28 -30
-42 6
29 -49
-21 24
8 45
-12 39
-8 45
-23 22
-17 31
38 -45
-25 -16
-8 42
33 20
-42 -8
45 -23
48 -6
1 6
-40 3
28 4
10 16
9 -1
43 33
18 -33
-10 -25
-36 48
-14 -2
20 38
-41 -24
-28 0
37 -45
-30 -10
49 -32
-2 -25
-8 -23
46 -36
-23 -7
26 -27
-4 -43
-23 32
19 -14
-6 47
13 8
-34 -24
31 49
-11 -23
-11 -42
34 39
-15 -39
-29 35
46 14
45 -17
-43 -41
26 -36
32 -2
19 14
15 44
-27 -32
-17 31
10 -24
-30 -4
-23 -7
-27 32
-25 24
-25 41
-46 -26
-5 -15
37 25
26 -4
-37 36
49 36
-22 -45
-23 15
-2 21
-44 -5
49 -39
49 42
-24 28
18 -19
28 -35
49 41
26 30
11 -16
-44 -35
-13 35
-27 -6
-46 29
4 -2
-45 32
41 -5
-14 31
-2 -41
-48 49
31 29
-3 14
-48 -7
11 7
-44 -34
33 19
33 4
-3 -42
12 -36
0 19
38 45
-24 32
-40 -35
35 24
34 -11
-37 -35
-6 -40
14 40
40 -23
23 0
-29 39
35 11
18 31
-45 -1
2 12
-42 -29
-1 43
-8 0
25 -48
17 -34
-14 -25
10 6
24 -22
42 47
-7 -38
22 3
-45 19
32 24
8 -8
-16 9
7 -7
-16 29
2 -22
-40 -49
-8 -17
-41 -45
14 -18
19 -27
41 41
-44 36
-17 37
-42 -39
-28 20
12 21
15 -15
-46 19
37 1
39 14
9 13
36 25
-33 -3
-6 10
48 -21
-6 -29
-21 35
12 -32
-32 32
-48 43
5 -41
-14 40
48 -5
27 29
-25 -27
28 18
-14 48
8 23
29 -41
-20 19
32 24
19 -22
-19 23
46 29
20 31
-9 37
35 36
-35 3
26 36
26 36
27 -5
47 -47
-1 -6
38 46
-42 12
37 -4
-5 -16
2 22
13 27
-6 43
-15 22
36 -40
29 -45
-28 42
13 30
28 -23
6 46
-19 1
33 -23
47 -17
-10 47
18 -23
-49 -41
21 -10
5 27
34 -19
-49 -38
-35 -8
-32 41
-39 -45
-16 2
-16 -6
22 -31
0 12
38 -21
6 0
7 0
-5 39
27 -44
11 -42
12 -7
-27 14
-36 -34
26 45
-16 18
-25 -17
4 10
-39 38
22 46
12 3
-8 -13
-30 -23
42 -33
-23 43
12 -30
-32 -48
4 32
25 -7
-45 33
39 -43
40 -23
25 17
47 -9
16 -16
31 33
6 0
-10 -27
19 -43
10 -37
-49 -3
21 -1
-20 28
-15 -24
-48 33
-4 -8
-2 -9
22 -8
-5 31
28 35
-10 -29
39 -16
45 -5
-29 4
46 16
-29 -17
-48 43
8 -20
-10 -15
26 -29
-2 -47
-25 -45
9 -12
-41 -44
-36 25
-35 -7
17 -17
-6 21
-25 36
-44 -28
44 -25
7 5
45 -9
-21 49
-30 -14
36 16
-33 5
9 27
-34 25
-34 35
-34 16
-34 -12
-13 34
34 34
-44 34
12 45
43 11
40 8
-46 39
43 36
32 27
48 13
19 -31
-28 16
18 2
23 -42
-32 36
39 -24
-6 -2
39 -18
30 2
-45 -41
-47 26
-45 19
-11 -39
-4 -33
-38 16
33 42
-2 29
42 -19
3 -39
-34 19
-29 -35
33 14
45 40
9 39
0 10
-46 7
40 10
-37 -13
21 -20
2 5
-33 -22
41 -33
-35 15
-4 -8
-26 16
1 19
39 -20
-6 -31
-22 2
-39 -34
36 -21
-15 -9
33 48
-13 -25
-25 0
35 18
-31 -13
-33 -40
-12 38
-1 34
-39 29
-33 17
-43 41
-47 26
-3 -13
-40 -13
22 -18
-7 -42
42 45
-35 -13
35 36
14 -40
2 30
32 -41
26 -30
47 20
-34 -12
-12 22
0 -6
37 -42
-48 -20
-28 19
4 -14
-13 -6
12 -22
-15 10
0 -5
-14 -19
-46 -16
15 40
-38 39
18 34
-28 24
-20 -5
-49 -6
12 -17
24 0
37 5
-20 12
-45 25
-2 -30
46 -8
37 49
17 -29
10 21
-25 29
35 -44
49 2
-19 -43
-29 -14
12 -33
33 -24
-44 -37
-22 -21
7 21
11 49
-36 -6
40 26
-19 -29
26 18
46 -48
20 17
32 -43
44 -16
-23 43
40 -3
-23 -13
38 -13
-18 -20
17 -44
45 22
-40 -6
11 -1
-42 -10
43 -39
27 -1
29 -33
6 24
-28 -18
6 -10
15 -15
-1 -42
-9 -22
-40 -8
8 -25
41 -48
4 8
-12 -9
28 -41
23 -27
-38 24
1 -16
-47 35
41 -28
28 -31
-12 27
35 25
-23 43
-30 47
-44 -30
4 33
-34 20
36 20
-16 -11
-35 -49
-46 -36
-41 -40
1 -16
-10 2
28 -16
-15 -18
-26 -28
-2 0
48 3
19 38
-22 0
20 -30
44 18
45 28
-17 -16
30 -42
42 38
36 -26
-27 3
-21 23
28 22
0 -47
-11 -49
44 -7
-22 21
-7 7
-46 -11
31 22
-1 -4
20 47
28 -29
26 -9
-33 -15
-5 24
3 36
25 24
-45 32
5 -40
21 -27
-4 30
-13 0
-33 31
0 16
8 -26
-40 12
-4 -33
-28 28
-11 41
17 47
-35 -10
-2 -30
38 -16
-17 23
36 21
-12 -36
-49 -7
-45 -32
49 36
-44 13
13 -3
-44 -20
36 16
-15 23
-29 -37
-33 0
-14 -42
-28 27
-12 35
-9 -27
-33 23
2 37
36 -48
36 17
3 -47
49 -37
15 22
7 19
47 49
3 41
36 -35
40 45
-15 43
-15 30
-22 6
25 47
-11 -34
-9 -6
-33 36
10 -35
3 -9
-18 17
35 40
-39 -36
9 -45
-1 46
-7 41
34 27
1 32
-19 -19
-35 -25
-8 -30
10 33
14 25
24 23
45 25
14 49
33 -40
19 8
31 -37
36 -10
-35 -46
34 25
42 -11
27 45
-32 -20
-18 46
-36 -20
-23 -3
30 -23
-12 43
1 33
-6 46
11 -32
28 10
-11 26
-36 42
38 44
24 -36
19 36
-31 31
11 -40
-4 -31
30 49
13 34
-31 -2
-47 30
47 -31
18 -32
1 19
-42 15
-44 -6
-45 20
43 -6
-10 12
-39 40
38 -16
-34 49
-6 -40
-45 5
6 -17
37 47
8 -23
7 18
44 48
-42 17
-15 -21
33 19
40 -45
-43 21
48 -27
10 -47
-23 -16
13 -37
-14 -33
-34 -15
-6 4
-46 8
19 26
32 -36
-20 -17
14 34
34 -40
-43 -11
-27 41
0 -18
-35 35
0 -44
-12 -33
49 2
35 48
-29 7
-9 -6
0 31
37 -13
-5 -16
-10 43
24 -6
-24 -31
-31 -40
13 0
-39 -36
16 -39
-2 36
4 10
-27 9
20 -17
0 -14
34 -9
1 0
43 -31
8 -8
25 47
13 -34
40 34
23 29
45 -40
29 23
2 -24
2 -23
-14 -38
10 15
13 0
-33 48
-41 37
35 31
10 -49
-21 -3
-18 25
-24 -7
-33 1
16 21
5 -34
-26 39
-37 4
42 -19
26 -35
-26 36
-13 35
-43 -6
-8 48
-44 -12
-15 -35
-31 -15
-35 31
-22 39
-30 47
29 4
40 23
25 -5
33 19
13 18
2 38
22 -21
44 22
45 -32
-24 5
-47 22
8 13
-2 27
9 -27
0 -33
32 32
14 27
0 -48
3 -17
19 13
37 -1
35 -33
-29 -18
-19 -10
34 -33
16 -12
31 -48
-48 9
-40 19
-2 -39
-2 30
30 -37
-8 -8
40 -29
-49 36
-4 4
44 -36
-17 9
7 -21
-38 -3
20 -32
-44 11
17 41
-24 32
-29 32
16 -8
-19 12
-28 -7
-21 35
-37 15
5 -13
33 -39
-20 14
-45 -47
48 -18
30 -4
-19 -24
-32 9
-13 31
23 26
39 5
35 -45
35 -39
-32 39
41 -47
-31 -32
-3 42
-49 -46
39 -47
-44 -31
5 -4
38 6
-13 7
-19 27
20 -24
29 8
-34 48
10 -43
-47 -30
25 31
-29 32
-48 15
-46 -4
-15 32
27 -44
-47 9
-9 -44
6 31
-49 -9
25 46
-15 11
-38 9
-45 -20
14 -24
-6 -18
-29 -23
-14 23
0 44
-45 -46
-4 23
40 -29
-40 29
35 -11
0 -17
-18 -6
10 32
38 -44
-20 36
-31 -18
-14 47
-25 4
-11 -44
-39 24
35 44
-3 -7
-7 -37
-26 40
-39 19
43 0
40 43
-19 -25
13 6
-40 16
28 -37
-5 -9
12 -38
-20 -29
-4 47
-23 1
-25 43
-20 43
-17 38
-44 43
48 -24
-37 -10
36 45
-47 -33
6 47
5 44
44 40
41 -1
33 -4
-5 2
29 -31
-2 27
10 -25
33 -8
44 -23
6 -27
-10 -5
-16 -18
39 -15
47 -27
5 10
-14 -3
1 40
-37 -4
-34 -30
-29 19
-23 46
-25 43
21 -45
-46 13
32 34
20 24
16 -12
-35 -6
25 43
23 -3
38 -22
-25 30
-34 15
-2 18
-40 21
11 -40
5 12
-29 -44
12 -1
-26 28
0 31
-23 27
42 24
-19 20
2 -42
36 0
48 32
36 23
-11 -11
44 46
-20 15
-17 27
44 24
14 47
-33 -43
-46 -18
-48 0
-32 -14
5 -3
-3 48
41 -7
-42 -27
8 -46
-15 15
19 -31
-42 1
1 -27
46 -27
-27 10
-22 17
36 -30
2 -49
14 -43
-36 48
31 13
-33 -11
35 -45
7 39
-24 42
-42 -22
43 -14
-33 -13
49 18
29 -13
39 36
-27 49
49 -40
17 -26
45 13
-9 10
26 16
-41 43
-24 20
25 -11
-40 -29
27 5
42 -42
21 40
41 -30
1 28
9 4
-12 -1
48 38
-49 7
49 -6
41 30
-6 21
0 -7
-34 -1
-41 24
20 48
27 39
-15 -19
-33 30
-25 34
-5 -23
30 -27
31 11
43 44
6 10
35 -11
8 -19
-28 -13
-44 4
46 5
-27 42
-5 30
9 3
36 37
32 -47
24 44
32 0
28 -3
12 -39
3 0
-44 44
-9 34
42 15
5 2
26 -26
-40 -18
-5 34
35 31
23 -19
3 39
-40 -32
-26 4
-3 -43
26 5
42 13
-35 2
-23 6
-23 11
34 -28
33 13
-28 -16
22 15
-21 18
-7 -18
21 -1
-9 -8
42 -34
-29 -20
9 25
-9 -8
-37 24
-38 30
28 -11
-37 -30
24 -16
2 -48
-44 -9
38 7
-9 -14
4 -8
-10 -45
-9 -20
1 42
0 -10
48 -49
-4 32
-3 44
-7 -19
37 -47
-31 -17
36 38
15 11
26 43
30 -49
27 -16
23 -40
1 -45
-3 -18
-22 14
-6 49
-17 14
22 35
23 -33
1 28
21 40
46 20
35 39
-10 38
14 13
-7 34
-43 16
-38 -13
0 -13
40 12
-46 -49
-43 13
30 42
-22 8
-13 -11
-13 14
23 7
-23 -43
9 9
-47 43
-49 -40
-23 -17
-24 -24
-36 28
2 6
-40 -17
1 29
17 -36
-48 24
34 -45
14 5
37 -46
-9 -30
-6 -13
-19 7
-41 -48
21 13
-3 9
7 -14
3 -30
28 -35
-23 -12
-47 27
12 4
-47 -34
3 -6
-24 22
-5 -25
-43 -6
41 -16
35 -22
24 -40
40 -2
-40 -1
11 -7
9 20
-42 44
19 24
-11 25
-12 3
27 -39
30 2
-45 -3
34 -26
-34 -2
41 -21
-14 19
4 37
48 -44
25 15
23 -43
8 37
7 31
-42 27
-29 41
21 34
18 -7
8 -9
-42 1
-22 6
11 -16
0 -48
-48 -14
-28 38
33 16
-13 36
22 -12
-1 -22
42 8
-36 34
-20 -6
-10 -34
1 -39
28 -7
32 17
25 -4
9 -6
29 -33
-33 4
42 44
-13 -15
-27 8
18 -7
48 -36
0 -27
1 -27
-13 -20
31 -41
-3 26
46 -12
27 -49
18 -30
-16 -9
-1 20
15 24
10 30
-31 48
-12 30
-33 -44
18 -9
46 -21
42 -25
-46 -8
-35 0
6 -8
-23 45
-33 -35
23 16
-10 -35
13 18
-10 -14
19 -41
13 20
-38 -40
6 41
8 41
-39 7
-1 18
48 43
5 -41
-21 -7
9 -4
47 -43
41 -22
-47 -37
9 -26
-28 17
49 -5
-47 -2
34 47
29 24
28 41
33 -37
-11 -12
-6 35
26 -43
-13 32
-38 23
-24 38
41 -45
40 45
-16 37
42 -38
34 47
-41 48
-35 -6
-35 35
-2 25
4 -16
23 -38
36 35
33 -17
49 25
38 -8
9 -42
24 43
49 -31
43 46
14 15
4 41
25 25
-45 30
-3 47
-30 42
10 -7
24 31
47 -10
-27 15
-39 -27
34 -21
41 36
4 -3
29 -12
-19 4
-5 4
-49 1
-35 5
16 31
0 -27
-29 -27
-27 -37
-45 34
36 -46
-48 -16
-45 -36
45 -42
0 35
18 12
21 -9
-28 -22
-41 -17
15 -26
28 45
44 40
14 -6
-15 -20
-7 8
-12 23
1 -43
3 37
-11 -1
18 -14
-25 45
-34 37
25 -47
5 22
-33 47
11 -30
-40 -23
30 32
18 12
38 -18
-6 11
-10 49
-2 -20
-45 -37
-40 38
20 24
-30 3
-38 9
-3 17
33 40
-3 -7
-39 26
-33 9
-10 -7
-40 34
32 49
-33 -46
38 -20
35 -31
37 0
36 -17
28 -12
-19 30
26 15
-41 2
42 -48
-3 -25
-40 6
18 -19
17 29
-16 -34
-15 31
-44 -3
-42 36
1 -32
13 7
22 -36
-44 8
-3 -1
-6 -22
-48 30
-40 -7
-25 14
-27 6
-24 2
-24 0
3 41
3 1
-40 -35
-18 -42
0 -22
28 37
42 -22
-13 34
27 22
44 -38
-7 -13
-28 -49
1 14
46 7
30 -37
-5 -24
-12 -16
-15 28
-33 -28
41 -11
27 40
-9 37
-45 28
-44 -47
-46 -27
-28 16
-23 -3
-18 7
49 7
-45 35
-11 28
7 14
-25 -28
33 -21
2 -41
-21 -5
-30 47
-24 -16
-16 7
33 26
7 15
-43 31
-14 37
-18 20
46 27
-44 -44
-36 -12
5 -19
14 -49
15 38
20 -32
-15 -1
19 -25
-46 35
-12 -12
-45 -29
-29 -19
-12 25
38 -38
-47 22
-38 7
-6 -12
0 7
22 -33
29 -43
22 -39
-2 29
-37 47
22 41
44 12
38 -46
-48 48
4 -48
-10 -45
-43 -41
-8 45
9 0
9 -47
29 25
37 -45
8 -27
-22 36
-31 -13
14 0
49 -5
-5 0
40 47
32 -15
2 -24
-15 46
-48 33
-41 -23
-8 21
-18 33
33 -39
9 3
15 1
49 -2
-18 33
-43 36
-7 16
-18 -23
-42 48
-27 17
-37 13
-23 -34
-47 14
-40 28
45 29
-6 -28
-48 46
33 47
35 -28
5 38
-23 -12
-45 7
-15 -39
42 -26
-16 -34
30 -35
-4 -4
-33 -3
38 -18
37 48
34 14
24 -21
1 0
20 35
35 -34
-15 -40
-8 -17
-11 -14
44 10
27 48
22 -32
-1 20
46 17
-23 -46
14 24
4 36
-46 21
-34 -14
28 7
7 -14
-47 -29
-12 47
-4 -16
38 -38
-49 -37
-20 -5
4 31
-33 -26
-49 -46
20 17
-2 21
-9 2
-38 2
-38 3
-19 29
-12 -29
14 -40
9 -30
36 34
3 -42
33 36
36 -34
18 16
17 -46
9 -1
-16 -3
39 49
18 39
43 -22
-24 18
2 47
-35 21
-28 -10
-21 -4
27 25
30 -36
0 7
-39 31
-25 -35
49 2
-8 32
31 11
-32 8
3 25
-12 42
-19 6
-32 20
39 -39
-32 33
31 48
-47 -16
-14 3
-22 -31
-10 -38
-6 24
14 -34
-38 8
48 5
-48 -16
-17 -49
-1 -16
-22 -22
20 -26
11 -36
24 31
13 -22
-9 -3
35 20
-20 11
19 24
12 2
-4 16
29 -28
-6 -17
-3 24
-41 -32
31 25
33 42
-46 12
16 37
-38 -31
-2 -45
-23 49
-32 -5
13 38
7 17
28 34
-7 -3
29 -2
-10 -36
-38 47
-17 -31
44 4
49 1
4 -43
-23 27
30 -22
31 -1
-19 1
19 -19
-10 -8
-2 25
-46 -10
47 -9
25 -40
28 -22
2 -26
49 -14
-11 -37
-48 -35
-18 2
-13 -46
-16 -33
11 24
10 -28
-49 -29
-27 19
-25 -5
3 -8
-15 18
29 14
11 -32
38 -23
25 16
11 -28
5 -7
12 14
20 -33
-40 -26
-19 12
43 -38
21 -18
-47 -45
45 40
10 -30
-16 -44
-37 22
3 28
44 -29
0 -21
-6 -22
-40 -35
18 33
-38 27
3 41
49 11
-16 -3
16 -26
39 24
43 -22
-42 35
-29 -22
25 -11
20 -33
-30 10
-43 -17
2 -25
11 -33
10 12
-42 20
1 23
42 -40
37 -3
-28 -15
-17 -12
-48 -28
42 -21
38 31
5 19
41 -11
-18 29
-22 34
-16 0
-4 12
16 -15
8 -19
45 9
-25 31
22 -32
46 -5
20 -10
-39 17
-39 -6
-7 32
0 25
39 6
31 -12
-31 -38
-40 -46
3 -14
30 44
-33 -47
26 -20
42 11
-4 22
5 16
46 49
47 -48
20 30
17 -23
-29 27
42 -22
46 -42
8 -34
-31 -48
22 0
-17 -35
-27 -23
46 -19
-47 -3
11 20
35 9
8 -31
-22 -30
-23 -33
-27 -3
18 0
21 -34
-49 30
25 -3
24 -12
2 1
41 29
9 -9
-43 31
-33 10
-1 40
-19 13
28 -36
30 -8
-6 10
10 20
-11 35
-4 21
3 43
-3 -45
-5 39
45 -22
38 0
-13 -34
25 48
-28 -38
-34 -29
6 21
49 23
-37 33
28 21
23 -21
-6 37
-30 -1
-28 41
-26 16
10 -15
26 0
14 0
44 -35
26 -1
-20 7
33 26
-9 -41
1 1
-24 16
49 -34
10 10
-30 33
-5 -11
18 -49
34 -12
5 47
27 -4
-6 28
-10 22
-49 -21
-49 -38
-11 1
29 2
6 14
26 -4
-35 -16
-29 22
-48 14
49 -22
24 -8
-42 -21
-34 -26
10 35
-14 -5
45 -45
-49 18
36 7
-35 23
-17 21
-12 -16
-47 10
-12 -3
25 47
-26 4
-44 37
25 3
22 3
17 24
4 49
4 -15
40 -11
1 5
-40 -46
43 -40
32 33
26 -10
27 -30
22 25
-37 48
-1 44
6 31
-13 8
36 9
36 -2
21 -25
23 44
12 23
-7 41
1 4
-6 28
-27 2
25 -39
38 -48
-21 44
0 31
-30 14
30 -47
-11 -16
-16 27
-23 -23
0 14
43 -4
37 11
37 17
34 -42
15 44
20 44
7 -22
-7 36
0 -44
-12 -6
-13 -31
-21 -16
49 -27
0 45
35 -1
-28 36
-4 -31
-9 -35
22 17
-37 27
30 -11
-41 -28
35 9
40 -42
34 -13
21 -3
6 2
26 -15
-31 13
-23 14
28 -43
46 -12
-35 -30
27 -12
-39 47
-5 -5
-20 -2
-7 -46
-40 -25
34 -15
14 15
-7 -46
-24 45
16 0
-11 0
-17 -28
6 13
35 35
33 -37
-12 35
-9 -13
45 -22
-42 -13
40 8
-14 22
4 23
-28 22
47 -42
-23 -28
15 -4
-7 -44
15 -7
-17 -44
-10 33
-34 -13
28 -2
-15 -33
-45 31
-34 -9
-49 12
-25 41
-37 -49
-28 -37
-6 19
5 45
-3 21
20 43
-19 -34
-8 -39
-34 16
-4 -12
-16 3
-10 -26
33 -28
-6 33
32 42
-40 -3
32 -35
-24 -33
10 45
-21 -18
-45 -5
12 -4
-15 -3
-22 -5
16 15
-41 -12
40 -44
-4 -25
40 18
22 22
24 40
-8 -13
0 -36
29 -34
-2 23
-45 38
35 10
-23 -28
-32 33
-5 34
9 1
36 -36
-47 -14
20 -25
-23 -22
-40 -37
-20 -2
15 28
0 -45
-29 39
41 -48
-11 34
1 -19
-20 35
49 16
48 12
-35 47
33 -31
-36 40
25 -11
8 29
-13 5
-21 -28
-39 -36
4 -21
-33 -5
11 -23
10 -15
8 -10
-35 -32
9 -43
47 -8
21 26
-27 -40
-26 -13
-43 49
14 -38
45 13
-28 26
-38 -1
-30 -32
-20 -41
-21 -33
23 -29
26 -16
0 -12
-19 33
-9 -42
34 24
21 -31
11 44
7 32
-41 6
43 -43
35 -8
8 -43
-24 22
46 9
-38 8
34 26
-37 -19
35 17
-20 25
-25 45
-17 -16
42 -17
-49 42
12 11
-13 23
-21 27
-36 -44
12 -33
10 18
-3 25
-8 21
3 -42
32 4
7 -40
-40 -39
26 -18
14 -31
-35 -39
30 6
-47 32
-49 -5
-2 -12
-16 -22
5 -28
-25 34
-17 -45
9 10
24 -22
34 46
47 1
-23 -12
-37 -44
13 -40
-19 -31
22 -39
6 19
-48 42
-19 35
-13 25
-40 -38
6 5
45 20
-12 27
22 -22
-32 -45
28 48
2 -15
-29 22
-11 -31
-22 42
9 -39
6 2
17 -13
36 0
0 41
31 32
40 4
1 44
-32 -24
-15 13
-37 34
33 -19
37 -19
20 16
-8 -18
-22 -25
-13 -43
29 -32
-2 11
42 -46
-34 30
35 -29
-18 45
-48 -6
34 18
10 23
42 -2
46 30
-27 7
-4 4
-45 22
16 28
2 -30
17 38
-15 -35
-6 -33
-39 -28
38 -36
7 14
15 -42
11 36
-10 -35
7 11
-31 -6
-45 -22
-49 -48
-36 -49
43 -29
6 1
8 -24
-35 -17
-14 -34
32 -41
-18 30
5 21
1 49
-26 -10
1 -15
45 -8
-35 -47
-4 -15
-2 22
40 -27
43 37
38 -30
6 6
-15 35
18 32
-39 -34
22 -14
15 -18
-17 26
-1 12
46 5
-35 9
28 41
-8 28
10 0
-34 -12
-16 23
30 -41
-30 -20
-44 5
28 21
46 33
9 19
17 17
14 44
32 38
-4 41
-43 27
-23 20
-24 -31
-39 34
17 -47
-9 -12
41 8
26 36
-29 -22
40 0
25 -17
-20 6
28 -6
-29 28
-15 41
-32 42
-20 -37
-36 -15
-4 -2
-22 11
37 -26
-49 -3
10 21
10 21
-45 -30
-49 21
5 -45
-28 44
36 -36
4 -25
46 6
29 -46
-33 -31
28 -7
10 45
26 -48
20 23
28 -17
42 -9
32 7
33 -23
31 17
29 -26
-19 8
-49 -45
31 -24
36 26
28 9
-35 -49
-40 25
19 4
20 31
35 -13
21 32
11 -38
-39 44
38 44
-39 14
-35 38
22 37
-18 -28
45 -34
-30 20
38 49
-10 -5
-12 -32
9 -20
-46 29
-40 18
29 3
-3 11
44 44
19 -31
-23 -23
11 29
33 42
41 23
-44 4
-49 -22
40 -44
14 36
4 8
32 -33
-42 -1
-49 45
-43 -48
33 -38
47 -22
-1 17
-39 -21
47 -43
-12 39
-19 -19
41 -34
-7 29
23 20
-21 40
4 -22
5 -48
-11 -39
35 -22
33 1
0 2
14 4
39 -19
37 -4
-12 16
46 13
32 -47
46 -30
-35 45
11 36
22 12
-46 1
35 39
29 29
25 -49
-32 32
22 -39
-36 28
49 39
11 22
-30 -18
26 -3
-4 -4
-14 31
-42 49
15 9
45 36
-18 -21
-28 1
29 -40
-41 -5
15 -12
4 -28
-6 -28
-5 -30
16 15
-29 18
-2 -20
38 34
-18 32
-21 -31
11 3
-5 33
-2 -7
-20 -44
-41 12
-35 23
-16 13
-12 -6
32 -23
-48 -39
0 -33
44 21
0 46
27 26
29 25
-27 1
42 1
-29 48
36 37
40 -33
-7 -41
-40 -46
-49 21
30 40
-6 40
-19 -35
24 -11
-17 -20
-2 33
-20 34
-20 -47
-35 12
43 -2
-35 -38
24 -22
-19 -31
18 -3
-43 46
16 -24
16 32
-27 -40
20 -27
2 39
5 -35
36 12
41 33
-49 0
29 -47
-3 13
20 22
-29 27
15 21
-25 -1
11 -27
-22 4
-12 -11
-44 14
13 8
46 -33
-26 42
-44 0
-7 37
-34 -25
-12 7
3 37
14 9
-12 -45
32 -13
-1 -16
-13 5
23 36
-5 25
-36 -32
47 -46
-48 -31
22 17
-5 -8
-24 -40
13 -4
19 -40
-6 -11
-31 18
30 16
-13 24
22 14
40 39
-35 -33
-13 -6
14 -6
37 -4
2 -3
32 -10
48 22
46 -13
36 26
17 -7
46 8
-16 -26
-30 9
27 24
-30 17
48 30
-22 39
12 36
12 31
11 0
1 -33
10 48
32 47
-40 -18
39 20
47 4
46 -20
1 -41
-23 -43
49 -47
-3 31
41 -40
-19 -36
-43 -30
-34 -36
45 13
23 7
8 -15
-18 -44
-37 20
28 0
46 -44
-42 -41
-12 -17
-49 8
-32 31
47 -22
-30 32
31 46
-9 -8
20 14
-2 -22
-4 26
-46 26
-30 0
31 41
-30 -46
45 37
25 48
41 -38
-49 -22
17 40
38 -46
-3 -10
-47 -40
-39 11
30 -14
-7 -15
4 2
21 9
-43 -44
21 22
-21 -45
5 -29
9 -15
34 32
-28 -8
-18 42
-36 -37
15 49
-19 24
-11 11
44 2
10 -49
26 8
15 -39
-43 10
49 -8
30 24
-6 20
26 -48
-37 -13
33 -24
39 30
33 -47
-11 -19
36 25
9 29
20 -6
13 7
-18 49
-17 12
36 -30
-9 -48
-5 -6
-24 43
35 23
39 30
1 -41
42 11
26 -8
14 -15
31 43
23 -38
-33 -6
-9 32
10 34
-46 43
36 -13
11 35
0 11
33 -38
35 29
0 -26
22 2
13 2
-22 -38
18 20
-17 22
-19 -2
3 -24
33 -6
-13 -30
4 41
14 27
26 -12
19 -34
9 49
-8 43
39 34
0 -37
-21 -42
-13 -16
-31 43
-32 -43
-14 -18
-41 -6
31 22
42 -24
42 -9
15 -44
-30 -33
-21 30
-20 -38
-7 0
-28 -18
-14 -38
6 19
46 -37
18 -26
-2 0
30 -12
-28 -28
-7 12
24 30
22 -13
-27 34
2 -25
-4 47
42 -27
21 36
11 -8
-10 0
-6 0
6 -43
-30 -17
13 1
-47 35
46 -1
-7 43
-27 42
-19 -22
23 -32
43 10
42 21
41 -48
-37 -47
-8 33
33 -9
-37 -28
-46 -20
-31 18
13 -23
13 14
3 -39
-49 29
28 38
4 23
-44 -43
17 -45
30 43
10 -49
24 6
-13 -17
12 3
-17 4
22 14
16 41
0 -16
7 47
-22 -7
18 -11
-36 -18
11 -11
-19 -18
38 -35
21 44
37 33
-5 27
-15 -46
-14 -41
26 9
24 -30
14 -5
-44 42
-6 -28
30 -46
10 46
32 21
-28 -48
28 15
10 14
-35 -32
-35 12
17 -41
-36 -38
1 25
42 19
11 38
28 -9
34 -29
-49 45
-12 34
49 -43
-41 -42
36 48
-31 -45
-39 39
-42 -31
5 22
-6 19
4 8
31 -44
-44 -10
-44 9
-20 35
0 41
-37 -20
4 -18
33 46
32 31
10 33
-49 -21
-16 22
33 39
-11 17
6 -4
27 -6
46 38
-7 20
-42 -23
-37 -34
-41 -21
19 -3
-40 -49
41 -5
49 49
32 -29
-13 34
31 -2
-26 -39
25 -14
-21 -42
48 48
0 -19
33 13
-17 -8
-15 16
46 -36
-44 15
-36 -13
49 26
-43 22
-7 40
33 47
9 -26
38 -28
10 0
45 0
-33 -1
-43 16
-12 45
16 34
30 12
20 -29
1 -44
0 23
-18 39
39 38
-33 -9
25 -48
6 -3
37 -23
32 -15
-42 5
-28 48
24 34
-8 -31
47 10
-42 -11
-16 36
-32 -33
-7 15
-20 46
25 -48
-16 -12
11 -48
-49 23
7 -37
23 8
8 34
-18 -8
29 33
35 40
-19 -30
9 26
36 38
-49 -3
-6 -15
0 -43
10 3
11 13
30 6
-14 28
29 -45
29 12
-15 43
2 46
5 7
16 -29
-37 -44
-43 25
48 16
-35 -39
-4 5
43 -34
21 -36
-33 -23
4 36
-23 34
-37 -13
-1 44
48 23
8 19
12 48
10 0
46 -23
-37 -6
-39 0
1 -39
-23 1
-9 -16
-12 2
-40 -49
-36 -38
34 -38
6 3
5 39
31 -34
-39 -12
-19 -23
-25 0
-26 0
-21 -38
1 -21
6 9
-42 -20
-15 -18
-45 -17
-48 37
-13 -44
-23 14
-14 -15
-2 5
-30 -49
31 9
-26 -1
-29 3
-20 -19
-46 28
45 -15
-10 -6
-1 -25
21 -34
5 -25
44 -40
-25 32
-3 -21
-34 -6
-45 -49
48 -34
-28 -37
-12 -12
20 47
31 -4
-19 28
-18 6
-45 -46
10 34
-21 -25
24 4
-6 -31
47 -40
-24 -43
-16 -46
-5 23
-12 44
-5 1
-38 -10
-26 -41
-19 27
-40 19
12 27
-40 -11
-8 19
-45 1
-27 20
48 -11
-37 -19
7 18
14 46
-16 -13
35 30
-17 46
28 -47
15 49
-49 -44
-8 3
-19 -15
-5 -4
-1 31
-49 46
-7 -14
9 -23
-37 -11
-47 -18
-46 38
-12 7
0 -28
24 -6
-23 -15
-11 44
46 -23
-9 -34
15 -40
-11 21
31 -34
-40 -17
39 0
23 12
44 -1
16 17
33 27
35 -16
1 30
-23 45
42 35
44 34
-17 -46
28 43
5 -12
45 47
47 -12
-6 -38
38 35
-8 15
-43 -37
-46 -21
-48 22
16 -16
47 28
42 -19
31 0
18 47
44 -13
0 18
3 -2
-3 -1
4 40
29 30
-38 17
7 -22
17 3
-4 -48
42 36
-1 17
35 9
-11 30
-40 48
30 -42
-26 9
15 30
42 -28
-17 -30
22 -32
-19 -14
34 5
23 31
-32 -27
6 41
-46 18
-25 33
-19 29
-22 -3
20 -12
10 3
-28 10
10 22
-8 33
-36 -9
-23 -33
-3 42
-33 18
35 38
29 31
-40 -27
-33 -4
28 37
-31 -26
23 -18
-21 35
48 46
36 -18
-6 7
24 -37
46 5
4 -29
-18 31
5 -21
-3 1
15 -33
40 17
24 -43
30 38
28 -3
-14 -46
-14 32
-28 41
20 -15
13 -41
22 28
45 -19
-46 45
47 27
19 -24
-42 2
38 19
-21 -47
0 43
-42 16
41 -13
-30 28
23 -30
42 39
13 -44
42 24
-3 -47
-38 33
43 24
-19 -7
-1 -36
25 -28
-34 47
-1 38
-18 -19
37 19
-39 -44
-33 -16
-23 42
-13 18
48 18
0 -22
36 -1
-10 -3
-46 -46
41 -49
-11 -20
-43 -31
-16 5
-2 22
-22 22
15 -16
-30 -44
13 -9
15 38
42 26
40 37
-9 -26
-17 -17
-48 -5
36 -24
-11 -12
44 -16
-36 1
-3 -41
-46 -30
-38 30
-46 -24
-45 18
-25 -22
22 35
35 -34
38 -14
-30 48
30 10
-48 -42
-36 28
22 -27
11 31
-39 -35
47 13
47 14
29 -28
42 -33
9 24
-42 15
32 38
-21 -10
