-2 22
-5 13
38 45
37 -37
43 4
18 2
11 -29
-30 49
-32 19
-39 41
21 35
38 -36
-18 -49
22 -24
-47 -35
-3 19
-36 24
48 3
-2 5
-29 -21
30 37
16 34
-12 -34
-38 -22
-38 32
47 -25
-35 -19
-13 32
-20 39
46 49
1 -1
-48 47
19 -17
-41 -45
24 45
-28 25
17 48
5 -11
-24 20
0 -45
28 -40
8 13
46 33
20 15
40 -21
-46 38
45 -17
1 -49
40 -32
23 37
-9 35
47 -40
-33 -40
15 34
40 -45
-27 37
32 15
24 15
13 -7
-21 -33
19 -21
35 -34
36 42
31 13
-33 -39
-7 21
39 11
-38 8
14 -2
11 1
-9 -34
19 3
-28 -23
-49 47
19 -42
-26 33
10 22
-19 -10
-3 31
37 27
22 -19
3 26
44 -23
46 47
-25 -44
-2 -31
16 -37
33 48
-44 -25
13 2
-44 -9
-26 -7
5 -10
45 -41
29 28
-8 -48
-38 -49
27 1
0 25
-47 -8
-32 -10
-45 -29
-36 23
-14 14
23 15
26 39
-7 6
4 1
-12 13
49 -19
43 -46
27 -1
38 -25
-48 32
23 -6
17 15
-33 27
0 34
20 -28
-22 38
-29 30
29 -47
-40 -19
-15 -13
44 -46
3 17
14 12
-44 -48
1 -48
-16 -29
2 32
-43 -1
-18 13
-27 44
41 -14
12 35
6 46
-47 -39
40 -9
-16 -49
5 5
-48 19
-40 -35
0 1
20 9
-20 -15
-49 9
-14 -2
-43 -25
39 21
-15 30
2 -9
42 -21
14 28
0 -26
0 0
10 23
45 -41
42 17
-35 13
23 -40
-5 40
-6 32
-35 35
-1 6
37 38
-20 10
-14 -7
-4 -42
29 3
27 19
-27 8
-3 -27
42 14
9 43
12 12
-23 -14
-34 10
-17 -1
-34 29
27 -10
25 -47
25 -48
-15 -19
24 -26
-43 -15
20 -21
3 -4
14 11
26 -34
39 24
-10 -2
-29 -48
12 -4
29 -30
-33 30
-42 34
-24 -30
0 9
-25 25
-12 46
-39 16
-28 0
28 34
-35 -7
-42 13
25 20
-43 -17
49 35
-30 -15
-29 -27
-26 -6
-4 41
-24 25
14 -2
-7 23
24 24
4 2
3 -7
-15 -11
-33 -13
42 32
-19 -36
-46 -43
-45 -13
34 33
47 22
-37 -24
-31 -6
-25 0
-34 42
-46 31
-31 7
-31 49
11 15
27 -37
43 42
29 41
-33 -27
-14 -22
-9 11
-49 -33
26 -25
49 -47
-23 -29
31 -48
42 -29
7 10
-26 -12
-15 33
35 -11
-41 -9
42 -42
38 3
49 3
40 -19
26 -14
9 9
27 -4
-16 -32
-28 -8
8 -23
36 6
12 4
-22 26
9 -8
-31 27
-21 39
-31 -12
0 45
-18 9
21 22
16 -19
-20 39
-10 -31
-31 -3
-46 -21
-24 -2
-13 8
34 46
-16 -49
12 39
-31 9
-21 45
-47 -32
33 12
6 42
13 39
40 29
-41 -29
-41 11
2 47
5 46
48 -28
45 24
-24 -23
-29 -30
-8 13
17 -41
37 -31
38 -28
40 32
-15 -33
-27 40
-19 9
-45 -46
-7 30
-45 -20
39 19
45 26
-26 -29
19 -1
23 27
14 34
-10 -42
-43 -24
1 -14
27 24
-45 2
32 18
15 48
-11 4
5 -3
-47 44
-25 -29
-22 23
-44 38
13 -43
-8 -27
-14 5
-49 -12
20 48
-17 9
-40 11
9 -3
-48 -9
39 -38
20 -36
23 38
3 -38
42 -12
-49 39
44 28
-35 30
-24 -49
37 22
-15 -14
-26 16
-42 -7
22 -23
3 13
-33 -38
7 9
8 -28
-25 -23
40 9
9 -35
8 -20
30 0
-34 -28
31 32
45 20
39 37
27 13
23 -23
28 32
-16 -43
-11 12
11 -17
-18 -26
-2 -36
-10 49
33 12
-12 11
26 -39
45 45
6 -44
-31 39
5 -14
-3 -37
17 -21
33 18
39 8
10 14
-29 9
45 -48
-20 -34
-35 -35
38 6
0 30
-2 -38
47 10
-2 0
19 15
7 -31
-49 -22
49 -4
-10 28
-11 2
48 -34
-47 -7
15 -25
16 -40
-12 36
13 45
-47 38
-8 38
25 24
32 -21
49 -2
34 -18
-2 3
-25 27
11 -47
-17 12
2 -40
22 -35
-38 -18
2 -43
30 36
47 45
-29 -40
16 -38
-28 -38
-20 -33
-29 -10
-13 -34
-9 -31
-26 34
-23 -44
30 -23
45 -31
11 -22
-5 -14
38 -44
-13 45
-25 -46
-35 -27
25 19
-30 -28
-18 42
-8 18
-49 19
-37 -31
-22 11
-49 -26
-38 35
36 -38
12 4
-35 0
-32 11
-36 0
-47 -11
13 -24
40 23
-37 -47
13 -39
-12 24
-6 33
-23 -25
0 -7
26 35
0 2
-41 40
2 -19
-5 -5
41 43
3 -34
-32 7
-26 -33
-8 37
-36 -49
-36 47
-8 -20
-6 -43
14 -34
5 -20
8 13
-26 -41
-19 6
-13 -42
29 -20
0 -47
27 22
-41 -6
14 -41
-14 38
-28 -7
46 28
5 28
-15 -19
-22 -16
-4 -8
-2 -7
41 -30
47 44
-30 -10
16 0
-10 -25
3 -4
-30 -26
-21 11
0 -7
27 27
32 -33
47 -45
31 -45
23 19
25 47
22 -24
-47 29
-8 41
-47 43
10 -23
-5 -47
40 -4
28 -41
-33 -3
-4 -36
-9 12
7 37
15 -26
30 17
20 20
45 -34
-16 -3
19 28
-30 22
-49 30
-1 -49
0 41
9 -14
47 5
44 -20
-31 43
33 9
-45 27
-24 49
27 -32
27 17
-37 -7
23 -20
31 49
28 15
43 -32
-42 -31
-18 26
-12 -17
49 12
-15 31
6 6
-27 8
-34 -44
-15 37
-24 42
3 -8
29 -45
29 3
-19 -19
-7 40
43 -41
31 -16
8 -23
23 -27
23 30
18 -35
-7 -6
16 -13
-29 14
24 48
0 35
40 46
-37 38
-49 4
14 -34
-26 22
-10 5
33 -9
-11 18
37 -41
-2 7
24 -7
12 17
42 -22
0 48
-27 44
7 32
15 24
-21 -8
48 -3
22 -32
12 28
-28 43
-23 -29
28 38
37 28
42 47
39 19
7 -10
-4 -26
-33 47
-10 -48
-3 -27
-24 33
-39 -48
-31 21
35 -37
42 36
-25 -1
25 -18
13 0
-37 49
0 7
-6 44
32 -18
15 -41
-31 -31
40 6
19 36
45 7
46 -3
37 22
-41 -38
-29 19
-49 -30
-21 -45
27 3
-46 -7
35 9
-36 2
-43 2
-13 49
33 -18
31 17
49 -42
-43 -12
45 26
-15 41
26 -49
1 -39
11 41
-33 24
-17 -48
47 -28
9 -19
-31 22
-25 8
11 -21
-34 44
-23 -38
-19 -37
6 30
-25 -36
-9 40
-17 -40
-35 -8
-46 15
-14 -11
-15 -43
-4 19
-13 19
-28 12
-45 28
16 -5
37 -6
-10 0
-49 27
35 40
25 -19
-39 -46
-15 -42
-14 -41
0 -26
46 -17
19 -40
8 -24
-41 -12
15 -25
2 23
-29 -12
-7 -27
0 17
-6 -29
42 27
-46 -45
17 -44
35 -31
-32 7
-25 -45
-40 -16
-39 -17
26 14
-1 21
-13 33
-44 -30
42 39
-16 -27
-2 -6
11 -36
6 -12
-7 43
30 -36
37 18
10 1
-4 -28
29 43
11 3
10 -15
35 -24
-4 2
0 -42
-29 2
24 8
-9 -9
-28 -35
-48 13
-7 -11
-43 -39
-28 1
43 -43
-1 38
-5 40
-38 -44
-35 -20
-41 -14
-8 -29
16 30
-33 -2
-19 11
3 -28
31 -13
22 25
-11 45
16 38
4 -28
-8 7
-22 36
-30 -40
-25 49
-21 33
42 -36
-7 5
40 36
39 44
-27 -44
-10 44
-8 -21
-4 29
-14 31
-8 -20
20 -36
-38 -6
-38 -8
32 -2
2 29
-1 45
2 5
45 -3
-36 8
48 8
10 -1
-23 26
-37 43
9 -2
-24 10
44 44
-29 37
-44 -21
7 -12
24 -10
18 39
17 15
-32 39
17 12
45 -25
-25 -17
-47 -41
26 36
-29 -28
20 -20
-25 -10
-31 6
-42 45
11 -18
22 0
-21 -33
-20 29
1 21
-17 -14
-4 -11
-40 -17
24 -17
-12 5
31 12
-25 2
-14 30
-8 47
-41 -11
42 23
-38 46
4 -48
-25 33
11 -21
26 14
41 46
31 32
-42 -36
-45 -24
46 -10
28 -48
23 16
-31 -26
14 -5
9 45
-31 12
22 29
22 2
16 -24
25 43
-49 32
31 28
-5 -31
-33 4
22 33
30 -19
40 -18
21 39
-27 -22
25 39
37 -42
22 2
10 11
2 -46
36 -17
48 33
10 -47
14 -24
-40 -10
1 -36
-41 6
-25 43
40 47
33 -10
-3 -33
42 0
28 -47
10 -1
-25 36
-44 -17
23 10
-12 11
37 -43
28 34
16 47
12 -9
-25 26
24 36
46 31
5 30
14 -44
-20 31
9 -39
-32 12
-34 -20
18 5
-21 -47
14 15
3 27
13 -47
4 -37
-49 -6
-20 30
-46 27
35 -6
16 -35
-12 1
40 -27
48 -23
-15 -10
16 29
30 -43
-11 -48
-18 14
-10 -30
-35 -16
-26 -39
-41 9
37 14
-13 45
-15 39
46 41
-9 -9
32 29
-28 -30
-37 40
-35 8
21 1
36 24
-47 -24
-21 -46
9 34
-34 30
-6 21
39 9
-32 49
35 11
-15 -1
-27 45
3 -25
15 -2
-4 21
-18 6
40 -33
24 19
-34 -31
-20 -14
9 29
28 13
-36 -22
5 -18
34 25
-9 6
43 20
34 -44
8 -20
-1 -40
-24 18
40 45
-5 3
30 -8
24 -9
-35 2
-13 -3
49 9
0 -43
8 -42
32 9
24 16
14 26
39 36
0 -36
15 -31
20 -30
2 -27
24 -30
-14 11
1 14
45 -6
-24 -10
14 18
47 42
25 -20
46 32
24 -2
40 -13
44 10
41 -29
-36 48
33 8
30 -32
-1 36
-20 -7
-16 -38
-37 44
2 23
-8 -5
-16 37
14 -22
-40 -8
-37 -42
12 -48
-44 17
46 -23
-12 -42
-24 33
25 -13
35 27
-15 44
22 5
6 5
-15 39
46 37
-39 -16
13 -26
35 -49
-20 -19
-3 22
7 43
41 13
-46 38
-18 0
-5 23
44 -26
15 -43
33 -4
-38 -11
-41 -1
-31 0
-27 25
-33 5
25 -45
6 -41
-20 32
-24 -17
-39 25
43 -12
-21 35
31 -1
5 0
3 -4
-2 3
-24 -12
33 -4
39 22
48 -9
-28 -19
5 -15
0 -31
46 -36
4 14
-42 42
-18 -42
-49 -7
33 -27
-46 33
2 42
0 2
-47 22
-36 -2
12 -2
-30 -6
-37 48
31 21
18 -42
-23 -21
-36 15
41 -14
-20 -23
14 6
42 -11
10 35
16 40
-2 -35
-24 8
-42 13
24 -45
14 -33
1 7
23 48
0 -38
-31 -12
33 -9
46 -4
7 -2
25 -4
2 28
23 -36
-49 -19
-7 -16
46 -46
0 -22
29 -34
22 16
9 26
-24 -30
-11 48
-10 34
7 28
21 -14
-5 -24
6 -23
48 10
38 -43
-2 -1
-40 29
-42 -24
1 -26
-38 -12
-10 8
18 -3
-16 -43
-28 -16
49 7
24 -11
39 14
47 -41
4 9
23 -3
-4 38
30 10
-31 20
-12 -49
-14 -32
15 18
-14 -35
41 10
12 21
45 21
-1 -21
29 5
42 -2
3 15
-27 -32
12 33
-48 -43
41 -33
-44 20
15 -20
-20 -24
-41 -14
-5 3
-25 -39
-28 14
9 25
-48 -37
-49 20
3 27
-3 -15
-28 25
6 16
21 42
-10 25
3 -31
-29 -15
47 -42
-33 -46
-12 -11
26 -32
25 39
-24 4
38 7
9 41
15 30
-43 43
0 -16
-7 -22
-46 -10
-20 -33
-44 25
-1 29
41 26
-16 -35
9 17
-35 29
29 9
18 -13
-22 5
48 25
8 44
35 9
-43 7
-36 0
23 -32
-31 11
-46 47
-43 -34
-21 -6
3 -7
-1 17
-7 0
-14 10
35 3
-29 28
-5 -16
-13 19
-49 -37
7 0
-42 -41
-43 -44
-8 -17
-4 -10
31 -1
42 30
-16 34
33 -13
48 -12
25 1
37 12
32 -4
32 17
-5 48
-42 -6
4 -10
20 -22
-31 0
17 -15
23 27
-13 -11
9 -37
-21 18
-7 42
34 -17
21 37
-31 39
39 -47
18 -28
6 16
47 -24
7 -45
-3 27
43 -2
24 1
37 9
27 -37
4 -17
-1 38
-43 7
-36 10
15 13
45 40
-1 -10
8 22
38 -18
-27 -33
40 -37
38 32
24 9
8 36
28 27
0 -30
-26 -11
-3 17
15 12
36 6
-17 36
22 -3
49 -21
15 -21
-8 -22
-10 25
-24 40
44 11
37 -11
6 -44
42 20
4 40
-13 -44
-23 -7
20 28
41 15
10 22
-15 31
-10 32
-8 20
14 39
32 -33
34 -32
24 43
33 44
-45 -25
-35 -2
45 -10
-33 19
28 23
47 22
-17 20
8 17
-36 -45
20 -7
34 -48
-7 -40
12 30
18 -6
-13 -46
-35 24
-36 -40
31 -11
0 34
42 -4
-10 29
-10 38
24 -6
42 47
-24 22
24 44
20 -14
-35 -37
38 -17
-33 -16
49 28
-26 21
23 -42
-30 16
4 35
21 18
27 -49
-25 3
-24 -30
-10 -15
-9 35
-39 -48
-41 -48
-40 8
-34 34
33 -15
-17 -45
20 10
34 -46
-47 0
-13 -28
-4 7
-48 34
9 -41
-19 -48
27 45
25 -44
-9 17
-25 27
-38 21
-34 -6
-5 20
-33 -17
24 10
-44 44
-7 -21
-1 35
-34 -43
46 43
47 14
-49 35
36 17
-45 42
27 -23
17 -4
4 45
23 36
-22 8
-19 12
37 -40
-12 46
46 -44
-8 46
-2 49
31 -8
-20 32
15 -42
35 -1
-44 26
8 2
-10 28
-22 14
-32 8
16 7
18 15
35 32
-25 25
-42 -17
10 5
-6 1
47 8
-47 33
-6 -22
41 -29
-29 -1
-4 44
4 -5
-27 -35
4 42
32 -21
26 -36
46 -27
34 -49
11 -46
8 -43
-1 21
-32 20
13 21
-4 -24
-47 1
3 23
-1 -3
-30 -10
44 -46
2 10
38 -13
-36 0
-11 47
8 -28
28 28
-3 -12
25 6
26 -37
-25 47
-49 -22
-48 -41
33 -12
22 -23
-9 -2
3 19
-17 -3
-28 13
-9 22
46 37
46 25
-30 -12
10 47
9 -45
-12 16
7 -14
-43 9
47 -40
-47 -36
45 43
7 -31
26 -44
42 -6
43 2
-15 3
-35 43
3 -32
-22 2
4 -9
-19 4
21 -32
-38 41
-46 -28
26 45
36 0
12 30
44 30
-1 13
6 26
24 27
-26 24
-32 18
-27 21
32 37
-27 -49
-29 5
20 -5
5 -17
24 42
38 -25
35 40
-34 12
-1 18
-21 34
-6 2
47 -11
3 38
9 29
37 -39
46 -28
-11 30
35 0
30 -24
-6 -6
24 0
6 43
-14 -34
-14 -11
41 36
-14 -5
15 -16
40 25
24 -35
39 40
-49 13
-32 -48
-17 26
12 44
12 27
-36 -43
26 -21
-42 35
-43 -40
-28 -2
-45 32
16 -9
4 -19
-24 -34
3 -5
0 24
38 -8
18 -31
25 -28
-5 -48
28 -35
47 -40
0 41
-18 -7
13 0
37 -47
-16 15
-14 38
-47 -16
-42 -10
-38 38
-47 -9
26 46
-38 48
-42 5
29 48
46 -13
18 24
10 -16
15 10
7 -20
37 5
21 -19
-15 2
-9 1
21 25
38 -16
11 49
-2 45
-22 -11
26 -32
-46 -27
-18 -15
-40 -32
44 -42
-48 -38
-4 42
11 31
15 -30
-22 46
-18 44
-31 -30
-18 -16
28 -4
-32 -22
-13 -1
-38 22
36 -14
-47 -16
-49 -26
-40 23
-30 37
-21 -44
-34 44
-4 -47
13 15
43 14
15 25
-46 -22
-22 16
-11 -16
-23 -20
-39 0
-34 14
-35 -4
-6 8
-38 29
-3 29
-31 -1
-38 31
37 37
-35 33
0 32
-19 -22
-23 20
-18 25
-19 9
-30 20
16 -34
41 14
24 10
49 46
4 6
-11 13
-20 -21
-49 16
37 -1
-6 35
49 -14
-13 -21
-6 -47
-41 21
-19 -11
4 26
-39 19
7 -38
-27 5
8 26
15 2
39 -17
43 -23
15 48
23 38
39 17
-37 -1
-10 -25
-46 -11
-11 -24
24 40
-48 -33
25 11
5 -32
40 -20
-18 34
44 24
15 -14
-49 11
47 10
-13 -32
36 16
4 34
35 41
27 27
12 33
-48 6
48 49
46 -9
45 19
40 16
18 6
42 24
12 3
19 34
44 -40
35 14
-49 11
-14 18
38 -38
44 -4
-49 -42
29 -1
-40 20
-21 -29
14 45
-27 -33
-47 -34
-40 -6
39 43
-17 39
35 -12
-20 -47
43 -47
28 -19
-8 9
-42 5
-48 -17
10 -18
-35 -10
38 27
-1 5
-42 -39
-35 -29
-28 -10
24 -38
4 14
26 9
38 -34
-35 13
-29 36
-12 -26
27 49
-40 -2
8 -19
-32 -19
-23 20
38 7
3 45
-21 0
27 -9
-46 8
27 1
-18 -25
-33 24
-33 -31
-16 -21
-16 1
38 10
14 -43
5 4
37 2
-29 35
5 43
-17 43
-23 -37
32 -28
22 1
27 -9
12 4
17 -2
38 -2
19 4
-24 -33
36 4
-32 15
-23 1
-35 -45
43 -45
2 -39
47 37
44 17
38 1
26 21
17 35
11 -44
21 -20
-21 10
-12 -38
5 -41
-8 36
29 -12
46 44
-48 46
10 -47
-7 47
-40 -16
37 41
-21 -27
-38 35
-45 -1
-8 3
-6 -44
-21 3
46 21
-9 7
-16 0
44 26
-34 27
19 -49
43 17
49 -49
-42 44
-24 4
11 -46
-34 40
-16 16
-29 -39
-35 -24
37 35
30 -19
-19 24
19 -20
-18 41
14 -1
-49 -25
-30 -9
36 16
33 -47
-43 -24
0 -39
-31 37
3 -11
-41 6
37 -30
8 30
-4 -21
32 -30
-32 0
-45 23
35 16
46 -35
-8 45
6 -45
48 -6
1 -46
8 -36
-16 25
-39 0
-8 -42
-28 -26
-47 5
-8 47
24 46
23 -18
-26 12
-18 25
11 25
25 -25
29 27
-35 17
23 26
34 8
7 26
-38 -41
-24 47
-13 -6
36 23
-42 -8
-21 19
-5 35
10 -26
-1 -36
-29 -25
-23 12
48 -31
7 -24
18 46
-47 -27
-37 29
15 -37
-39 43
-5 -19
45 -27
49 -26
18 -41
18 -27
-1 11
25 -10
0 13
30 -16
49 20
48 -20
-15 42
-7 36
46 -37
1 -5
41 -18
-40 44
20 -33
-17 49
-49 7
-6 46
48 2
26 38
-5 28
-27 -34
-31 1
14 -11
-39 46
41 -10
21 -8
-44 37
-19 31
-24 -15
24 -26
5 9
-33 -23
48 11
0 -44
43 0
45 17
32 -8
18 -6
24 16
1 -49
-34 -47
20 36
-6 15
-42 -19
-24 46
31 -28
-1 -47
-22 -39
28 17
-11 -6
-27 26
-37 36
-46 -34
39 -39
-48 -26
-38 -9
-35 30
-19 25
44 -37
40 46
-39 4
40 21
-6 -13
-33 -15
4 20
40 -37
-29 -44
1 -24
-11 8
-23 -10
0 20
20 47
43 -8
1 -40
24 11
-10 18
-37 -31
19 -26
25 -49
-33 -30
16 23
0 -31
-18 -29
29 -39
13 30
-19 49
24 -40
21 -18
17 -37
27 13
20 14
-23 12
18 20
-37 -7
0 -39
-28 28
34 36
-33 35
-7 -23
10 -27
-20 21
38 -9
-42 42
38 -13
32 -40
-40 -45
11 -16
36 -34
-18 -34
-16 13
-7 -13
-37 -15
44 -32
-28 -11
9 7
19 5
-23 -24
22 -47
-25 4
-28 -26
17 38
-17 -8
9 -44
40 42
-47 21
32 17
-26 47
-37 9
-35 39
-28 -39
-35 -45
-25 32
28 32
-32 7
-23 30
-36 -27
-35 -30
30 45
20 -13
-5 -21
34 19
31 35
-49 35
17 0
-19 23
-28 34
39 16
1 10
15 -48
-25 27
-2 32
41 -33
21 42
-34 45
42 -32
-34 34
19 43
41 -24
46 -34
4 -33
12 4
-32 -8
24 -12
16 5
14 2
36 -30
45 -30
-14 47
22 -12
-15 -49
-22 -33
25 -10
-12 -19
49 -24
-8 46
-44 -49
-3 -27
18 5
-6 -48
43 39
-30 -11
-9 -3
-44 -24
23 -3
37 29
-42 -2
-27 -2
31 -46
45 10
-12 -18
48 -20
19 -26
3 33
43 44
8 21
45 -35
-12 -10
-5 14
-19 24
43 -12
47 -33
-16 -29
-13 6
18 0
-20 7
-34 -49
-39 -18
37 0
-25 49
41 6
49 -12
-11 -31
-44 33
31 38
-4 14
39 24
44 -34
-27 0
-16 -4
29 30
37 -24
44 -21
21 34
-49 30
-14 2
37 -16
-31 -4
26 -9
-13 -9
33 -18
36 -20
-17 -11
-41 -6
-43 -20
46 -39
-42 -34
40 5
17 -47
-26 -42
28 26
31 -19
-48 39
-37 -43
14 -19
-13 -6
34 -26
-38 21
5 28
5 -34
19 20
16 -41
27 48
4 -41
28 27
33 4
24 47
44 -4
-2 19
-14 -27
42 -34
-49 -17
49 0
29 -22
28 -41
-33 25
-40 16
-36 0
-11 -7
8 -27
13 32
34 -12
-40 22
28 20
1 -9
-29 -6
0 -44
-15 -25
-24 -37
15 0
-2 -4
-16 40
-32 43
-25 -33
39 33
-31 -7
-38 -3
0 25
21 43
23 -46
49 -7
-12 -7
-39 -36
41 -38
16 -20
44 -35
-49 8
-9 34
39 -22
-29 -48
-19 25
46 34
5 0
46 17
0 -19
-9 2
-43 27
18 -26
-6 -41
0 24
37 -9
49 18
15 8
-41 32
10 47
47 26
-14 47
-18 -40
38 -44
-4 41
37 29
31 5
-37 -33
-36 0
0 39
-47 -15
42 3
-41 26
23 43
-24 42
8 1
40 36
-1 40
-49 -12
48 7
31 -25
14 -19
18 -32
-44 -15
-31 -47
-25 33
25 -30
-24 -40
1 -35
-46 39
41 -44
39 5
19 12
-39 -25
43 30
-9 -36
-33 42
-49 7
-34 19
15 19
-20 -1
-7 21
27 10
44 18
48 29
0 49
2 -31
-1 -34
1 16
-39 31
-24 42
-31 42
43 -2
36 -11
8 13
-17 -44
19 8
20 -9
11 -40
-19 -19
-30 -27
-38 39
-9 40
-1 -27
-8 5
1 17
15 11
-45 -41
-46 7
-11 -48
23 32
-41 34
-5 -22
-45 1
-23 38
6 22
14 -35
-32 -9
9 -35
33 -25
-47 26
9 3
42 -41
27 18
-13 -13
29 39
-37 32
23 -15
20 -17
-23 -1
-18 5
46 -36
31 -26
11 31
27 -28
-41 -26
-7 33
49 -16
33 -21
36 -47
2 39
-6 5
18 0
-15 -12
-23 -37
48 24
-8 -48
47 -42
-8 -15
23 -5
6 -44
-3 48
-17 24
-22 -35
-39 -10
-9 -34
27 38
-45 31
11 -49
42 -44
-14 19
15 -23
47 21
36 5
-42 28
-36 -3
-48 27
-23 -1
-2 13
15 -22
29 21
-24 16
-19 14
-14 -28
0 32
-8 42
15 -47
49 -20
-41 -44
-9 0
-35 46
34 44
-13 -13
-11 18
-18 22
49 13
36 21
-10 20
14 -10
34 18
22 -27
38 -18
10 7
5 -16
25 -36
47 -13
27 -25
31 -32
-43 24
-32 -9
40 -6
-48 -9
44 -15
12 -23
-6 15
30 0
-40 35
47 39
43 -38
11 -8
-20 18
23 -45
-16 -47
3 -28
48 -45
1 12
-42 35
31 32
-4 14
-10 19
-11 -44
18 -4
20 15
14 1
-8 20
-23 7
-44 -24
-24 -45
44 -37
49 19
45 -44
-34 37
34 -12
9 -8
39 4
-46 0
0 -23
6 -18
-42 -49
-41 -16
45 -43
31 10
-17 15
-32 36
-15 -11
35 40
4 -44
-21 49
-44 16
14 -23
-6 44
-44 -13
5 -27
-48 -4
2 -42
44 -37
34 -44
-14 -42
8 21
-17 18
-48 0
36 -41
48 28
-10 -39
-18 24
9 20
19 -46
37 -10
30 18
-35 34
31 0
31 39
-20 0
17 4
39 -35
42 -28
0 -34
4 47
2 23
-17 28
-33 0
39 -34
35 39
16 21
45 37
37 -27
-48 -28
38 17
-24 -23
-17 -43
10 32
-37 40
48 -11
-38 15
35 12
11 7
-5 -20
6 -24
44 -20
0 -29
-6 0
2 0
13 18
43 18
-10 -4
-48 46
-18 -30
29 -19
-27 -36
16 5
39 -30
-40 17
49 41
-34 -26
-10 26
30 0
31 47
5 0
-47 -29
4 10
-5 -45
-26 27
-46 47
2 24
5 -32
9 33
31 -28
19 42
6 23
-46 3
42 45
41 -16
3 43
21 31
47 6
3 -28
20 16
-42 7
15 -39
41 -26
-21 -33
-22 36
-24 23
6 49
43 -39
33 19
1 -32
-46 -48
43 42
-25 -43
10 44
19 -28
32 8
-9 -12
11 48
-43 7
-20 -47
49 -39
36 11
-13 36
-9 -43
-29 -6
30 -27
-13 -24
-10 -10
-1 -19
1 -42
20 -20
35 -43
-34 46
38 35
-14 35
37 6
-40 -38
-47 -24
37 6
-14 -25
31 -42
12 0
0 -38
37 45
18 18
-35 6
-9 3
4 41
-47 35
-40 6
1 49
31 -20
-4 39
37 16
32 -41
-25 -46
7 -35
29 -21
-41 -11
9 30
49 -6
-11 8
-30 42
32 -30
-22 3
-45 -1
30 23
27 5
-38 -7
5 15
46 13
22 49
-37 -28
-26 -16
15 -45
-43 2
34 -49
0 25
25 -23
16 -11
37 46
-16 21
11 25
37 38
-24 -1
23 -8
-8 -37
-43 2
10 -42
-25 19
37 -45
-27 -48
-5 1
-24 -24
-47 -28
-43 5
33 -14
-12 2
-30 -45
4 12
-18 22
-16 -27
-26 31
31 30
8 -42
-39 29
34 -13
49 23
8 -5
-26 -26
-8 15
-15 -48
38 -40
1 -41
18 13
10 23
-2 42
4 2
-23 -15
19 45
-13 26
37 27
31 -21
45 -29
22 5
4 -4
-27 -21
18 -45
-23 -40
1 -11
-11 -7
15 45
-21 13
-39 -40
-27 41
31 -8
-5 24
-6 -46
-48 39
-14 22
-23 -38
16 -35
-11 -6
42 44
39 -30
-25 -4
-21 -11
12 -36
12 41
25 16
49 27
49 18
-26 29
36 -41
37 37
-21 -16
-40 -25
5 -31
-9 -32
8 -14
19 45
11 28
31 44
15 34
36 -7
-46 9
-24 42
1 -32
-41 -24
46 8
-15 4
-29 -40
-6 22
-40 -5
8 18
-34 27
-26 16
26 -43
38 12
-32 -28
-18 24
-21 44
-21 -43
46 -6
0 15
-41 23
10 -36
11 0
34 30
13 -4
-3 26
13 -11
8 3
1 -39
-35 47
-20 -42
35 38
38 18
-42 35
-4 2
11 5
-31 27
41 -20
-39 -20
2 0
44 -20
4 27
-18 -43
-7 -23
-43 -42
1 21
-15 -20
41 -33
26 -22
12 -14
46 19
-48 19
-33 36
27 41
-2 -14
39 41
-17 21
-26 13
32 17
-7 24
41 38
43 -37
25 -13
12 -27
-34 -14
5 21
-42 -16
10 -13
-5 -35
-15 -42
-19 -46
-9 -45
43 2
-43 -24
-11 14
31 -44
-42 45
-8 21
-34 -18
-27 -15
10 32
40 -30
31 -39
43 -47
23 -46
-45 -6
11 3
3 12
1 -25
-36 -45
-10 23
-17 23
0 -36
-22 -37
21 23
28 -49
-28 -46
-22 -15
37 -12
15 -35
-35 34
-2 15
38 21
-34 -17
-30 47
33 29
-32 -41
-27 -25
29 39
19 -24
24 -26
-41 21
-31 -11
-40 -3
47 39
-22 -11
0 9
8 -25
-27 -47
-48 -26
13 6
30 25
-47 3
24 27
-38 30
-3 21
6 43
34 -46
2 -49
-24 -13
6 18
-37 41
39 -44
-49 5
39 28
12 0
-6 45
-35 -48
0 -40
14 -33
-6 -30
-49 -6
6 -6
-41 41
-44 31
40 -23
21 -25
11 -40
-1 -36
27 -41
-48 11
-26 -25
24 35
33 -48
48 35
-39 -30
42 -34
15 9
6 34
35 -24
20 27
6 -42
-24 45
22 -24
12 -12
-33 48
4 -29
-33 33
-36 10
-1 -3
-11 40
33 -41
14 18
-32 26
-5 -33
-33 19
49 -8
-6 31
-26 25
25 43
-38 36
34 33
-3 -23
-13 -28
25 -15
-19 -10
-22 21
-5 -25
3 -30
2 -18
46 38
-38 19
27 4
49 -14
4 -48
-24 -35
30 -26
-17 20
-17 29
-27 17
17 -15
-24 1
-38 16
-45 -27
6 -36
37 -44
34 36
-15 31
-23 -16
33 -12
35 28
-14 -43
-10 -46
3 -10
40 3
6 21
4 21
5 26
30 30
-39 -46
-29 -45
39 -34
-32 -8
23 -18
-23 3
21 8
24 -35
-32 38
3 -20
24 46
-28 19
-46 -21
-2 -26
-12 -27
-3 41
9 7
-40 14
-24 -19
45 16
-19 43
20 -48
45 -33
-34 42
11 42
-39 -15
22 6
19 47
8 -31
-36 3
27 -36
1 31
-15 -6
47 -11
-7 -42
45 -34
-10 47
-12 -2
43 1
-48 5
-18 -48
27 38
-37 -9
25 24
-20 26
-31 -7
46 -20
36 40
11 35
44 -42
15 13
35 21
-40 6
41 4
49 -27
-35 -16
41 -36
37 -16
-37 -46
-9 4
-6 37
34 11
18 10
6 43
-46 48
30 35
-23 8
2 5
43 -21
-36 45
1 -26
-2 25
1 -26
-7 -13
-16 42
-20 36
24 -49
32 3
-49 45
0 -42
13 -11
36 -8
-31 -31
18 14
26 42
-8 -39
-29 -12
-10 -28
-4 -8
-5 28
41 -30
42 -46
-46 24
-7 0
-31 -24
0 -30
-20 28
26 -6
18 17
23 -23
-49 6
6 32
21 -48
-5 44
-23 -23
3 5
-46 16
-40 1
42 0
43 -43
47 35
3 -9
-22 -47
27 -25
-5 -49
32 43
-47 37
26 -13
-2 -41
-28 -34
44 -1
21 -33
-7 -38
15 -9
42 -12
-25 24
49 -44
-15 38
-34 -10
-34 35
26 19
-26 -2
30 20
34 16
25 -25
2 -3
-8 28
-4 -34
-14 32
-1 -41
24 -13
24 31
2 -49
-31 37
38 -44
41 -40
-35 48
47 -13
40 33
27 36
-46 -10
30 8
-23 46
49 48
23 -11
17 -22
33 33
-6 -2
-14 25
33 49
-29 29
20 -44
-48 -21
11 -13
11 -40
-6 -39
3 -15
28 -30
25 -17
44 -39
2 15
-46 -24
-31 -34
-17 -24
-38 13
45 30
-28 -42
-46 34
28 25
-10 -13
-9 14
11 -3
-40 31
-9 -33
-44 -21
-41 -24
-11 -40
34 -20
-10 14
-46 15
14 32
3 7
-22 -27
19 0
-41 -21
8 -1
7 3
-24 -19
-25 14
43 42
23 -28
-9 -45
6 -21
23 -3
45 30
22 49
21 -33
26 -16
-43 45
-2 -30
-20 7
-46 -4
-31 1
49 22
2 -26
-4 -32
-3 10
-2 32
-47 18
-48 4
29 16
-33 9
-47 -17
49 -33
-46 -37
-38 18
-15 11
-41 -32
-25 -38
35 -16
-43 -18
-5 28
-41 -8
46 20
39 18
-42 -21
-37 4
-32 -37
-11 -44
-41 26
43 20
-7 49
18 -23
14 14
-35 41
-18 -21
-3 35
25 45
24 20
0 37
-45 37
-34 42
-8 45
-31 -21
-33 33
40 -29
23 -45
33 -6
11 -29
0 48
-17 -34
3 4
29 -21
23 15
-1 -1
18 -23
-46 5
-20 34
29 29
-31 15
-49 21
-38 -49
19 -13
-49 20
23 -41
49 35
-31 0
33 -14
-47 -47
12 -22
41 37
-2 -24
-25 5
3 11
0 26
31 35
30 -13
-24 -7
27 2
28 -7
27 39
28 -46
-22 -40
1 -46
1 -38
-20 5
-27 -4
19 33
-24 -28
-4 -30
25 -43
25 42
39 -3
44 48
-27 47
-7 27
9 16
-49 -20
25 44
30 -49
42 -27
-44 26
-6 37
37 39
0 21
34 -6
29 -15
-14 44
0 -26
1 -22
-6 -45
-46 -1
-5 -17
9 -1
49 -10
-37 -47
-25 39
38 -40
35 26
-16 31
-30 4
17 27
-34 37
0 48
-4 -13
19 -49
-42 -9
-29 -46
0 40
38 39
8 46
13 19
-34 43
34 -17
35 29
-3 -23
-8 -17
-13 -23
-26 45
26 -35
-30 -49
24 -20
-3 36
-47 -41
12 37
0 37
-4 -5
41 -24
10 -28
17 29
33 -37
-16 -19
5 34
-28 26
-39 14
28 -46
38 -30
17 -29
-34 -17
-26 -32
-10 36
-16 18
-17 -36
-44 6
11 4
28 1
-2 46
-1 21
44 -21
-34 -4
6 17
37 -14
45 -12
30 5
30 -48
19 18
-12 2
-42 8
-12 -2
33 -9
-5 49
-14 9
-29 -3
48 4
24 29
18 3
-8 11
43 30
26 -20
4 44
-17 -44
-47 -45
10 19
15 -27
-32 32
-23 44
30 -24
30 45
47 36
28 44
-38 -24
-34 -27
-47 -13
5 -27
7 -43
-4 -44
-31 -36
13 -32
-7 31
-34 -28
37 -1
-13 1
4 -5
-11 -31
-27 32
-25 -24
5 -18
-32 -48
-33 26
-12 47
25 2
-2 -29
-39 3
30 -33
-4 3
41 -49
8 -41
-38 16
-7 49
-35 25
-37 -42
48 -16
11 15
-12 -40
49 7
29 6
-24 28
4 -38
33 -10
-25 -24
38 20
36 48
-38 -41
22 -14
-26 44
-44 -6
-44 -24
43 -38
26 0
-9 -37
-7 17
25 6
-23 -36
-19 49
-17 -32
18 -46
47 -8
-37 34
35 10
-30 4
-40 -16
-4 42
-13 -40
14 -6
1 -2
-43 -27
14 -6
43 23
-26 -42
-32 29
-42 -7
40 37
36 0
36 -32
47 -1
48 37
-42 46
20 30
-12 22
37 -38
35 2
40 -31
39 -3
-38 -11
-45 19
16 28
24 28
34 13
4 -35
-10 -18
35 6
-42 24
48 -14
-45 22
6 -16
-10 -19
36 -22
33 42
8 3
30 -44
-1 -25
34 -19
-46 -29
-39 11
-33 28
0 0
21 -18
-28 4
0 45
35 27
-40 -46
-44 -49
12 2
-32 -21
3 21
-40 -13
42 48
-31 36
26 -2
13 24
3 -23
-45 -37
11 6
-8 -30
-4 10
45 -33
5 47
-37 44
-13 -48
32 45
6 37
34 -29
-17 -22
8 -10
-21 45
13 -41
38 -24
38 0
8 11
19 35
-3 -23
-13 -31
44 21
30 15
36 1
29 23
-23 -16
-49 -45
-8 41
12 30
-46 7
28 -7
44 40
33 3
-44 1
-38 -49
22 47
-35 -17
39 35
-39 23
-42 -48
37 -49
-43 28
-19 14
-37 21
-34 26
-2 -42
19 -14
-37 21
-33 -49
3 17
-49 14
-38 -44
9 20
-31 42
38 0
-47 -17
13 -5
6 0
-43 41
-13 -10
-47 29
-35 3
5 -13
-39 22
-43 26
6 9
0 35
3 10
15 28
-3 -3
-32 26
48 31
15 -43
-48 24
-12 -47
41 11
-33 0
-46 -45
-38 -14
9 39
9 -1
35 48
-26 3
-4 -31
6 -27
-25 -9
23 43
34 -4
48 -14
-30 1
-1 35
15 -18
35 -36
-25 30
34 -17
-17 29
23 -8
22 -43
-5 -8
29 29
27 -41
-35 23
38 -17
24 -38
35 34
-9 -11
-12 7
-44 -12
-23 -7
28 -20
-6 -21
-16 -4
22 0
30 -38
-38 -16
48 -38
-40 -26
-12 -18
5 21
-49 -45
20 30
30 28
19 4
32 -12
-28 6
23 29
-9 1
0 4
22 32
42 -21
6 24
-23 42
-34 -45
-3 -45
13 -26
-23 18
-17 -30
45 -14
35 0
42 23
-24 4
9 -35
-37 48
-18 28
6 -41
-19 14
-34 -4
-15 36
48 -23
-21 -31
0 -13
34 19
-10 46
11 18
-7 35
23 -46
42 20
40 22
45 -45
34 9
44 4
-48 1
-15 19
-34 -15
-49 -27
-24 -44
36 -17
-8 -27
-30 -3
28 -28
28 -8
3 10
-19 -2
-40 21
21 -10
-39 49
20 -38
8 -47
36 -19
-49 33
-36 -23
34 31
32 8
42 -4
6 -26
-45 -5
44 -25
-29 -10
25 -2
10 7
-13 -22
-2 24
-2 19
-49 40
-19 -17
34 -22
-26 -15
-18 16
-30 26
17 -15
-38 46
-43 -13
23 26
-30 -48
-46 27
-23 30
45 41
5 27
0 29
32 4
31 18
40 29
24 -46
20 -33
-45 15
26 18
24 18
-8 -39
-35 -30
21 -37
1 -3
37 45
30 -24
-38 32
24 -10
16 -16
-34 -20
0 22
11 13
-43 38
6 5
23 -10
-17 -17
14 42
48 -33
-30 -49
24 -7
-37 32
46 35
-8 -16
-26 -48
32 -30
39 -26
-39 24
-4 11
46 -22
-41 35
-4 48
18 -11
4 -13
23 10
-48 -12
-25 -12
12 -46
38 -36
21 12
17 -36
-26 -11
45 -19
23 -9
42 -22
-28 26
-7 34
-24 -8
35 44
25 18
19 37
-6 2
2 -30
-12 19
-11 30
-46 -22
-23 25
14 8
-12 28
-4 31
-3 19
34 -32
-5 33
-17 -43
0 37
-2 5
-12 -31
31 13
-12 -9
-20 -3
33 6
-33 29
32 -25
-47 -32
-22 -4
-22 11
-38 32
-12 -20
36 -8
-9 -45
18 -13
12 47
-40 -32
-41 -14
-8 -44
-40 24
7 -44
46 0
-34 0
-21 34
-35 32
-27 -29
24 -48
-21 28
-16 -42
11 20
31 7
-43 -1
38 36
-7 19
35 16
-3 -27
14 -42
37 24
8 -25
-35 -15
-16 17
13 -32
-4 8
26 -20
27 -47
12 -8
38 19
-32 8
9 25
-24 -46
7 9
-15 10
20 -49
17 -31
36 16
-15 6
31 33
29 -43
-31 29
19 31
37 -25
-42 9
43 -36
17 -10
-19 -26
-9 2
-14 6
8 9
-27 2
0 6
-22 -23
-42 37
-32 -35
22 -19
20 -48
36 -15
-49 35
-29 -47
27 -49
13 14
45 -32
12 19
-4 -7
32 -33
45 6
-35 5
41 46
13 15
38 26
-20 -8
20 -38
1 18
-29 13
21 -18
48 38
31 31
-33 39
-26 -29
-13 -25
6 -46
7 -1
5 42
-14 -3
-12 -41
29 16
4 3
-23 -34
-48 16
4 40
48 23
-41 25
-28 8
-4 -28
-36 -46
39 7
7 -6
17 5
9 43
-1 34
37 -24
41 -10
-23 -45
-4 -18
42 -7
17 5
-11 -31
-41 -25
33 1
4 40
46 27
-9 48
-2 -42
41 13
-42 48
6 -6
-14 -5
-14 -40
32 12
-18 -45
-34 -43
13 -10
48 5
-38 -34
27 48
-45 -20
11 -28
-13 39
11 -6
0 -36
-44 5
13 39
-14 18
16 26
-21 -8
46 -4
1 5
45 23
-5 -30
-1 -38
1 -11
-20 -32
37 -30
-36 8
-31 -25
35 -30
-20 -20
-43 9
18 6
-22 25
19 -1
-48 -43
-9 29
44 -31
-40 17
36 12
-3 3
0 41
-4 22
-47 0
7 -31
6 -32
-39 -1
-6 -27
5 -19
-23 6
19 7
-23 15
37 -45
-24 24
-6 39
25 -24
28 -13
-35 37
-37 -24
4 28
-49 46
7 -18
-21 18
10 11
-43 -44
-9 30
-17 -46
10 -6
28 0
23 -35
19 -23
-26 -33
-9 37
6 -48
-24 -15
47 -38
-13 0
11 21
-2 7
-40 38
31 -5
-13 3
-33 -43
-38 1
-16 -31
-5 -11
25 -17
40 26
-15 -18
39 33
-7 -5
-38 17
-14 -3
41 0
11 -29
17 28
40 -6
-26 19
10 -34
8 3
30 -41
-48 10
-18 -5
-35 27
-20 8
-36 -7
-2 -49
-15 2
34 48
-34 -19
22 -18
-31 -19
-47 -18
-21 41
-6 31
-41 8
4 0
-30 -38
-23 41
6 -9
-15 45
7 45
16 35
41 -40
-3 19
12 46
48 -47
17 -1
46 -43
46 1
24 4
41 -12
-30 15
18 24
-17 -32
21 37
-39 49
-10 -26
-37 22
-2 49
-2 41
17 -4
40 24
22 12
-27 38
-32 28
42 -44
25 16
-30 13
-32 -7
47 -12
-38 -41
49 24
5 12
9 -35
34 -45
42 -29
-6 -39
43 -18
-44 3
-49 -47
23 -3
-47 20
-41 44
0 -7
19 48
5 -36
-9 16
25 -32
45 -30
-13 0
-42 10
46 -40
21 -45
-31 -10
-11 -30
-18 31
-32 4
-12 -25
34 -17
11 -18
-33 -22
20 10
36 -31
-21 32
26 -40
-1 -12
21 -41
-3 -42
-24 37
-3 -33
-1 10
-5 -47
23 -27
-14 26
-16 19
26 6
-28 -6
46 19
-34 9
19 29
-42 -31
-28 -30
-13 24
42 34
-41 19
4 -32
10 39
15 -14
8 -26
4 42
-10 -30
-3 -30
-24 0
22 12
-26 -46
9 38
28 43
24 47
-4 25
2 31
-17 -30
18 2
49 17
-45 -17
-12 -16
-49 -7
30 35
-30 -31
28 -27
-18 23
10 22
15 -44
23 4
-34 0
-22 -3
3 34
-49 -29
-10 -23
29 11
28 -24
47 -45
36 19
42 -1
-8 29
46 -33
-7 -4
33 -22
-11 -40
-44 -12
12 10
-24 46
42 -23
-13 -16
-1 -45
-36 -13
1 13
-4 17
-30 37
15 40
29 -29
-4 49
27 12
-31 -36
-28 7
34 2
36 29
2 38
-29 -41
-26 45
-22 -47
-4 9
-47 15
-10 11
-44 -46
5 -19
21 -10
-6 -43
46 -47
18 -20
29 49
-48 26
35 -42
19 -8
6 1
24 -12
-30 -46
-35 -10
-29 -48
-18 30
32 16
-22 45
-47 -24
46 -23
15 -38
-20 -15
3 -21
-8 17
28 -44
35 12
-28 22
-22 -20
-2 43
-14 37
-32 -49
0 1
31 -18
-30 -39
46 45
3 -45
43 -39
-12 11
-11 -8
-25 47
-22 -23
42 48
-46 30
13 3
-26 -15
-38 48
25 29
45 -11
-43 14
-11 -34
-2 8
38 30
48 -30
-4 22
44 -11
15 -24
33 28
-35 -31
-11 -46
0 46
20 -3
17 18
-37 48
21 13
-3 8
19 -41
15 -49
-43 -6
48 -33
-32 -20
20 -11
13 27
4 -47
35 -34
-22 -9
-36 18
27 -20
-38 -25
25 -4
-23 12
-44 34
-26 -38
1 48
27 -37
-26 -43
0 39
15 -29
-34 15
-45 39
6 -12
20 -19
-19 0
24 48
-33 37
6 -12
-10 7
11 9
49 11
43 5
39 -3
4 -17
-28 -15
-47 -49
4 -24
24 -43
-27 -8
-22 7
-2 13
-12 3
-14 7
-11 6
-38 11
2 -7
24 -21
44 17
-14 28
40 49
15 -37
-11 -37
-41 28
-25 12
25 21
-45 22
-23 13
-38 18
-19 -23
9 49
47 -45
31 10
-24 8
-31 -47
-36 18
-10 -23
16 -34
43 -10
44 -27
-41 38
34 14
16 -7
-35 12
17 -47
-13 -38
-42 16
2 31
0 0
15 -12
14 -28
13 39
-23 -24
29 23
-47 -1
-21 -3
16 -3
47 31
24 -20
-17 21
22 -2
-4 -37
-10 9
-38 -18
-30 -14
-40 37
19 -39
-25 -17
-10 -43
33 34
-48 10
10 15
0 15
21 7
-6 34
-45 20
-49 36
-35 -42
-29 -30
36 -11
41 -34
18 27
-24 -6
-39 -6
41 -47
0 3
-21 -3
-4 37
13 -49
-24 33
-17 26
41 -42
1 38
-46 2
41 26
40 7
