-44 -3
46 25
5 -24
21 -29
16 5
44 39
42 37
30 31
-14 35
-34 -46
17 -39
-17 20
-40 32
-47 -46
31 1
-28 -9
-4 -46
-11 26
4 -42
26 8
14 -13
-14 17
-21 47
31 26
41 -47
-6 34
28 22
46 5
3 31
6 31
-29 11
-24 -39
-45 -49
18 -12
-18 4
8 19
-16 30
-29 -43
-21 34
15 32
16 -16
-6 -31
6 2
-15 -30
48 2
21 -5
38 -35
34 -16
37 -11
-40 9
-3 -25
31 43
-39 0
-1 20
30 40
-6 49
6 30
33 36
22 -44
-22 -10
-32 43
17 3
9 -3
-38 7
41 18
-36 33
27 14
-27 -17
-40 -15
-31 -17
33 45
34 37
10 -39
27 -16
-49 26
26 36
10 13
-27 24
41 -7
-24 36
-42 6
25 22
19 -11
23 -7
-46 1
-26 43
28 22
45 45
-5 35
8 -30
-28 40
19 38
49 -7
-25 3
-31 12
-48 30
0 25
13 -25
48 38
16 17
-16 15
16 -25
41 29
-15 -26
-17 -33
22 40
7 25
20 -33
-48 -34
1 -23
5 41
-16 23
-44 -33
31 -40
17 -38
-26 37
-12 -14
-48 -18
-36 20
-16 -48
-30 -11
-49 27
-29 49
-22 -46
-31 30
24 -5
-10 -38
-14 -30
-36 -16
2 -23
-28 16
-17 46
-35 33
49 -1
42 -16
14 -49
-35 -37
-39 -28
48 -5
-31 28
-34 37
34 -21
39 -43
3 12
15 -44
-19 40
40 -43
-3 -49
-45 46
-12 5
14 2
-38 9
49 9
-24 -34
6 49
-45 -16
-38 38
1 2
42 30
-34 -19
-15 -21
-17 -3
9 -15
-37 -2
49 -6
-32 -30
46 41
37 1
-25 -45
-27 36
20 25
-21 -40
1 -18
46 -7
-34 -36
49 6
-25 -18
-48 -49
7 31
-33 27
23 -25
-41 9
13 -37
8 6
-33 13
4 36
29 0
-32 -36
-47 13
48 -39
-8 -17
-26 -27
-2 -36
36 30
27 -33
16 46
-9 -7
-41 -7
-2 -41
-48 24
-24 -11
48 -31
17 -8
-20 3
26 13
-25 -44
-18 -39
21 -18
-20 -36
10 -22
-29 23
35 31
-6 46
-11 46
8 14
41 10
33 0
-23 34
16 41
-37 -45
20 -41
28 45
-39 45
-16 49
-15 46
-4 47
10 -38
-10 -44
6 -42
7 4
39 1
-49 24
48 37
-44 7
39 43
40 49
-6 0
35 20
28 6
23 29
-35 22
31 -43
-13 43
41 36
-29 12
-45 -30
34 -18
-15 19
13 40
-33 33
33 -19
30 -11
-39 -22
40 21
-2 7
-21 -47
41 -16
-46 33
24 40
22 16
-48 36
15 10
-12 47
40 48
-48 -3
-46 47
-38 -3
-20 -21
8 -48
39 -2
-46 10
-27 0
5 -28
8 10
-25 -33
34 -38
23 -11
10 -24
-27 -14
-16 -5
-20 -26
-2 30
6 -11
23 1
-49 -38
33 -20
43 0
-32 -2
43 -32
-15 31
-15 31
-27 -11
-21 -13
13 32
-14 -36
-41 32
-7 -29
10 -26
2 23
-16 -1
-10 11
6 -8
-18 29
22 35
-8 6
-25 -12
-12 22
-17 16
-43 49
-4 40
21 40
19 5
-15 -6
-39 -15
-13 -12
-30 -15
19 -19
28 -23
-6 -2
0 16
11 19
-43 -18
22 10
27 41
7 -29
-17 39
-25 5
-14 38
-13 -37
16 3
-17 45
25 -12
41 -48
-15 48
-28 48
-26 19
-8 -3
11 5
-24 -16
-6 39
-27 15
-43 -33
-40 39
25 -32
26 37
25 -42
8 42
-11 13
11 -23
27 -21
-33 -1
-18 0
-24 -20
48 -38
48 -2
17 -6
-9 41
-37 -1
-37 4
-38 -2
27 -29
3 28
-1 18
-23 33
12 -44
-41 -9
-7 -19
-10 9
15 -23
-27 -11
-48 -39
30 41
36 46
-42 18
12 -49
3 -15
13 -15
-37 -44
-33 -48
5 -1
49 49
30 0
-31 24
-10 38
44 0
-35 28
20 38
38 -43
-24 37
-27 7
-16 -40
3 45
-47 -25
-44 -46
-18 28
23 -24
-31 14
-26 -40
-20 -48
15 -14
-16 33
-7 10
-41 -12
21 42
45 29
2 -36
16 1
39 -10
25 36
-48 -32
-26 36
-27 17
3 -45
-45 45
-39 4
-10 -43
-33 27
-49 -39
6 5
-40 -30
-28 -31
25 39
-32 26
20 -28
7 23
28 38
-34 -17
-17 43
-49 14
46 -42
7 -6
-9 -17
-9 3
8 36
32 17
-17 14
-8 -27
41 14
-13 -26
17 -16
-12 17
2 8
26 33
-22 -37
-43 -15
44 48
19 -28
49 -37
-2 4
9 -7
-48 -20
45 45
18 9
42 -17
6 10
25 -47
9 35
-34 38
-45 -7
18 0
46 32
-17 -16
-48 34
-34 37
-28 -45
-29 -39
-30 10
29 21
25 -8
-3 -29
-19 -7
37 -21
30 -43
-31 -41
-22 -15
-36 -23
-33 -32
-6 13
9 46
-44 -17
-31 -47
19 -37
45 46
-33 12
48 -7
-29 -18
16 -45
-42 -7
17 -22
9 42
-13 -23
-42 -18
-46 19
-12 -17
-45 -11
17 27
-32 -15
-42 46
-7 23
-7 -39
26 3
-32 -42
-35 18
28 36
-44 -15
-37 3
-8 24
43 -2
35 -46
-45 -43
44 34
28 3
48 -33
42 48
-14 -17
19 47
-45 -5
-4 -24
5 33
-7 -29
-5 -36
21 18
0 38
2 34
45 -2
-8 -22
-8 48
-35 10
-8 7
-1 -27
14 1
35 1
-32 18
-43 -35
-18 36
-32 9
5 21
-27 -23
19 -22
15 -5
-24 6
-41 43
-47 11
40 13
8 2
49 10
42 -49
36 22
-47 27
-37 42
39 40
-40 -24
-24 43
-4 -49
-4 -32
-49 -38
37 45
-44 13
37 -27
-15 -35
-8 45
-17 -32
5 -28
-30 31
-22 25
-22 -9
10 45
-9 -16
22 -31
-21 -2
-40 43
-20 12
-29 -3
27 35
46 18
27 43
-7 -29
28 31
27 -12
10 46
-48 32
-15 37
6 -21
-41 47
30 -7
-26 -20
10 22
8 -39
-48 -5
-6 0
31 -20
27 31
21 18
-24 -47
-39 28
-33 -12
7 -12
-25 -17
41 -47
14 14
20 -3
-35 14
22 -9
-49 11
47 -13
-4 24
-16 49
8 4
-20 25
1 -43
-43 -6
0 0
14 -32
-36 32
-16 -44
-26 19
33 0
-35 45
-26 26
6 -37
-17 14
-15 49
42 36
33 -44
2 37
36 -17
-41 27
-22 5
1 31
35 -25
30 -39
45 -28
48 39
38 43
0 42
-20 6
35 25
16 -23
34 41
-2 33
47 -46
45 37
16 27
-49 -19
27 -2
5 -39
2 -32
-10 -41
23 -32
-47 27
-20 -44
15 -24
-38 5
-10 17
34 -47
45 23
-11 -9
36 -13
34 -24
-49 -44
-44 35
11 30
-26 -38
0 -19
-44 -15
45 12
31 -24
-38 6
37 39
-12 -26
49 -29
21 30
45 -29
0 -34
32 -7
13 42
-34 -11
32 -47
14 -2
9 5
-25 -10
22 -16
49 29
-39 25
28 -7
-33 43
33 -37
29 7
35 39
-34 9
43 21
38 -14
-13 23
27 -14
-30 21
20 -43
-44 -40
-16 -4
-39 2
-42 -37
-8 21
-42 -49
20 33
36 -3
-48 4
-10 21
30 29
-45 36
-45 -3
3 -21
-45 -1
-34 13
-41 -48
-34 -7
-1 4
41 -8
-11 8
-11 -4
-8 26
-15 2
-37 3
-40 -49
25 45
24 -40
-3 -45
2 -17
-16 -19
-14 -47
-5 28
19 -40
13 -33
7 -3
38 20
48 38
-47 47
40 -16
42 -9
34 8
3 7
-28 -48
39 -45
23 -8
12 -10
39 -5
13 16
3 -7
0 -40
43 -45
-15 -7
-44 3
-46 14
-37 -28
20 -43
4 3
-30 -48
29 0
42 11
-39 15
16 33
32 -3
18 -20
6 0
-44 33
45 -46
-11 36
-31 4
21 34
-6 22
-40 -37
-29 -1
-20 12
14 -46
-47 -30
-32 -34
-9 41
-24 -46
6 19
-2 25
-44 -9
-46 30
-42 -23
11 5
23 0
-16 -19
-42 13
-38 0
-17 -42
31 27
-5 -4
-48 -26
-31 27
-32 32
32 13
-4 -10
-38 -22
16 35
-15 5
28 -6
48 14
28 -23
-26 40
-38 -31
-14 40
-5 27
-27 7
-12 35
-23 -25
-1 31
0 -45
-31 -27
-47 2
-21 17
18 -25
-38 -12
27 45
47 44
-17 22
-23 -48
-48 -15
-18 2
8 14
-37 -25
4 -49
-15 -39
-26 38
-45 6
-22 -22
-7 41
-33 -4
-44 -33
-40 -4
-30 -29
49 22
15 44
12 -12
6 18
-3 -10
35 37
4 42
23 49
19 -35
10 0
37 -7
-41 29
8 -21
-15 22
-18 3
-43 -37
34 -45
0 -18
13 -49
19 -36
-12 -29
35 9
18 20
-21 -20
-29 -40
-17 -13
-9 2
-13 15
44 -8
10 42
-49 -33
46 41
14 -24
2 38
-17 37
36 -28
0 -23
-26 -44
22 24
-18 42
14 36
6 -3
-21 49
-16 43
-33 42
-45 11
-43 -5
23 -35
42 -3
0 -23
17 -44
-13 -27
49 -42
-16 -14
3 -23
-34 23
12 -32
27 -43
-10 5
-32 -23
-45 -9
4 40
-42 -18
12 -29
19 27
-34 -6
11 -42
-14 -28
9 -35
-7 -48
-42 18
24 6
31 -11
45 13
30 40
7 36
-5 -20
46 24
44 7
-6 47
-2 39
-24 19
-9 -21
43 48
-7 46
4 -39
13 -27
-8 7
15 30
-4 -20
36 14
-18 -32
29 -6
12 18
21 -40
-44 29
9 -44
42 20
-18 -13
-19 -14
-40 -27
25 17
-17 30
48 33
-28 -36
36 8
0 0
-32 26
24 46
-36 42
23 -14
-44 17
14 -32
-22 36
5 -35
-13 15
-43 -22
-3 -9
30 -36
-45 -35
-14 -15
-23 -8
28 20
-41 -6
-33 -11
-10 12
48 -33
19 19
-14 -24
-24 40
-3 21
-9 2
-32 34
-33 5
-21 -37
5 -40
-39 14
22 -16
16 23
-4 13
-16 40
42 -5
22 17
-40 29
-1 -46
23 29
43 16
-37 37
-1 -48
-22 -37
27 0
14 -11
-15 26
49 46
-37 -30
35 -39
-11 -49
-13 -18
-18 12
16 11
-27 38
33 26
-43 17
41 -28
-10 -10
-16 -22
4 9
20 -4
15 0
1 26
-10 -44
35 22
-44 -16
-22 1
-11 30
31 29
10 47
7 24
-37 -17
-16 -37
46 17
-5 45
39 12
15 -27
-1 0
7 -49
4 -46
-31 18
10 24
-33 44
-35 36
40 -13
-16 15
19 40
20 -31
36 49
-3 -26
35 38
-38 42
6 -24
6 -25
36 -48
-21 -17
-40 37
-45 17
28 16
-46 -23
-8 -4
31 -36
23 7
-36 -46
43 -39
-25 -31
45 18
24 13
-6 -48
0 -10
-35 11
-48 0
-49 0
8 21
18 21
6 3
-10 -23
-11 -10
-6 -21
-31 3
-33 32
30 5
-12 -18
-43 4
-20 -2
25 -23
-25 39
-38 22
-15 -49
-16 -5
43 -35
-5 27
-34 -25
33 -22
-23 -32
49 46
34 -32
-37 27
-8 23
30 -25
0 41
17 11
-21 -30
0 -34
22 -35
-19 4
-25 -22
46 -10
-27 6
-26 47
-16 7
-26 -20
24 4
-24 -13
23 29
-30 -2
-22 -44
-49 19
-37 -19
-4 15
-17 -4
4 -36
-30 -19
5 -37
3 28
37 11
-3 36
2 0
-40 23
-35 41
-27 -3
-37 26
10 -18
-4 0
-38 46
11 21
-3 32
15 -15
26 -42
22 -24
34 32
11 -28
3 8
-37 -37
30 -28
22 -18
-30 -30
19 -21
-27 -7
12 -15
-42 11
-15 14
4 -7
-1 -32
-31 -41
-39 -38
-4 -31
-14 27
-40 29
36 -39
-48 13
-25 -30
25 13
44 47
46 -26
-35 6
0 -18
-26 49
-35 32
-41 6
39 31
35 35
-36 -14
29 25
-30 15
-17 29
34 8
34 14
0 0
30 43
-14 30
-41 10
-48 -42
44 -23
-10 -12
39 27
37 -19
-23 -8
-15 4
1 16
0 -15
-26 -20
-12 8
-10 -27
-5 30
-11 -48
-13 21
7 -20
-34 -27
-27 29
14 38
-24 41
-33 35
13 29
12 9
-31 -48
12 -41
-31 -48
41 -7
9 -39
-38 -30
-5 21
5 15
20 -16
-21 -25
-28 -49
-18 -6
-46 36
17 -33
-14 2
-15 -26
-39 -8
25 5
2 -2
3 7
-21 9
-47 21
-38 -19
-17 -25
19 -37
34 17
-47 28
-47 10
17 -21
-31 6
-20 -6
11 0
-48 -45
-3 0
7 -12
25 -48
-47 32
-18 14
40 -32
3 -38
-22 27
34 -11
2 -28
48 29
-15 -48
15 10
-6 13
-3 -6
-46 -25
33 3
49 37
11 -26
44 21
15 22
44 -3
-21 -31
-18 -14
3 -45
-12 -2
10 38
-9 12
26 30
16 28
-17 -47
-48 -2
32 -20
3 -27
39 -1
34 -27
-9 3
-2 46
49 -17
25 -3
-7 36
-14 -48
-7 -37
-36 -19
16 23
49 7
20 -5
49 -8
30 30
40 -2
14 -19
-4 25
-45 -31
6 -30
21 -38
19 48
0 4
40 -45
-32 -22
17 39
-44 -21
31 -4
-38 -5
-45 -8
-3 -46
45 11
40 -23
-38 44
32 -25
-37 31
22 43
37 -37
18 5
42 -34
-29 48
-27 -23
-3 -28
11 17
-23 -38
-31 -40
39 29
-34 36
22 49
4 6
15 38
-36 -29
-18 -20
-27 18
6 8
34 -18
-38 -7
4 40
26 47
23 0
4 30
25 -18
42 33
-29 -31
-5 -4
41 25
-18 -19
-37 -10
35 -8
35 9
-14 -23
37 47
8 -29
10 24
46 19
9 20
16 -20
38 -21
22 -30
-49 -31
-33 -8
-24 2
31 -8
46 -38
-36 -45
-40 18
-34 -30
13 9
6 -2
7 -21
-23 3
47 -14
11 -18
-23 45
18 30
30 -43
0 -24
46 -7
-39 24
25 -27
41 2
-49 22
-9 -38
38 -23
13 -16
-44 37
-19 -31
16 27
38 -32
-32 21
-3 -13
15 -46
15 46
15 2
43 11
-32 -17
25 -34
41 17
6 -5
12 15
10 -4
-1 -13
25 18
-19 28
36 26
26 -24
-14 -7
-43 28
4 -12
-21 15
-46 4
40 11
-42 21
-8 -24
-31 46
-13 -28
-6 -49
37 40
-46 -2
5 -27
7 23
6 26
41 25
45 -14
-6 23
-6 32
7 44
-12 49
-4 -18
-8 20
-46 33
19 7
-13 22
27 -43
-8 15
-12 19
7 43
-25 -22
27 45
29 -32
11 -7
39 48
23 -48
26 1
-26 -2
10 28
11 30
-41 -21
-26 -12
-3 -33
-22 6
23 4
-32 -36
15 -13
25 -19
-45 -14
-6 45
6 46
19 41
-24 38
-17 -3
-43 -39
41 21
44 17
-28 -16
-7 34
11 5
-12 -37
38 47
-41 -45
-29 36
36 -20
4 -19
-7 19
25 -29
-2 -3
-26 33
-32 11
-18 -30
37 -38
7 0
-47 44
37 -45
-47 -21
-42 -35
29 40
13 35
49 -7
-9 -14
48 18
25 -2
-19 -20
-5 -22
25 -10
36 17
-18 -8
40 -4
2 5
46 29
17 -38
46 33
26 2
0 -28
45 -18
-42 18
28 20
24 -18
28 0
44 18
-3 18
25 11
-26 -1
-4 27
-28 -9
5 -1
-23 44
26 -1
23 -38
-12 3
-1 49
-36 8
-23 30
38 -6
-6 44
-44 -1
-5 -33
48 46
-23 -19
24 27
44 -10
9 -2
0 11
-32 17
-3 -4
-27 -42
-32 -5
-45 -18
32 -1
9 -39
19 -45
0 -28
-29 -2
-7 41
48 -37
0 -19
28 -1
-40 38
47 41
-48 -16
-22 -49
-41 -30
-4 0
5 12
-30 -31
-47 35
16 42
20 -15
29 -49
44 38
-6 33
23 43
48 27
-29 34
6 -10
-27 -26
28 -16
33 42
20 31
2 0
49 47
12 -18
-37 28
-9 -15
-32 41
49 22
47 21
-36 -17
-26 31
-5 -43
-49 -16
-48 14
45 26
-15 31
24 -25
40 -31
3 5
-37 -2
23 4
-9 -47
37 -8
-29 -27
-21 -17
21 38
-46 -24
-21 14
26 46
-17 -21
-14 -23
31 -43
-3 -11
48 -4
48 -3
17 -46
6 16
19 -40
38 -20
-4 32
20 22
18 12
0 11
40 -44
-32 -47
2 8
16 14
-14 36
27 -14
41 -37
10 0
-24 -39
29 -19
25 -49
28 18
-41 11
25 38
5 -16
-28 -5
-25 2
28 -5
-16 -47
0 39
35 -48
27 38
-5 28
-10 2
-16 -37
23 18
-39 -49
-33 -36
-19 7
47 -13
7 44
5 9
-20 1
47 -10
-46 45
-16 39
-41 26
-31 12
43 35
43 -17
28 -47
-44 22
-34 0
-21 33
-49 -49
42 -21
-20 -35
-44 38
10 1
30 0
41 -4
38 -20
-48 43
-47 18
11 31
-8 40
-44 14
-23 39
-26 4
41 -33
15 -17
5 -4
-1 -15
-35 38
-41 -37
-32 -14
44 8
6 16
-6 -24
1 -3
-40 22
49 42
4 -9
-5 -16
44 31
3 -1
9 49
18 38
-22 22
-36 -49
-42 -17
-37 -24
22 31
-25 39
32 -48
-21 21
-40 -48
-9 -7
-19 -26
-21 -25
18 1
18 -34
-5 30
34 -12
0 17
-12 39
7 -47
0 -30
18 23
-18 37
-8 34
30 30
-2 -4
25 27
44 21
-24 0
0 33
15 29
36 -20
-15 3
-15 -7
24 46
31 35
30 -34
2 48
42 -13
2 39
-47 -14
-1 -5
13 41
26 2
-35 3
-30 -4
-14 34
3 4
3 42
-25 43
-12 -22
-46 -30
-19 3
39 0
2 -32
-26 -35
-17 47
-23 2
-6 27
-30 -39
29 -8
1 -12
-4 -16
-14 -39
-13 -1
47 -49
6 11
0 1
-10 43
-14 39
12 5
-34 -44
19 -12
7 -37
41 -42
-6 5
-44 -22
35 -46
29 39
43 -22
-28 -25
-43 20
-49 30
34 36
-29 -32
6 -27
30 32
4 -13
-32 13
36 9
-42 -31
-10 33
-42 40
-49 8
-45 -45
-20 4
43 -24
-7 47
-23 -14
3 20
0 -1
21 39
-48 -16
21 -25
-2 30
-3 -5
-29 -7
31 -33
23 13
-27 0
4 22
38 -15
-39 25
-29 2
-4 -23
21 42
23 -45
-28 40
-43 8
4 14
46 18
-36 39
-25 0
23 19
-7 -7
7 -11
1 -42
25 -47
17 11
42 -49
-28 -39
-31 -33
-1 24
17 -26
-9 9
-11 37
33 38
27 8
-15 -30
-42 -8
-45 -19
-1 -44
-8 -3
-42 -39
16 -48
38 -15
41 -10
24 -17
-49 -38
-46 10
-33 13
-37 0
-1 -35
-3 13
20 -11
12 -14
-30 42
5 34
9 25
31 19
-20 -9
27 -10
-38 -35
21 -10
-36 14
-43 -10
-9 -42
8 -9
-24 40
22 39
16 -27
-32 47
20 -3
13 -27
-31 34
25 -18
-25 16
5 37
-22 25
18 -1
-12 -25
-47 34
12 2
-42 -29
-18 -40
49 -5
-47 9
39 34
-13 24
-37 9
-22 -6
20 30
-27 2
7 -8
17 -44
9 -39
-20 -49
11 2
5 -20
-26 29
36 -31
-11 -15
13 36
-44 5
39 11
6 -13
-24 -40
44 8
27 -20
47 -46
20 17
-49 22
-40 -32
-31 -48
-30 49
-32 -26
3 4
22 20
-24 31
37 39
-28 5
-2 -23
1 -3
48 -36
-20 25
-18 21
-26 12
12 4
3 -7
-36 37
-46 -3
30 36
-40 43
25 39
7 40
26 -22
42 5
-16 45
-21 37
1 24
-11 -11
-7 -15
-11 -37
-39 10
46 -14
15 29
10 43
-7 13
-15 -12
18 -45
10 15
13 -12
-47 -26
49 32
35 -45
16 -6
-13 24
6 28
-5 22
-41 48
29 -30
13 -36
-24 -9
6 24
-17 -34
43 38
-26 -3
15 -39
41 -27
-30 -41
37 -33
-8 -23
-40 -28
30 -16
-39 13
-4 -8
49 38
36 3
-34 -18
-37 -5
23 -29
-37 17
-42 -1
-41 21
15 27
-9 -42
-40 -36
-11 26
-49 37
13 -19
41 -21
40 -44
-44 -28
0 41
6 -7
18 -26
7 9
-17 1
1 40
0 -22
-8 15
36 33
-31 -34
28 16
-5 22
36 45
46 -29
22 2
-46 -6
20 17
-12 -47
-39 -39
-36 -13
10 33
-39 -12
-36 -21
-24 -26
42 46
44 -8
9 42
-34 -36
22 8
38 -39
32 -28
47 39
15 -39
37 -25
-9 -25
-38 9
24 -32
-40 23
14 13
-40 37
10 16
14 -30
-38 41
-34 -1
-22 45
-49 -29
-49 31
-1 -38
17 -34
23 31
32 34
-41 20
-27 -31
-22 49
39 28
43 6
-9 -43
19 -38
14 41
24 -37
-45 43
34 33
2 -38
8 -46
21 -19
-16 39
-30 -29
-34 -47
6 38
-41 1
-28 -37
-12 28
-9 33
4 15
-4 33
31 4
36 -15
34 -21
38 -44
39 -6
-47 33
-26 -26
4 -39
37 9
22 -30
40 0
27 20
-15 9
1 46
33 46
-48 -25
-9 33
-45 -37
-25 36
32 -49
39 27
-37 -28
48 12
42 -7
-2 -29
43 18
18 24
-26 -38
-41 -42
-36 33
26 36
-2 2
0 -13
22 22
-10 -22
16 -15
15 -36
44 35
-39 -1
0 46
-28 26
15 9
24 0
17 18
-8 37
37 11
25 -37
-9 -8
-43 17
1 24
-39 -29
29 -31
8 -1
-16 -47
-9 31
46 7
-38 28
36 -41
37 31
27 36
-34 -34
21 25
-14 49
21 22
-9 23
-13 27
-3 -38
0 0
14 -33
19 -41
-5 -16
-44 0
37 -24
5 25
13 39
-34 44
45 14
-26 34
-12 -48
44 -19
14 -20
23 12
19 -9
45 -14
14 15
45 38
-13 37
-6 -48
-49 15
-4 -9
-49 37
-37 41
-28 -45
-24 19
-23 48
17 -20
8 15
41 10
-6 21
3 -2
39 4
26 1
36 -44
31 -27
-15 -20
-42 -43
-36 29
2 18
-14 16
10 15
29 -19
-17 7
22 1
19 -25
-33 0
-12 -45
-46 31
41 -26
0 -33
-22 -25
12 36
46 -26
0 25
45 -3
-19 -23
-28 -31
43 -5
-47 3
5 -24
-27 -33
41 39
-40 23
-29 -19
-44 17
-30 -18
35 0
1 -26
-32 -9
-30 -3
-40 -2
-29 -30
-6 20
48 26
44 -45
-34 -23
-33 -33
-25 32
39 -47
-14 -4
9 -23
48 36
-7 -17
17 1
-45 32
2 37
-4 32
-2 26
6 10
49 3
20 16
43 20
-44 17
-8 -19
30 21
37 -16
47 49
-42 -43
30 38
-20 -10
-27 0
33 -30
-25 20
46 36
24 16
-10 -30
-39 -34
24 -8
42 -13
36 -45
-26 22
-3 38
-48 -20
-39 43
-46 -28
20 17
37 -4
10 -38
1 29
0 32
43 5
40 40
-37 -31
-37 -38
-27 -47
44 -20
27 -33
-22 -12
17 -21
15 -3
-43 12
-19 -42
-27 -19
25 -27
12 43
12 6
-18 18
16 -17
-38 -16
41 28
39 22
32 44
-30 9
-29 -30
46 -31
-47 47
3 -22
29 -21
-21 42
-22 28
35 -43
2 44
28 -20
12 10
-19 -19
48 -7
27 -33
25 33
24 10
6 34
-34 -43
-26 29
41 -47
1 -16
39 1
-47 13
-16 -15
-15 -9
31 23
-27 21
-1 -9
-14 45
-24 -13
-4 -10
23 6
45 -35
-31 25
-15 -35
34 7
-29 -43
45 36
30 -2
-30 13
14 28
2 -39
-25 44
-47 -17
-5 -13
-38 2
41 -6
-25 21
-16 28
-9 -45
42 -16
21 31
37 -49
40 34
23 -22
-49 -39
-35 4
47 -46
49 18
-43 -47
16 -27
16 -36
-24 -23
-27 -8
-9 -46
-1 -33
35 -40
2 -11
-47 -9
3 -29
27 -49
-8 -27
18 -45
23 26
16 -4
-49 -42
-30 -21
-33 -8
-48 -46
23 22
-25 26
12 -3
-19 -19
-48 10
-46 4
45 3
13 13
-45 33
2 -30
21 -2
-48 -31
-28 -44
-47 0
-11 42
6 -20
3 -31
-37 17
46 -14
-41 33
43 2
35 -20
33 7
27 -20
18 16
26 -14
-24 38
-26 25
-47 -18
-18 -37
4 -5
32 39
29 35
18 29
-18 3
-42 23
23 -20
44 44
47 19
31 28
20 44
-36 -7
-13 -47
-37 23
44 46
36 -27
-8 -35
-27 -47
-28 11
-25 -26
-41 -7
-45 15
-14 28
-8 -27
47 17
-44 -22
17 -16
46 -26
-11 -13
-6 -2
-37 -39
47 -20
21 41
40 6
-26 19
-4 -30
-3 35
19 -7
-15 -6
1 15
-20 22
-14 -22
-18 -40
-5 -34
23 -39
8 -17
-41 -21
-2 -25
20 -42
-29 19
14 0
-36 -31
39 -46
35 -45
-30 -15
-25 -42
0 22
-32 32
14 1
-44 45
-48 27
0 -31
20 -24
-46 6
-38 -28
-17 21
-19 10
-10 4
22 26
-41 27
46 16
-17 -3
25 25
45 -48
-11 6
-12 48
-17 -47
27 -21
-7 45
20 25
-24 -15
-18 -34
-28 -38
-47 -32
-33 35
-11 8
-38 -32
-15 -47
9 33
16 14
14 34
-46 -3
30 25
-40 -26
23 21
23 -49
-13 -23
-23 -41
29 -34
-44 5
0 33
-25 26
8 -36
-29 -4
39 49
14 -27
30 19
47 -33
-1 -11
32 -25
39 26
11 -33
-19 -25
28 25
-6 17
18 46
2 42
42 35
-32 -6
31 0
-30 -5
18 -31
18 18
39 -22
-17 -4
46 22
39 46
-13 38
-12 37
19 -11
-25 0
-15 -48
-29 -30
43 30
-35 38
46 33
-38 -31
-13 -18
46 -25
-43 -2
5 -3
-23 -49
20 26
-38 -43
-1 -27
49 -21
-37 13
-40 -16
15 -42
34 -15
-46 37
4 -47
-31 20
16 1
33 8
-27 -11
-28 40
10 -10
21 -4
37 4
1 -29
-44 -30
-44 29
-30 14
-18 48
-21 18
28 -27
47 41
30 -49
21 26
41 35
39 -37
-49 14
19 -4
0 14
12 -44
45 -26
-40 35
8 -30
-45 45
-10 -16
-26 -13
-43 -22
35 -35
1 38
48 -20
-8 10
34 -29
-16 -5
40 2
24 48
7 -14
28 -38
36 36
17 11
-29 -43
8 22
1 -4
40 -26
39 48
0 -6
2 -40
4 -8
32 16
13 32
-4 -1
1 -34
24 21
8 -33
14 28
20 16
35 -17
45 -13
9 43
2 30
-37 -14
-13 29
12 11
-33 31
3 -7
43 -38
29 31
20 -39
25 7
45 10
-9 -5
25 -15
-18 13
-30 27
5 -15
-8 -45
-21 -30
-40 -31
6 22
22 -2
42 40
17 29
-25 36
25 2
39 0
-39 -27
-19 5
-35 34
49 17
-47 29
-6 19
21 -4
1 48
-16 -32
29 43
-11 11
11 42
29 -43
40 -14
15 6
-11 -20
24 -27
-12 6
-23 7
-6 -8
41 19
19 14
30 -14
-22 2
41 -35
-32 37
-4 16
18 29
-49 17
30 -30
-37 34
47 7
-26 -10
-1 19
1 -2
24 36
47 20
-49 34
-36 -3
4 -41
5 -37
12 49
-42 -29
14 21
-9 48
-23 -3
-37 17
22 -17
43 -3
5 -14
20 5
-35 -44
-27 16
-23 14
-14 27
-28 12
42 22
43 2
-44 -39
16 -13
-24 -19
7 26
7 0
-45 36
37 28
49 16
0 14
37 -21
46 49
38 48
13 17
30 -10
36 -2
31 20
-38 45
-41 30
-41 -3
38 15
-18 21
-48 -42
9 -33
-6 -15
-26 2
-20 16
1 38
-21 3
-22 -24
-15 25
39 -22
-19 -25
-24 26
-37 9
49 14
-15 0
-19 4
43 30
-23 -44
17 29
49 -34
-24 28
-36 28
16 -40
6 47
9 -30
47 -28
-22 -44
-7 33
40 -35
-30 -5
-1 -2
-31 -12
-37 4
-35 41
39 -10
33 -28
21 28
-28 -48
-41 -22
36 -2
-5 19
0 3
-18 -32
-7 45
18 -14
37 -28
39 34
38 -36
44 -13
-39 34
-38 -33
-15 45
7 5
23 33
12 -11
46 20
8 -26
10 42
29 -46
-40 30
-19 -1
-27 10
-41 -1
17 -37
-32 -37
10 -1
36 5
-5 -33
32 -25
44 3
-47 6
17 -23
-2 13
6 -49
-31 37
18 13
49 -21
28 -6
16 17
-11 42
-2 37
24 -34
-26 4
-9 3
42 -46
-18 45
-14 -26
17 -45
-3 11
16 -38
18 1
6 -29
-17 -16
-49 24
22 -38
34 15
-24 6
18 -29
46 -49
-35 -32
-15 -40
21 -33
-39 19
13 -47
-24 -40
-38 -17
-49 -22
-41 40
-8 21
-46 -38
-5 -29
12 -3
18 48
-20 23
49 -24
26 -12
1 35
35 -9
-8 -42
3 -7
8 24
-12 19
-3 -30
27 -28
0 33
32 -24
-43 8
-49 -25
-46 39
48 -10
-35 45
-19 20
38 -1
-48 -19
13 -3
-24 -42
-37 31
10 26
-14 3
23 -15
11 8
-4 30
46 38
-29 12
-32 4
36 6
-44 -36
35 -22
-18 17
43 -20
-46 -17
-1 47
16 -31
-3 -15
-2 -5
-18 -29
7 16
13 -5
-41 30
37 -30
-7 -22
-38 23
-9 6
23 -21
15 10
-46 -12
38 -38
24 -34
5 17
-42 3
-48 48
49 -1
-24 -20
10 -30
8 -17
28 49
8 1
13 -33
-11 -13
-35 32
17 -32
36 49
20 -24
28 33
-11 10
-20 44
7 -21
8 -32
-43 46
-35 -49
21 -19
29 -27
-24 43
38 21
-11 30
34 41
-39 5
27 -19
26 -28
-31 23
36 10
-24 -24
8 -45
9 -35
17 18
42 7
47 -30
-36 -22
-16 38
-44 -43
46 -5
-22 29
-45 38
37 5
38 44
-35 17
-42 17
-45 45
28 -26
44 -35
-49 -26
-46 -8
0 -39
31 38
40 -41
-7 -48
-45 -7
29 -3
6 -20
-27 35
-5 4
17 -3
33 -2
27 -14
