-12 31
-32 -35
-35 45
-46 18
36 31
8 -5
4 -9
0 7
-43 1
49 -17
20 33
-41 -35
-27 -14
45 29
34 2
-14 -22
-5 -46
-21 -46
-21 26
29 41
-27 11
-5 37
-42 -22
-34 -42
27 -29
21 13
12 -39
-45 1
6 -24
-45 -4
-14 32
-40 -41
-23 -25
-32 0
-15 -19
-34 0
-22 -12
-23 22
7 -5
-34 41
-3 -2
-20 35
-34 -1
18 26
26 -19
32 48
19 49
-11 9
26 39
47 37
24 -2
27 28
-11 12
12 28
38 -27
48 13
-1 -31
-18 2
43 46
11 -47
21 22
-24 -47
-19 -20
18 10
-37 8
-7 5
8 -41
-13 -15
-17 14
25 -1
26 -35
44 32
-32 -34
23 -30
22 -42
-27 11
-17 -7
-43 -10
41 -49
-9 11
-42 45
-32 -34
-12 -5
46 -27
-16 19
11 -17
-7 31
-27 17
26 13
31 -34
22 -37
8 42
-24 36
8 -32
13 34
11 47
-13 34
-9 36
40 -31
-3 -5
-4 -4
-12 2
-27 -43
-23 29
-1 -36
-13 -10
-36 6
7 4
32 -37
24 47
-15 31
48 -16
7 17
18 -43
-2 -20
-19 27
-37 25
-43 46
21 -23
-25 -16
-49 -6
-26 36
44 23
-26 17
-21 -22
-14 -2
-20 -39
43 -12
-38 -33
-45 -35
-22 -7
5 24
-49 4
-6 -18
32 -49
47 -26
-45 38
49 45
47 27
-5 25
-25 44
19 -27
46 -9
-33 24
1 -34
-13 15
-41 -2
-38 40
-43 -41
-31 1
-12 45
42 36
-19 37
43 -30
-30 27
26 -18
-13 -33
-25 18
-27 -13
-23 -26
39 31
41 11
-29 -12
-27 -16
41 -4
-14 -10
31 44
6 33
7 18
-18 -23
-22 -22
6 -32
-16 -3
21 2
10 -11
18 -23
31 -48
-23 -32
12 -31
-24 -8
-12 -27
43 9
-27 -10
38 -44
-35 -3
26 -27
-10 41
-5 29
-42 -27
-9 -31
-49 4
45 7
-27 -48
-16 -7
-5 -15
18 34
-17 -3
36 27
1 40
-22 -44
-3 3
-40 47
-24 -14
31 40
-28 -26
15 12
2 41
-42 -35
28 -17
28 1
8 -21
-16 38
31 41
-38 48
48 -38
5 9
-49 40
-29 -46
-7 -2
31 -7
26 6
17 -9
3 -47
-24 -4
-16 38
7 -45
14 -28
42 38
-18 0
-35 -12
46 37
-20 -4
-4 -44
-16 -4
38 33
-7 8
-40 14
10 48
-36 9
33 36
22 -1
34 11
-33 -30
28 -47
-11 47
5 -43
41 6
-10 2
-45 45
3 -39
29 -19
32 -20
-35 9
22 -27
15 8
-3 -12
28 -14
48 21
46 -9
38 -11
-3 47
48 -11
6 23
39 -36
-21 -12
-10 -37
9 -44
-42 31
36 34
-43 -27
12 -12
8 3
11 -34
-48 32
41 27
-43 -37
46 -31
-20 -29
-2 49
-46 11
26 -14
-49 18
-21 19
45 13
46 44
-34 -14
31 -18
-41 16
-38 -45
-33 29
27 22
9 -42
9 30
44 18
23 -37
8 -35
-12 -44
-32 44
45 23
-39 7
31 17
-41 1
12 -5
-25 -19
25 -34
20 -11
-6 -22
33 -6
45 -23
18 -33
47 -7
-9 28
15 22
44 -23
12 -22
-8 -25
18 -13
24 24
22 0
46 39
5 -30
-40 -29
-20 -17
-15 34
-14 -28
-2 -20
9 -11
-23 37
-4 -48
-23 23
-22 41
14 10
-28 2
-8 45
37 -31
-34 27
-7 -12
-21 26
47 -27
-44 8
44 20
10 2
-25 0
41 0
33 -1
48 38
-36 45
-20 42
-39 14
2 -47
-44 9
-2 -18
11 6
-15 34
-26 8
33 -34
45 18
-35 21
8 -5
-9 -3
-29 -10
-40 16
-22 31
25 33
-43 -21
18 -45
34 -46
-25 -7
4 16
-22 -39
-35 -16
-31 48
-13 21
6 -41
-23 -9
13 -29
23 23
-33 16
-13 25
19 32
-46 -2
48 39
-48 49
16 -28
28 -18
-33 44
0 -48
-17 -3
21 39
21 -13
-33 22
-32 -26
47 0
-39 10
26 28
13 27
15 -26
3 -48
-7 -10
-28 46
-16 24
-1 10
1 -11
-15 -28
-33 -38
39 -26
35 28
-12 16
25 -30
-38 -40
29 31
40 41
45 -6
-27 0
-42 -41
-9 -16
-33 45
20 3
26 -32
29 11
34 3
-14 49
-9 -41
12 -45
-13 17
39 5
-20 -32
21 42
-18 42
27 -19
6 8
15 28
45 -37
-34 46
-17 -32
-8 0
-6 -24
39 -6
-19 14
44 -5
39 -40
-33 0
-5 -28
6 -15
17 32
-43 37
9 -42
4 -18
-35 -26
-38 30
-26 5
-37 -26
-49 -18
29 -42
23 14
30 25
43 -25
-13 -47
30 -21
35 -29
48 -36
7 39
44 16
-27 -13
-31 -49
-35 23
-37 -9
-21 49
-41 40
47 2
-45 -24
-29 -21
-6 -43
9 -2
8 41
28 37
45 9
-22 -15
-1 39
-40 -43
-45 -46
22 4
-28 2
-29 -30
-48 30
-7 -28
0 28
46 8
35 -9
38 -1
-24 -26
-1 -20
43 23
7 28
12 -6
28 13
-46 -30
-43 26
-9 5
41 -18
0 -33
33 -26
-21 -45
-18 0
6 -43
17 -30
-18 17
-13 -23
-29 -24
16 42
35 -36
-16 -34
27 -21
-26 2
29 -29
-37 42
-3 -12
2 7
19 47
18 4
1 -40
-1 23
-15 38
27 -36
-11 10
-44 -13
17 -24
10 -5
-2 46
-4 11
-21 35
5 38
-34 -12
10 0
19 3
31 -9
-42 -21
42 43
-20 42
37 18
-36 30
-19 21
17 45
-49 -21
-1 37
29 40
3 -13
-16 40
-7 -43
-12 -25
8 26
-46 33
-25 46
43 -17
-40 22
26 -23
-33 5
-38 30
39 -46
-5 40
-47 -45
41 41
-35 -36
36 -19
-14 -46
-48 42
-44 -27
34 19
48 -45
-29 -11
-12 21
37 -35
-11 8
9 -18
-4 45
-1 12
-26 4
-25 17
-42 -11
26 -47
-43 3
-5 18
-13 8
23 -22
42 -24
46 47
6 30
5 -27
-9 -28
30 0
-9 -44
29 35
-5 -7
-22 33
-19 25
-38 35
32 18
2 -33
39 0
-25 37
-28 20
39 -39
-28 7
-47 36
-29 -26
2 -24
34 -40
37 -24
16 31
-29 -49
30 -40
-48 49
-16 44
-1 -38
31 24
-19 14
18 16
-9 42
-1 14
-5 -47
-35 45
-20 -6
-18 45
45 -27
-12 -13
24 -8
16 1
-20 30
-12 32
3 -15
-34 5
26 14
-26 8
-44 42
-48 -4
-20 19
-39 7
23 -13
-14 14
-27 5
8 37
-23 20
4 22
1 28
8 35
28 39
46 -20
-26 -32
0 -16
-17 -7
40 -38
-43 -1
-49 26
-47 13
-7 6
-26 -5
-48 -28
-41 -44
-13 4
-22 39
7 31
-4 -5
36 -22
-33 -15
22 32
6 -16
-40 13
-44 4
0 1
23 -31
47 -49
14 13
20 -2
-36 7
-31 28
15 49
-24 -33
-26 49
24 43
-37 39
41 18
-29 -41
35 -15
7 17
38 -29
34 4
33 37
-38 40
24 -12
25 35
-6 -27
-49 17
-8 29
45 24
28 -34
-8 -20
-27 -13
-21 40
11 8
-22 24
-12 46
-45 -9
32 19
0 22
-22 38
30 37
-17 49
44 -25
3 46
2 -17
14 42
34 -44
12 -13
-39 -21
-49 14
31 -18
3 -24
-27 -8
11 39
-13 -23
30 -32
-45 -43
-1 -41
11 47
41 6
-44 -31
-46 -29
33 -20
28 28
-25 19
-32 43
18 0
46 22
-16 -26
34 -27
4 6
20 23
19 18
45 -31
-30 14
47 2
-19 -27
-13 -48
20 5
-28 -38
28 9
-17 -7
-7 -32
-20 -22
-15 27
-2 8
-27 46
46 30
-20 -5
-19 21
12 -22
33 4
-18 29
29 35
-24 42
16 -26
25 14
2 -16
40 -22
-13 -7
9 32
-9 47
-44 33
-24 48
30 -17
-39 -32
14 -34
-31 -40
-17 29
-3 -19
9 -19
25 22
38 -31
24 -43
-46 0
20 38
-21 26
-11 25
8 4
-34 -31
46 21
6 16
-45 -39
-17 9
46 -38
45 37
-32 -47
41 -13
7 49
-32 -12
10 -34
-27 -9
-20 17
-47 -34
-47 8
18 25
38 26
0 22
-34 49
0 40
11 -17
-44 -31
-35 15
-1 41
-40 -28
28 33
-8 -13
-32 35
-30 8
-22 49
-40 -39
-39 40
37 45
-4 -13
9 -2
3 -48
-40 7
24 -24
39 -41
-38 -32
-41 17
-40 -1
17 -14
-12 10
4 -46
45 18
-19 6
40 -17
7 -47
-29 -10
-19 -44
10 -47
8 24
-8 -27
38 33
-6 -26
-22 -24
-25 30
12 -32
14 -43
-8 38
17 1
-15 19
-43 -37
-20 49
-15 49
28 -22
-16 -12
28 40
-10 -36
20 15
45 49
-6 23
-19 36
-10 3
2 3
-29 -18
39 -41
28 21
12 45
9 8
-19 0
10 -19
-33 -21
-22 45
15 -40
-9 -19
-34 47
13 18
33 27
-32 47
-27 -15
15 -31
-15 -37
-48 22
-9 -4
-34 30
-6 -3
-34 15
40 -2
-23 6
31 17
-46 20
44 -18
18 24
12 -12
5 -26
34 -38
-37 0
10 -8
-1 0
-45 35
35 29
3 48
13 -29
7 -34
-8 -19
-10 -2
0 -31
-22 -41
38 -41
34 -36
-32 39
35 -7
-34 -23
47 -39
-44 -14
-22 40
-35 45
-7 -26
-14 -2
-3 -28
-42 -38
-25 -46
8 -39
-44 25
49 -32
-25 -8
12 -20
23 9
-27 1
10 -34
27 -10
-3 -45
14 -22
46 -18
-31 -39
1 20
14 44
-11 43
-18 16
-24 -44
-8 19
29 30
1 9
49 32
32 9
32 -38
29 42
-18 25
44 47
-34 -23
-14 17
35 3
-25 16
39 -31
0 47
-13 43
23 33
-6 38
41 -25
-14 0
18 19
28 -38
2 -30
46 -22
26 -17
12 -7
-6 15
17 -4
13 -23
-28 35
5 -9
47 36
-10 24
-38 -38
46 8
-27 28
-10 19
-15 -39
-36 -17
-28 -3
-21 27
-23 43
8 20
-24 -23
-10 -26
11 39
6 -37
21 -12
19 -22
-33 -45
24 22
-12 -1
-38 -35
-38 -14
-28 1
-43 46
22 -18
-31 10
-41 -30
-12 -19
-22 -22
41 -16
8 46
-9 32
49 43
25 23
-9 21
44 -37
12 10
39 -28
20 -3
-1 11
-28 -44
36 42
-42 42
30 -38
43 -30
2 8
-23 -5
-10 -6
-29 -33
29 -4
7 38
10 -22
15 -34
-26 -40
-36 -36
-10 -43
35 -37
10 -10
4 -31
-26 -3
28 -44
13 -38
10 -34
-21 5
0 27
38 8
43 2
-47 -31
-12 -26
-15 19
-49 11
-49 25
-36 21
-32 -39
13 49
-22 0
-28 14
23 -23
-45 -20
25 -29
-22 22
20 34
-32 26
11 7
-29 12
-32 7
2 -8
-21 48
-2 1
27 1
-43 10
33 -19
43 -39
-18 -5
29 0
26 34
-5 -44
1 21
-45 19
-5 24
34 30
28 29
5 34
26 -13
-42 -25
-30 1
47 -20
19 0
18 36
41 -7
-10 45
39 -9
32 -35
46 -42
28 26
-4 42
4 -5
46 -48
24 23
1 -2
-44 6
-28 24
38 -14
-14 -17
-37 29
-18 -48
1 13
-45 5
37 -30
-32 -28
24 -9
44 37
16 -26
-38 17
-43 -8
-3 23
26 -35
-16 -32
43 -15
-42 24
-48 15
-46 43
-45 48
-19 -22
23 45
49 47
-24 46
-25 19
-4 41
-17 2
-8 36
39 8
-10 -45
15 35
-7 14
-25 -49
11 24
-41 38
-10 16
-41 6
-12 19
8 -33
27 28
20 41
-40 6
27 -16
11 -29
-29 37
31 -17
-39 -44
5 -32
47 -20
-18 30
44 47
-40 17
3 3
-38 -5
-30 -20
-26 12
38 38
45 -34
-19 43
6 -11
45 1
21 36
28 0
-8 -5
38 24
12 -25
31 -17
5 13
-31 14
-19 0
-23 -2
20 -21
-48 -18
-32 -16
-17 -3
24 -39
-37 -9
39 1
25 47
-23 27
-26 11
-26 -2
-40 42
-30 -9
33 -26
-14 -40
14 10
-22 0
18 -37
-11 0
41 30
32 -41
11 5
39 -7
34 -38
-45 34
-27 27
1 15
-37 28
21 37
20 -15
42 -6
-26 32
-35 -39
36 7
34 -46
-32 -8
17 -7
-44 1
35 17
42 -1
-41 -4
9 -7
-36 7
-33 -23
18 -41
31 19
-12 43
21 -30
-45 -16
-46 3
10 41
34 -24
3 -11
30 48
7 -40
-21 35
-34 1
-4 -46
46 32
15 26
-13 -1
18 47
5 13
15 10
33 8
18 -34
-35 -3
-31 -42
-6 -21
-29 28
40 -10
-17 29
19 -19
-14 10
-24 -27
19 0
25 5
-37 -10
20 -49
25 49
-6 -30
-47 12
-38 -8
-43 39
43 22
-35 45
-17 3
-3 -3
-14 -46
14 -40
-43 -1
27 24
43 14
1 -7
23 37
-3 24
38 14
43 -14
-12 -32
-15 25
-48 -45
27 -32
27 -20
-14 17
17 4
-46 -34
37 -38
28 -43
10 49
-42 38
18 20
22 -6
26 41
-34 -26
-23 -8
0 23
-17 49
9 -6
28 -33
-23 -30
-30 -12
-6 -42
4 13
-26 -43
43 -39
10 -36
-8 -45
-42 19
33 -36
28 -23
-30 33
-5 -35
4 20
14 39
33 -5
28 -15
11 47
-46 -47
-4 44
23 -31
10 -20
-19 19
11 -23
38 -7
38 -1
45 -10
-14 -29
19 -40
-31 39
-39 -41
38 6
25 23
-16 -24
14 1
39 -48
28 35
-37 3
-49 45
-47 4
49 -23
39 -19
29 11
33 18
20 -32
-7 -18
-48 -21
-20 25
-7 -9
-24 -15
-21 -40
27 29
20 36
-7 1
-4 -25
39 -40
-7 -29
-11 -1
15 -21
32 -16
-3 0
-13 -8
-20 -30
40 35
38 -42
18 8
47 -17
0 -7
39 44
15 47
-41 -41
21 14
0 9
-43 -36
3 22
-26 43
-7 44
-1 -15
-43 28
-14 -8
24 24
19 30
39 -48
-35 7
-16 20
-25 -23
31 23
-29 -29
-39 -23
21 -5
33 -41
-9 49
4 11
-25 -35
-41 4
21 -39
-43 -4
5 34
13 15
35 -29
-16 22
-26 -30
-28 46
-1 46
-22 -48
-20 33
-24 -10
-29 -39
18 11
-34 -33
11 28
-18 -24
4 -9
2 -22
33 -32
1 -10
-2 40
33 -40
44 -42
13 13
46 -24
-15 -19
-42 44
-23 -6
-26 -42
35 27
-14 -13
37 26
40 -27
33 -2
49 33
15 9
39 -39
-22 -35
-14 -31
-17 32
-38 47
11 -34
4 32
5 4
45 -16
13 -13
28 4
30 -32
13 5
45 35
6 4
13 48
25 -44
30 43
-9 26
36 34
43 39
43 28
13 32
-33 -9
-39 0
-43 -4
11 -30
34 -44
32 31
-38 -15
-23 -25
-48 -32
-49 -8
-43 -17
28 -10
-11 15
0 44
-15 37
47 -1
-19 22
28 -37
49 -27
13 -37
37 6
-4 -18
-47 -26
19 15
-25 -39
-18 -33
15 -1
-16 31
-18 -39
1 38
-1 28
-41 -5
13 0
9 -20
21 -32
15 31
-42 -13
22 5
39 -38
-35 -25
6 -26
-9 -24
41 -27
19 -30
-37 -7
-14 -19
-28 -34
29 -44
27 23
-5 29
-9 -40
33 -23
-30 18
26 25
20 -35
17 -6
-31 43
-7 -4
-47 10
-32 15
-21 43
-9 28
0 32
47 -31
-39 10
19 15
30 -25
-31 -33
-28 17
10 18
18 11
-2 -42
15 -29
29 -1
-19 20
40 -43
-1 -44
10 -20
2 46
2 -16
29 13
5 36
-28 31
-17 -20
-33 -43
-21 21
-40 16
-9 -34
8 1
-36 -13
29 24
-23 -46
-37 0
-29 44
-39 -6
0 46
-41 -18
11 -10
11 13
1 -30
-25 46
-19 -34
-29 -18
37 26
0 -44
1 -43
-43 -9
-2 -24
-47 28
38 37
-19 -2
16 -38
34 37
30 -7
-32 -39
44 -44
-35 47
-17 26
5 22
40 -18
-48 -39
45 -12
-22 -14
4 44
-9 47
-48 -7
-21 3
-36 -30
-19 -19
-8 38
39 -9
-28 34
15 8
-43 11
0 20
-5 -47
-21 22
-34 -49
0 -33
-13 20
-40 12
-29 13
-2 -1
-15 -37
-31 20
5 -38
6 45
-36 28
3 24
-1 -40
38 -2
48 9
11 14
-1 46
-17 -22
-32 -1
-46 -47
-36 35
43 40
-21 14
37 26
18 45
48 -38
23 41
7 21
-25 -22
-36 18
-12 -31
-8 -3
-25 -28
9 -8
-36 42
48 21
8 23
49 31
43 41
-44 8
2 44
-15 -39
3 -45
46 -28
-19 -7
-5 16
40 17
-18 -40
-39 0
4 -36
-25 31
-3 -34
22 -12
-37 1
48 -13
-6 26
-33 32
49 -26
-40 43
42 23
45 33
-16 47
13 -43
10 -16
40 0
-40 11
2 42
-44 27
20 28
-46 22
27 26
30 9
-7 -22
-17 -15
21 12
-2 -33
39 39
-14 -39
49 -26
40 40
9 -33
-8 27
-14 -47
29 -36
-7 4
-35 48
1 8
-16 21
-4 44
47 2
3 -35
11 14
23 -13
-36 4
10 39
-45 2
1 -12
24 9
-31 -36
44 -1
8 26
-39 -20
25 7
-44 31
12 16
-19 -46
24 -9
11 16
10 49
11 -48
-14 30
-24 -11
32 29
-4 16
-14 -42
46 -8
-47 -25
26 47
-42 12
24 23
12 48
-46 0
-34 -14
15 -5
-33 -25
4 49
25 -26
5 30
-17 -48
-11 -46
-20 -23
20 39
-28 41
-26 34
-45 32
35 25
32 34
-25 -10
42 -15
14 1
19 -4
-22 -1
-1 18
-5 -36
-12 38
-12 -21
41 18
41 0
-36 4
-18 8
-7 32
37 -41
39 16
1 23
10 34
-15 8
7 -45
21 49
-22 35
27 43
-32 -32
-37 32
-27 -26
43 34
-25 15
-38 -12
17 -7
33 25
17 4
-7 -49
-10 -19
18 15
45 -34
10 33
45 35
44 -8
-27 -7
-26 1
-24 -28
20 -10
33 18
39 27
7 -9
-41 5
-21 23
-33 -11
18 -18
-10 -14
17 -6
-45 12
27 17
-21 -44
-40 -42
2 -2
-31 -39
45 -14
8 -2
-23 39
-24 13
-14 -9
-3 -4
8 -32
31 -48
35 5
-8 -44
-27 -44
-45 37
23 7
-10 32
11 -38
26 12
20 48
-17 40
0 25
-11 -10
-46 35
-24 31
-22 1
-42 24
-36 -23
-31 -40
-7 37
39 11
25 -41
-49 -21
21 4
41 45
47 -46
-36 36
-31 41
10 49
19 41
28 -38
-41 -16
-49 44
-6 14
44 -45
-21 -30
-8 30
-1 -1
8 31
24 -44
16 -17
24 -2
9 -8
-34 -10
-21 5
38 -43
-8 -16
31 4
41 -18
10 -2
5 13
-19 46
45 8
-35 -33
-17 17
7 -46
-21 27
-28 -1
-12 -28
1 29
-8 -30
-33 6
-38 33
-40 -2
13 -28
-45 17
45 40
9 26
25 -42
21 39
38 -11
17 45
16 -34
-25 22
-45 -25
-36 15
38 -23
-9 -49
-40 -7
14 12
3 -17
27 -28
6 -1
39 29
18 -19
32 -48
18 -18
37 27
-49 -8
-39 24
-42 19
-31 -34
39 -48
-19 -41
9 6
18 3
31 3
28 -31
-48 -30
31 -33
-5 -5
42 34
-14 12
-4 -1
13 -31
-7 24
-30 -31
-41 45
16 -8
-32 16
-41 36
12 -44
-46 -40
14 -33
-48 30
-16 -13
29 -23
22 -12
2 -16
-5 38
-26 -3
-7 10
41 -30
7 -17
-8 -27
49 -44
7 34
-46 28
33 -44
-14 34
6 -35
8 -43
-29 37
29 -36
25 21
-26 26
-28 23
-10 -45
-18 21
-35 9
7 -14
19 7
-25 41
29 22
-48 36
-5 36
-14 -12
30 -38
17 13
3 -8
31 39
-17 -38
-19 -34
-7 -35
-37 -28
15 20
-27 -4
16 -16
-18 16
7 -21
25 -17
-21 41
-1 7
17 32
27 -7
-20 14
-35 25
-3 29
1 -31
-13 -45
-45 32
-31 -32
28 25
7 -23
-33 -19
0 -5
-32 19
26 -37
-14 3
23 -7
-45 -39
31 -39
14 -46
42 -20
-22 -21
-44 49
-27 26
-31 -30
-47 -34
-10 -5
17 -6
-35 -24
-41 -34
-46 12
34 32
-31 40
2 -29
36 29
8 21
-43 33
28 46
28 1
-37 -46
36 -49
-26 5
18 12
34 -43
12 -5
49 -11
22 -5
26 -42
40 44
12 39
-32 15
42 12
-33 21
20 -41
-45 38
6 -19
31 7
19 -4
-37 -48
19 32
-36 -1
-6 5
-32 8
0 9
15 -24
-33 -27
7 43
25 -16
1 32
-48 -11
-1 41
49 -30
37 -4
-11 31
-20 -16
-17 -1
11 19
-8 -10
-37 -10
46 -37
14 -46
24 6
-7 40
-46 -24
17 5
-28 -29
-37 41
-42 10
-21 44
41 -38
25 -37
-18 19
17 24
-28 14
1 -31
26 43
-26 24
-16 -16
-23 24
12 -47
-41 28
13 9
34 39
-2 -2
-44 -5
28 20
-24 -23
-16 49
28 -14
-7 20
10 -44
12 -40
48 -34
-42 47
23 24
-3 -37
37 -21
-31 2
-38 -41
39 16
7 -38
30 -10
-14 27
-49 -46
24 -29
-29 2
-19 -46
-41 -42
35 4
-14 -36
21 17
-37 25
43 -27
-34 -2
44 12
-9 -29
3 28
30 -18
-35 36
49 -40
-14 -31
29 26
29 -10
-13 3
27 -20
-30 -32
27 1
-1 46
-28 -44
-8 -36
-35 9
48 15
-47 -47
12 46
-20 -25
-8 32
-13 31
-20 -29
-14 -19
14 -11
-14 5
27 36
30 -19
27 -49
-18 4
30 1
24 -28
-18 34
42 10
-23 11
-10 12
-7 -27
17 45
17 -11
-2 16
-10 -40
40 -14
-18 -17
41 -11
29 45
-21 -38
27 -31
28 -16
35 27
3 -39
-10 33
-10 4
-42 44
25 23
-42 2
-29 -29
-39 -23
17 29
-37 -19
14 26
-11 11
19 -5
-24 29
-28 -33
-40 33
-4 28
-43 -11
0 -9
-6 20
-14 29
-20 14
24 35
-31 -9
-10 8
42 8
-18 31
-31 11
46 -26
34 34
-31 -25
-32 -30
19 25
9 -25
-40 26
47 -38
-4 21
6 -48
-21 -15
-33 -47
48 30
0 21
25 -33
13 26
42 -15
-31 27
-1 19
11 2
-38 -17
37 -45
-36 38
-35 12
-6 19
8 28
-35 -44
-38 44
9 43
-8 -49
-35 41
-30 20
11 -42
9 -32
-23 21
-6 42
46 17
24 7
10 3
-21 27
2 2
29 37
-43 -35
-20 33
33 -41
-25 20
-26 48
32 29
-11 27
49 -17
-47 -25
-10 -40
35 24
27 15
-15 49
18 23
2 31
35 -36
34 37
-36 -46
-18 3
27 -1
20 36
25 -33
-30 12
-46 -47
33 -46
11 27
30 -16
-34 -27
-43 -9
49 49
18 -13
0 28
-30 -23
-14 11
-14 -3
14 -34
37 -3
-4 -33
-32 26
-3 5
29 29
-21 -6
19 3
43 21
15 -23
30 -9
46 46
-5 -48
29 37
-7 17
-47 -47
-29 12
7 -16
36 45
-4 8
34 48
27 25
32 -28
34 -16
0 8
19 -24
4 -10
-6 -25
27 41
19 48
-25 41
-13 3
2 -36
-15 -46
41 -13
-27 -20
-12 22
-11 -17
-40 -42
41 2
-26 -31
-23 -23
7 -2
49 47
-13 11
37 41
-44 -5
43 -47
30 18
30 36
-27 -46
-44 28
-41 -25
-30 -37
49 -22
-46 33
2 37
45 20
4 -48
-21 -8
22 23
-39 12
9 35
4 -48
42 28
-14 22
-35 28
-3 17
-30 -32
-29 -31
-25 -44
-32 -18
43 -19
-31 -48
-48 -31
39 -39
48 45
-45 11
10 -2
-26 0
-24 -8
-44 -19
42 -26
25 11
29 2
7 -2
-2 1
30 47
17 -42
20 0
-16 -24
33 24
-35 -49
10 46
-10 -48
9 -26
26 -26
29 3
-22 16
-47 43
20 -25
10 5
-3 37
22 16
-16 2
-9 -14
24 -42
-33 -4
15 23
1 24
37 -20
-30 -29
-12 -44
22 -30
-44 -33
5 -11
17 47
42 13
24 36
-26 -26
29 35
-14 45
23 30
48 -32
-37 11
-29 10
14 -14
-10 -5
0 2
38 39
-20 46
-17 -22
21 -37
-46 27
-11 -10
0 39
-4 -5
-44 -9
16 41
12 -11
-11 -21
39 12
0 24
-16 -47
41 -34
-35 -32
-8 -39
35 25
27 -41
45 -14
-45 4
-30 38
21 -5
-47 -17
13 -3
-43 -43
24 2
40 -7
-45 -40
-33 -19
28 -1
-14 -49
21 -21
-23 -8
13 31
-26 32
-23 19
-16 -18
13 15
3 42
9 5
15 38
0 -8
-15 2
14 42
9 -4
-41 5
24 -10
-38 46
10 -37
-42 8
-30 17
-46 49
-2 -13
45 6
19 -24
21 -36
-48 15
23 18
33 45
10 16
9 -26
-40 14
9 -17
-31 26
-11 -42
-28 -49
-14 18
7 -45
-44 11
-25 22
20 26
45 41
-22 -47
-20 -9
24 -40
10 -46
-3 47
-19 -27
-34 41
-20 -39
-4 -39
-29 -15
-29 -13
-6 28
-48 20
-9 -18
-11 -38
-48 19
0 -6
-39 39
-8 29
-15 5
-46 35
-7 -32
28 38
-30 -48
-48 -20
-37 -49
-36 24
23 25
20 -24
-17 -47
49 -29
-13 30
-14 -17
15 33
34 24
1 -14
-30 -6
29 -26
-9 -35
20 -16
45 30
-40 -17
19 -18
23 -3
48 44
39 -40
-23 -2
17 38
-40 6
31 23
0 -46
42 -23
13 -11
41 23
-40 27
21 49
-8 41
19 10
-45 -24
17 -37
13 42
-30 19
13 -5
-12 38
23 -31
28 3
-8 -43
48 -40
36 1
-21 8
-43 -31
-6 24
13 -13
9 -9
18 44
28 3
47 -1
44 0
35 0
5 -23
-3 -21
-5 1
5 12
-18 -30
-2 -47
2 -5
29 1
35 42
47 43
-2 -46
-6 16
9 -17
23 39
-28 2
22 43
-43 5
-10 -21
29 -3
-9 -26
24 -19
12 -44
14 -29
-7 -19
2 16
-25 -23
-34 -13
15 10
-1 -16
-32 6
-13 -25
-33 -20
37 -44
-4 -18
31 -41
32 30
-6 5
29 -10
18 23
-4 -5
0 -29
-19 44
48 32
22 -42
2 -18
0 -5
-18 37
-3 34
20 36
12 47
-9 13
-38 -7
-17 32
29 3
1 28
11 -20
14 4
34 29
0 23
24 49
-4 40
-2 12
43 -46
34 -9
39 -39
-18 -25
19 33
-6 2
31 -23
-44 42
44 -22
-43 -34
-48 -19
-4 1
-19 26
3 12
-45 24
-22 -22
26 4
-25 -8
-2 -7
-35 20
6 -48
-17 -30
19 -36
-43 -4
-48 19
27 40
21 34
48 -6
-25 24
34 5
13 47
15 22
-47 1
-14 -34
7 25
31 48
-9 4
11 31
-21 36
-32 -23
13 38
-29 40
31 17
-45 12
25 23
33 42
42 36
-17 40
26 22
37 -10
-46 -21
-18 -6
-36 -5
-2 41
41 -17
10 21
-12 43
-27 -28
11 -49
38 -26
7 -28
29 39
-47 28
6 43
-17 -34
-39 -42
-27 25
-10 -38
0 -17
30 -26
7 -7
15 18
4 -4
-26 48
-36 16
-8 -45
5 18
-37 -8
27 -9
-41 -43
-40 37
17 -5
-28 38
-26 49
3 1
30 -34
33 41
-24 -43
7 49
10 -39
31 -24
5 -21
39 -7
3 -32
-22 -43
-28 27
-8 -36
13 -19
-37 -30
-12 -14
-7 -2
33 -26
-48 -6
20 0
3 30
-13 -34
7 -7
28 24
-2 1
6 33
19 3
-26 -34
32 16
17 4
20 42
44 5
-8 -1
1 -38
16 34
18 -3
-46 26
-44 7
-49 10
46 -43
2 -39
-24 1
-15 39
-49 8
-1 -19
23 49
-24 -13
-45 41
-32 -3
-43 9
-32 25
-3 -4
-27 12
41 -43
35 30
-8 -17
0 46
-33 4
44 22
38 7
42 32
23 -10
17 -21
3 47
-23 -29
42 -49
23 -14
0 4
-26 -3
-18 -25
29 23
-29 37
-23 -25
4 -7
-29 9
32 44
46 -47
13 24
38 21
36 41
43 24
7 30
1 -3
-39 -37
14 -10
-10 11
-10 -26
26 -9
-3 3
39 -46
10 17
26 -30
44 -41
22 31
-8 42
-13 -24
-37 -48
14 -3
-42 35
-1 45
-8 4
46 18
-14 35
14 -24
-34 -41
7 -32
-4 21
-25 -38
-33 -36
-34 46
-23 20
10 32
25 25
-22 1
-44 29
49 -13
38 -24
19 -9
-49 20
13 -48
22 -11
38 -25
-29 -29
-17 22
13 -39
20 -33
-46 31
-34 42
-28 14
20 47
-40 37
16 31
-32 7
0 34
-44 14
-43 -16
-45 44
-27 -25
48 34
15 -12
48 31
33 -19
-23 26
0 32
-31 24
-39 38
-47 -44
39 15
24 43
-27 -39
4 10
-14 -47
33 -22
7 -48
-8 -32
41 -35
17 -16
-49 23
-40 29
-30 -6
10 -38
21 -25
-24 46
3 -39
-30 -33
4 -2
-36 -30
35 -17
-17 -29
-25 18
14 7
-9 -2
0 1
-35 -43
-43 -34
-10 -25
46 22
-34 -46
0 -1
-43 5
-8 15
-39 39
6 13
39 4
-33 -9
32 -3
17 -11
45 -42
-25 42
-2 -32
-22 4
-3 6
34 14
-45 14
19 6
-33 -43
34 36
47 4
-11 33
-37 34
2 -34
-7 5
38 -11
-47 -45
17 35
6 7
24 40
45 44
14 -12
33 -6
-37 -26
-7 -39
-38 -48
-22 34
46 26
-43 -16
6 -12
-35 -6
37 -2
-40 -25
23 19
7 38
-49 -8
30 37
14 8
44 9
42 46
-10 10
34 -42
-40 8
24 -40
40 -11
49 42
26 -17
-6 6
-20 47
49 1
32 14
-49 21
25 25
-24 42
-44 -21
18 -30
27 -30
25 44
16 -15
17 -42
12 -29
-45 -40
27 37
47 34
-18 32
-11 44
4 -9
-33 -9
-42 -43
2 -22
24 45
-6 -32
47 21
44 45
26 -32
-49 11
-23 16
6 -9
6 -25
43 -38
-2 34
-36 -31
47 43
30 32
-2 33
46 -41
-16 48
29 46
35 -49
6 6
-11 0
-23 20
0 -9
-8 13
40 -26
19 5
-34 39
46 -7
8 35
20 -47
-19 -13
-1 -48
47 -1
-10 33
21 38
6 -17
11 -21
-2 -48
-2 -40
-32 -39
16 32
9 11
-9 -19
7 -8
13 -12
49 49
-48 -37
23 41
-49 -2
8 22
6 -7
32 -39
33 0
15 24
37 -43
45 -30
30 39
-31 -27
33 29
-13 -24
48 -16
-20 -29
34 -49
11 40
3 -31
-19 -36
14 -2
-4 5
-37 22
8 31
-29 -38
8 -37
5 -32
35 -29
21 2
-16 6
-42 5
-49 -18
23 23
49 30
-18 19
-17 -35
-37 -9
-8 32
40 -39
23 -34
-9 8
-48 47
45 4
10 46
-10 8
-16 25
-22 -18
-48 -28
4 8
30 28
34 25
11 22
-32 -36
-16 2
34 1
7 -12
12 18
46 49
3 -6
-42 -7
42 5
3 18
-10 -32
-1 -28
0 -16
-24 -21
16 43
-41 -19
-31 -8
7 42
-42 48
-48 12
-17 -45
27 -41
-23 12
38 -26
40 -7
-40 -6
-6 -47
49 8
37 -4
-12 -35
-48 46
-7 8
-23 -23
9 -3
2 -16
-33 23
8 9
10 12
36 -31
-36 -34
14 23
-35 -4
19 -11
44 -21
43 8
29 -48
16 -19
-11 8
-47 32
0 -8
12 -35
-18 5
14 8
29 -3
-33 21
-21 29
4 46
48 35
48 42
-42 46
-37 -31
24 -47
49 -42
-38 46
4 -18
39 39
-25 37
-32 10
26 44
2 -27
44 34
-38 1
20 -34
6 -46
-28 -23
-5 -27
2 3
-17 14
-13 -40
39 8
17 -18
47 -45
27 -16
-10 41
-22 35
23 28
30 43
-38 10
32 29
-35 2
-32 -45
-5 -42
2 39
-44 39
21 -24
-48 -20
0 -21
36 3
12 -19
-26 -31
36 4
-30 -35
-3 -41
47 25
-16 49
-17 -46
1 -32
-25 24
28 -48
12 21
-11 -32
-49 -47
-37 -19
-36 -26
31 -2
11 -36
-29 -10
49 -15
-31 -15
-10 20
24 31
-33 34
-37 -8
-17 10
-9 24
39 12
-23 47
-45 -43
12 -39
23 -28
44 12
-14 -37
20 -23
-38 33
3 -27
-34 -31
-20 45
22 -13
9 -32
-7 -3
-8 -43
-30 11
-41 -4
8 14
-9 -18
49 43
-18 -47
11 -44
14 -45
-12 47
-17 -11
-6 -36
36 13
21 48
-47 0
9 -42
-11 -23
35 -18
-45 -9
-11 24
7 -49
-48 24
-17 -38
18 -6
-7 0
3 26
36 15
-19 -41
-44 18
0 -32
-42 -6
8 33
-3 -15
43 -8
17 -25
6 -37
31 -9
-30 6
-29 -9
44 30
-31 -15
21 46
-7 -26
8 37
8 -48
-23 31
-27 4
-2 32
-1 29
-21 -22
41 33
-36 19
-19 46
-37 36
35 19
-40 -15
10 5
-44 -22
44 -28
37 7
43 -33
-1 27
-15 17
0 -47
-2 0
28 34
-5 15
11 49
-47 8
11 39
-47 -8
19 22
46 46
7 45
-48 -22
34 18
-29 -24
14 27
-5 -45
-32 33
-18 41
39 34
-15 -42
46 -43
-24 -38
-42 -37
24 -12
35 -23
-2 -44
-16 2
-37 15
30 5
-23 -39
-28 -2
22 0
20 31
16 9
-10 -35
36 -45
29 0
-20 -32
-45 48
49 12
-26 -24
31 -42
36 34
-39 -7
0 -43
-38 10
31 31
38 -40
3 18
-29 30
-8 -9
8 37
26 21
0 -38
-40 29
4 15
-20 14
-49 -16
23 -13
35 45
-32 9
3 -12
18 8
12 35
-23 6
-46 4
24 -49
24 -10
-25 5
3 -20
34 -44
-28 29
28 36
-8 29
2 19
-15 11
33 -35
45 15
-8 -20
-6 34
22 -4
-10 18
-22 -31
32 -20
-20 -40
38 9
-17 29
-28 39
-3 43
-38 37
42 -19
29 30
35 34
8 -9
38 -26
17 -5
-14 -46
8 -3
34 -4
-7 23
29 15
7 -32
6 -8
32 -24
-37 41
-4 4
-33 13
-31 -34
24 8
27 24
0 35
30 39
33 11
-34 -30
-27 -25
-15 -33
37 -33
-29 1
-7 5
-16 26
28 -7
31 16
12 -16
47 -49
-30 46
20 6
6 -16
43 -41
42 -11
-9 -35
-11 28
41 0
13 20
-28 13
17 -12
-34 -15
-27 11
27 1
24 29
-44 -34
-9 -2
-32 -8
-37 -10
13 14
8 43
47 31
-47 -18
14 -6
-48 -18
-14 14
-19 46
-24 11
18 -28
-16 17
-32 41
47 33
11 46
33 11
31 -5
47 -33
-14 49
39 -12
-14 -6
-48 -45
-49 -45
-2 -3
-35 -38
34 30
40 41
5 -46
-31 -34
-4 42
41 -22
-2 22
-39 39
25 30
45 -9
18 -19
-40 26
14 13
-44 -24
-1 38
18 -24
-25 41
-19 -44
-17 -31
-23 30
-45 -3
-18 -30
21 -41
25 24
-39 -47
-34 -9
37 -8
24 39
4 39
28 -27
16 30
-35 15
-42 -32
0 -10
-4 45
-42 0
-32 -13
49 17
35 26
4 -9
-25 18
37 -38
14 -47
-35 -2
31 -27
36 41
-36 24
32 42
14 14
-41 -17
47 -24
4 -46
-20 -10
42 -29
-47 17
-31 33
0 -16
6 -23
27 -10
-32 16
-7 -18
-27 -46
11 10
18 18
14 -29
3 -32
23 -37
-19 -16
-7 -8
9 4
3 46
8 36
13 21
31 -30
36 -6
36 24
-15 -45
-2 -12
-6 19
-33 10
-47 19
0 38
-30 -41
-20 28
32 35
-36 13
5 16
-24 25
-15 9
-27 -35
26 17
6 -43
37 7
5 -17
29 48
-21 3
-31 -20
-18 34
-1 22
20 23
-49 -6
6 30
41 6
-45 -41
-44 26
1 20
-27 -5
5 -30
-21 21
21 24
-26 11
45 -46
-14 -23
16 -48
24 -2
-41 -22
40 -33
-11 -33
-15 -14
-40 31
49 -8
36 5
41 -18
27 -24
8 -1
13 45
-5 17
10 -45
-22 31
14 -17
20 23
23 -21
-7 7
-16 -14
23 -48
-46 12
-9 8
9 1
4 32
32 18
21 -48
40 -41
-25 -32
45 39
-37 -19
48 -21
-6 -34
-9 19
-39 -30
-1 -10
36 -7
-2 2
-35 -47
42 25
-13 -7
-22 -44
31 16
15 15
31 -11
-35 -1
14 12
-1 33
1 -22
-37 -48
-37 -23
3 46
-28 -17
16 18
-3 -29
-28 -22
31 15
-33 -25
39 -16
0 -17
-27 -24
-45 26
6 39
33 0
-25 -22
-12 -39
-1 24
-18 25
-34 -14
0 1
-49 13
-27 20
-2 11
29 36
10 -41
24 -49
-29 -25
34 -5
-23 -11
4 23
-20 -41
1 -26
5 4
17 -29
-24 4
17 -47
-38 -13
27 -25
-20 16
21 40
-7 -47
25 -36
-37 -17
39 49
21 15
-27 7
-2 22
-13 -15
21 46
-5 -8
48 35
-30 -9
-10 33
10 46
48 -13
-49 11
40 -12
16 -23
-25 -29
28 28
8 -48
-47 -1
32 36
-35 3
-10 0
29 -17
4 -36
-42 38
-4 37
0 -23
22 19
31 18
-11 34
-17 36
-25 38
16 13
18 -35
-7 -1
42 13
12 41
-24 25
28 -32
-47 -27
-25 26
45 -47
11 12
-35 -3
-38 13
24 -23
-6 -14
45 -9
33 -1
11 -42
-30 2
-3 22
0 8
17 19
-36 -33
24 -12
34 35
43 -43
-35 12
-5 -42
22 -4
3 -12
-49 -6
-11 36
8 -14
19 -20
15 -39
-44 20
-48 42
0 -35
-20 -9
45 32
9 47
-21 31
-36 -33
41 -10
8 5
-13 49
-49 16
44 14
-21 7
-38 -30
-38 -33
-19 7
43 -37
45 0
24 -41
13 25
5 33
8 -32
14 48
5 -46
-22 35
-8 -12
-17 -25
49 -49
18 -21
-16 27
19 -32
-37 13
9 47
43 24
7 42
18 -9
-40 -37
-40 -8
-43 -11
-42 23
27 -25
-10 24
42 -42
6 24
