-6 -21
47 -7
27 45
-33 11
2 -30
-43 5
-39 -48
-4 -27
-21 5
48 -23
-27 -3
-15 -3
20 6
22 -40
-14 0
16 29
20 -33
-35 -31
-4 42
-28 -46
-47 -42
-26 -13
-33 3
-44 -49
-35 30
-26 -28
-2 -9
44 16
-49 -34
-2 3
36 -2
33 14
-40 46
49 13
13 35
17 12
-40 -17
-26 -1
38 -13
41 33
-30 -21
0 34
-43 -7
9 -1
20 37
33 3
-12 -17
12 -30
19 -42
14 20
-36 -3
43 0
21 33
-37 37
-39 46
-3 -33
27 -1
-17 24
-13 43
-33 18
-25 45
-4 -17
-42 -25
-3 -15
-23 30
25 39
-10 -2
-47 34
42 44
-47 15
-15 -2
1 49
-31 -8
4 -29
-15 28
38 -17
-16 26
-29 -29
18 21
-17 -2
12 38
36 39
-23 29
37 21
-45 -31
-21 -33
-16 -27
-10 48
11 19
-16 2
47 -44
-18 -24
23 -21
-42 -39
12 2
0 -35
-31 -35
-41 -1
46 40
44 -32
-49 -14
-46 -35
28 -15
-17 38
-9 37
-2 4
28 48
0 30
-27 17
-25 -6
-5 -34
6 -32
28 2
-49 27
-15 -9
-48 8
-46 23
35 -26
0 24
-40 -37
-4 -44
39 -3
29 -21
-3 26
44 -24
-7 -23
1 -24
19 35
30 -27
35 3
-15 46
-27 -33
4 18
23 21
11 -21
35 23
44 19
-2 33
7 10
33 0
35 9
-2 6
40 0
-39 -2
0 -25
40 43
26 -8
-4 34
-23 -11
-13 -3
-28 -28
-14 -1
-17 22
-43 40
15 -21
33 3
5 48
-24 43
11 10
36 -39
3 -46
-34 -5
-25 -40
33 -16
13 36
5 -29
-41 33
-28 -27
-4 37
26 -37
-41 -16
-3 -40
-24 -47
19 -14
49 22
34 9
37 1
-29 46
0 0
8 -4
-3 -21
45 49
27 -1
12 10
-34 -19
-2 49
-14 23
45 -29
-41 5
-31 -13
-12 41
-47 31
31 -24
-4 -19
28 -29
-41 18
34 -4
-43 44
40 15
-26 37
31 -13
19 -46
-4 35
-8 28
11 32
-35 -10
-44 47
45 -29
-13 44
-1 30
20 34
-30 -48
-24 15
-6 -31
23 0
-30 -40
-5 25
1 -35
-19 -22
32 -34
8 38
35 -13
-5 5
6 2
30 -36
24 -20
-38 15
31 -49
47 10
-35 -37
41 -4
16 -3
29 36
44 -39
-20 23
-29 21
48 -30
12 3
-2 -11
-42 35
0 -32
-6 -27
-6 46
19 -35
23 28
2 44
10 -29
-18 -48
37 -17
-5 -11
-28 -10
-42 39
-23 12
-43 15
-17 38
-12 36
-44 -7
20 -40
-42 -35
1 -14
10 43
-37 -22
22 36
-18 -5
17 35
18 -28
-17 -15
-39 -13
40 1
22 -23
-19 48
-7 -17
2 27
-47 -35
-25 18
-29 40
-33 35
46 -28
1 -7
-11 -20
-46 -11
11 32
23 -16
-39 -3
-35 -38
42 -16
-44 -36
-45 40
-36 -22
36 -23
37 8
0 -8
34 -5
45 8
-12 -11
-28 -16
46 -12
20 -47
-47 27
-29 45
-44 -23
38 -38
46 16
46 -38
-49 -32
12 -35
39 48
26 -28
13 42
18 -16
36 26
-42 -34
-49 -8
3 -49
-40 49
-23 38
25 -26
-46 -26
35 -19
48 12
-19 -38
24 20
21 -47
-44 42
42 -7
-16 -13
-47 -25
23 -37
-48 -44
5 -16
-19 22
12 37
46 45
13 -41
39 -48
7 26
4 6
-32 26
46 47
-4 -24
20 25
45 -5
44 8
4 -2
-44 37
-37 -17
30 36
49 0
24 -14
12 -12
27 -44
8 -23
-31 10
-49 48
-1 7
10 -40
39 -10
40 -3
4 -15
31 20
17 40
28 0
-32 -6
16 -43
7 -46
20 -46
-33 -22
-26 -19
-6 29
-13 49
5 23
7 33
-44 29
7 40
14 30
1 -28
-19 -39
30 -3
-23 38
47 -4
6 -30
21 -18
-15 17
-10 24
-13 0
13 33
-11 -19
36 46
-26 41
-12 11
-24 -34
-44 -27
48 -19
48 37
-15 4
44 -7
49 25
-30 -38
-31 -26
-41 17
-24 -21
28 12
37 -22
28 36
-33 -48
46 21
-39 40
0 35
-15 -26
16 28
-6 -10
-20 -49
-39 28
-22 12
-23 43
-25 -38
-36 11
-41 -1
9 -39
49 39
7 11
19 39
0 11
38 6
28 38
-46 -33
44 -44
7 -27
-41 -37
24 -36
-16 -39
19 -40
12 40
-47 19
49 -10
-20 21
44 37
-12 37
-18 27
40 24
43 -40
15 20
1 -47
12 -46
-12 -18
-10 -28
-48 48
-5 37
-44 15
-6 -38
43 17
23 37
-20 -48
-28 -38
-14 -46
24 17
-11 -8
-26 35
-34 -30
-21 2
-34 26
14 48
14 0
-35 0
25 43
42 36
-9 12
44 12
-8 -31
-46 34
34 12
-25 6
12 -35
18 -35
7 8
-17 -11
-36 -39
-11 30
4 -18
39 -1
17 -34
2 -26
1 -13
12 49
-30 -5
30 -27
-22 -47
-26 -46
-25 23
-8 15
33 -16
12 6
8 38
-45 -43
-9 -27
-28 41
-32 43
14 33
22 -38
-5 -36
-16 -45
-20 41
-6 41
-26 18
-6 -16
33 41
-29 48
14 -21
7 -5
49 -18
43 10
-20 16
-33 -8
-34 -41
-11 -41
-42 34
-31 47
-41 21
23 -13
-24 -46
12 14
-32 34
-25 42
-40 -33
2 -38
-40 14
35 -18
3 40
-11 14
38 26
-12 5
0 -3
39 21
27 12
21 -25
48 11
0 -47
-2 -37
-29 -33
37 25
45 5
6 -24
-48 17
-25 39
49 -13
-29 -42
-29 -22
10 38
37 -19
0 -47
40 44
-34 -11
-30 32
45 20
12 -15
-20 -34
1 -3
-42 -17
35 35
21 44
-4 41
49 16
-32 -43
45 44
-16 7
5 -31
31 -22
-34 -14
23 43
-5 9
-28 45
-2 -47
-23 -5
-37 -35
-44 -14
-6 25
5 0
29 -33
41 21
41 40
-20 19
1 46
-21 16
42 0
26 21
-24 43
42 36
-41 25
-33 -30
8 -9
0 40
6 34
25 9
-32 28
-43 -40
44 -10
13 46
-19 33
-47 11
-41 37
-1 49
-32 -24
-12 -47
-24 42
38 37
11 40
-9 -7
28 -12
32 24
-5 -21
-16 2
-36 -11
3 32
28 -41
-10 -17
-17 48
37 -3
26 -46
-9 0
27 -49
28 26
18 -19
30 -8
-31 -35
7 -5
7 -42
19 -12
-42 6
-37 -36
-7 -19
-1 21
-49 -4
-33 -23
38 3
48 23
3 -20
-27 -30
-49 -20
-34 -1
11 31
-45 -7
-22 22
38 48
40 40
-12 23
-20 -36
-10 3
-44 41
0 29
1 25
-18 49
-27 -35
-43 18
-44 43
-14 -36
-35 0
27 -44
0 3
-36 24
9 0
-28 -33
-23 -29
29 33
-38 -38
45 36
24 30
-33 -36
-23 -10
-7 -17
-3 -22
30 38
31 -2
-12 -38
-42 4
-30 1
6 9
46 23
0 -8
24 14
39 -14
18 44
-43 -7
4 11
-46 -43
23 -2
-36 -31
45 1
15 -31
-6 22
6 15
2 -33
-2 47
46 29
-30 -9
21 38
31 -44
-7 35
45 27
0 25
-25 -18
45 10
3 -3
39 14
44 1
1 7
2 -48
31 3
-18 0
-3 -21
0 -26
40 10
37 20
-31 3
10 -3
-20 -32
20 15
-32 2
-17 -26
-18 7
20 -16
5 -10
31 28
20 1
16 41
30 -5
33 -4
28 -13
31 48
-29 -33
-49 37
20 9
-29 -13
-18 21
-26 0
17 -18
-4 -26
-10 14
-15 46
29 -9
-15 48
24 42
-27 -22
42 43
-6 -36
-34 0
-33 19
20 33
26 -26
-34 -46
-40 -47
15 40
-26 2
16 2
40 11
37 6
-32 24
-33 -48
-33 -46
-48 -25
-20 11
11 -2
24 18
-21 -47
-47 0
14 8
-23 -3
27 44
31 1
32 -34
-8 -26
-9 -21
-46 -34
46 -31
1 49
-33 6
5 47
27 -48
24 28
5 -38
47 -49
-10 40
-34 15
-10 -4
-23 -46
1 -46
-23 -2
-22 37
-24 36
-34 35
22 -21
-1 41
-40 49
-12 -35
10 -16
-33 13
36 20
-4 -16
-35 -20
32 40
14 -30
-36 31
49 -45
26 -41
-42 -21
-20 -4
-16 -39
38 28
44 -39
44 -15
-3 17
36 19
-7 -14
-19 16
13 24
30 3
-42 -13
19 -30
-27 34
32 17
5 48
-34 14
20 -24
-40 -45
34 47
-28 -39
21 40
-10 -29
-20 -5
-31 -40
-11 -31
-34 39
43 -1
35 -32
30 -5
1 -15
10 -31
6 42
43 36
48 -36
-32 -7
38 29
24 44
9 -10
23 -11
7 -16
-31 41
18 17
-12 6
-18 2
-28 20
28 31
-20 11
7 -18
-33 -16
-37 2
-40 5
4 25
-44 33
25 6
2 -49
46 -48
11 48
-8 25
-38 -9
-14 -3
-26 19
-5 -31
-6 10
36 -1
47 10
7 -16
36 -32
36 11
-5 -24
-22 -43
-30 -28
37 -13
-28 -40
46 3
-8 16
18 18
37 41
-9 10
-11 -11
-9 44
-33 10
43 -15
3 -14
-40 39
14 -15
-4 4
-2 45
-33 -40
26 13
-25 -5
-18 -38
0 2
-1 16
-32 -38
-35 17
-20 12
19 -47
17 -36
28 -9
27 37
-47 22
17 -3
43 -6
0 4
46 -44
-9 31
-32 -37
39 -5
-25 21
9 29
12 1
45 15
42 -23
14 2
-40 45
12 13
17 31
24 33
48 2
-33 -38
-29 0
45 40
-8 -7
-16 23
23 -24
31 -43
-23 -18
2 -14
-42 17
39 -22
-42 -14
35 -7
18 -14
-2 -29
-46 1
-47 39
21 17
-24 -30
1 -34
7 0
40 -47
5 -7
31 -30
-2 4
46 -44
22 -49
-36 -15
1 -24
17 -28
11 42
46 -47
38 6
40 39
-36 47
-21 -40
18 39
-24 29
8 -29
-7 7
1 -42
47 -14
-48 -11
-15 38
-19 23
7 -6
38 12
25 -29
44 6
43 -2
37 -33
-15 -31
-5 0
-34 43
-3 26
44 48
28 8
-21 16
23 6
8 -16
-3 -33
15 0
-7 49
2 -26
6 0
10 -13
-15 -18
39 -18
36 -37
11 -4
3 35
1 -36
-33 3
-17 -3
24 35
38 33
49 35
36 43
-17 23
13 44
-15 27
-8 44
-6 49
23 -22
-43 27
-37 -44
-37 -28
-15 -25
48 0
1 -39
39 19
-40 43
-37 26
-21 -47
6 32
-33 32
-16 0
45 -32
25 -20
-1 -40
-18 30
33 14
-38 -4
32 12
41 19
-25 0
-22 28
26 -2
-47 -20
47 42
-41 -43
14 -26
7 18
-3 44
2 13
-37 -2
-8 -5
46 45
10 -31
32 0
-41 22
-42 -36
30 6
-27 25
26 -10
-48 41
-35 21
42 27
39 6
18 18
30 38
22 14
-25 -4
-1 -5
43 -10
-25 -40
0 15
-27 -16
-48 36
-47 39
0 43
22 47
46 12
-8 -40
38 -17
-49 -31
36 9
-3 -22
11 -32
-49 3
40 -45
35 41
15 -24
-20 17
-41 37
5 -3
44 -27
-22 3
7 -13
0 24
-30 46
24 25
37 11
36 31
-17 14
43 46
-19 46
-14 -11
0 5
-24 27
-30 -21
35 -9
-40 43
-7 7
43 29
-21 -5
-43 -3
30 5
38 36
-16 47
2 -35
40 0
11 48
20 12
0 8
13 -28
-48 27
36 -36
-35 -37
10 35
-20 29
-3 0
-43 -28
-3 -32
43 -7
38 -1
-20 39
-8 29
-48 -23
15 4
-42 -2
-47 34
6 15
19 45
23 14
-37 1
31 -27
6 2
-35 9
5 6
-1 31
-34 -38
-4 46
28 16
8 46
10 -32
-23 12
28 -29
-29 30
-18 18
-8 14
30 33
-9 -25
-13 -15
37 46
23 -45
-34 9
16 45
16 9
-25 -10
36 -42
14 -26
8 -14
-46 -22
-49 38
-8 3
-20 0
19 -19
38 23
11 -23
-49 24
-38 24
9 -36
-18 39
26 4
-8 -3
3 8
39 45
-30 7
34 -4
-25 24
5 -22
-42 34
-37 39
-18 -39
42 -3
-29 38
-38 -32
16 17
-35 -9
-16 41
43 -2
-6 30
-44 -35
-23 39
26 32
-27 -38
0 8
-30 43
-48 10
10 -25
-47 22
-42 -4
6 -43
38 17
-16 4
6 -47
-12 -20
27 -48
-28 4
17 35
0 7
-14 5
39 20
-17 -25
-12 -23
-9 29
-33 -11
-3 8
-45 2
-40 -17
-3 -27
-20 18
-10 -2
16 -14
44 -12
34 -3
37 27
-9 12
-35 -13
-41 -21
-37 8
-30 15
29 0
44 12
-3 -17
-10 -8
-48 24
-13 16
-33 43
30 39
9 -31
45 49
-38 -15
-41 -20
0 35
44 22
-37 -7
17 18
7 -12
11 2
44 7
-18 -19
-37 0
-28 -15
-46 37
3 -43
38 37
-23 48
-22 -21
34 20
-2 -5
0 20
-8 -14
-14 25
-3 -36
-42 0
42 4
-27 -16
8 -46
20 27
-7 45
-48 -26
18 -38
30 5
47 -34
40 -49
-2 -46
38 -6
31 -2
-6 47
-22 31
25 41
-5 27
-45 -18
-36 -16
-32 29
48 17
24 10
-38 32
-23 38
-13 30
10 10
16 -48
1 -44
19 -10
40 -33
-22 -2
-11 -2
31 -7
-35 -14
40 -25
33 9
-47 -38
-19 -18
35 -44
-37 -47
-13 -12
39 9
-39 -6
-48 18
47 8
40 14
-32 15
31 11
-5 40
3 42
-29 -16
-22 -15
-31 28
-17 35
20 -45
-41 44
-36 0
-29 -7
-38 -13
-7 32
-5 40
-10 -30
-18 -36
48 -38
41 20
-20 -32
4 34
-12 -26
-20 30
25 13
-11 4
16 24
28 28
-7 31
42 3
18 36
-19 -12
42 -16
-39 28
-27 -44
-13 0
-28 0
35 48
-19 11
9 -11
-17 37
16 -8
-36 -23
-13 10
-24 48
6 -25
-17 -47
42 -23
33 27
21 37
27 44
-45 5
29 -22
-48 -9
44 3
-39 -9
-19 25
11 -10
13 28
-43 48
24 -41
46 -3
-5 -15
40 -16
7 -26
-49 -5
3 -35
-26 -22
-14 -45
10 -47
-10 -9
-19 -9
-2 23
-31 -24
8 -38
22 41
-39 31
-17 -21
36 -39
-16 -8
-18 -13
24 -47
-37 -3
-24 -43
-3 23
39 46
35 -48
-43 20
-12 -26
-43 -43
-14 35
3 28
22 -4
31 -2
17 -12
-13 -30
33 -45
-45 12
-40 -35
38 -1
18 -28
-37 39
18 16
25 37
29 -3
20 28
-40 40
-49 -37
2 47
-13 -8
34 35
46 -23
13 34
-46 38
1 45
43 5
-8 -31
47 -2
23 24
19 -15
2 6
16 -40
45 -25
-29 10
-5 0
35 -23
-23 -49
47 -10
-21 30
32 2
19 11
-40 -11
-37 -37
-13 -35
44 -15
30 -14
-18 47
-36 -4
-7 -49
-29 -24
-18 -49
-2 -22
38 -17
-12 -39
-47 -7
17 -40
-27 -3
-47 -46
24 20
-8 -34
-31 -20
3 -34
-35 -46
33 -2
-48 18
35 42
36 -28
-13 -2
-26 49
35 -7
18 39
-1 37
-25 -17
23 10
-12 -21
24 29
-19 -17
47 -14
19 40
47 -8
-38 23
21 -43
-46 32
-1 6
-42 19
3 49
22 8
-8 -39
45 17
-35 11
-31 24
42 44
-1 8
-17 13
-41 14
18 -41
-32 -20
-20 14
1 41
22 -47
-8 20
-40 -21
18 33
39 -8
-9 -41
45 6
9 3
-20 30
32 -17
3 18
37 9
-1 38
-39 -26
0 -6
8 13
-16 3
15 -27
47 -29
22 41
27 3
0 31
24 35
23 49
40 41
-33 35
-30 -18
-19 -48
-32 -38
37 -5
-9 -1
-38 -33
1 6
-39 -49
46 35
0 -21
29 -25
-23 26
-18 35
-43 41
32 -8
-29 28
21 42
25 45
34 8
-4 -14
-30 32
40 33
-18 -17
13 -36
45 9
-17 -41
-24 9
-11 7
-22 -23
-13 -17
9 9
25 0
24 -34
3 -16
-26 -8
44 20
-11 -4
-26 16
22 34
20 -32
-49 -18
0 39
46 -20
48 -40
42 20
34 8
-44 11
-7 31
32 30
32 -13
-21 -38
44 9
-18 10
13 42
-36 -9
0 0
10 -49
39 22
-4 0
8 48
-17 11
12 17
-24 0
-13 -46
-21 49
45 -32
44 43
-23 23
35 -30
47 -32
37 -35
-8 34
-26 4
39 -26
-12 16
-4 15
14 -18
-9 24
28 -1
-9 -42
-7 10
35 12
-22 -10
24 49
-10 4
24 -11
-33 46
29 -29
-37 22
-5 -19
-27 34
-42 -12
29 -9
-15 45
-22 -6
-12 48
41 42
32 -1
21 -34
-3 -33
-45 -9
10 -9
-31 17
34 36
-20 5
-6 19
-19 -43
45 22
-27 -18
-18 0
-41 17
16 15
-3 8
1 28
18 -45
-40 -47
-36 -35
-30 12
2 -16
36 29
35 32
-17 -39
37 -44
9 -28
-43 -25
-25 47
-11 44
-40 27
23 20
-33 -4
-11 -7
4 5
42 -24
-29 42
23 47
19 -29
6 36
-49 -11
8 -27
30 -28
-6 -33
37 33
-12 23
47 -45
-1 -15
-43 -34
38 27
41 2
8 -41
12 36
-21 -10
-5 -8
4 11
38 -44
-25 28
-28 -42
-39 -23
12 -17
28 23
-7 15
49 -35
-14 -6
-7 -4
4 -26
-11 29
-15 -40
11 -15
-8 41
-12 40
-20 -45
16 -21
-46 6
-23 1
29 -4
15 10
48 48
21 -22
47 -39
48 35
1 8
-25 12
45 -44
9 43
-14 22
-10 -48
-40 18
43 -23
-42 0
18 2
-49 -18
-20 -47
-3 9
-28 6
38 32
-41 15
-30 -21
-13 -15
25 41
-41 -27
35 46
-34 -5
0 46
31 -27
-48 16
-46 17
33 20
11 42
45 -9
-22 46
10 -46
40 -4
-29 -3
-21 -48
-39 25
35 -36
-36 24
-20 49
-25 -49
-5 30
45 43
-1 -6
29 34
3 -48
-26 -30
-12 -33
41 -48
3 5
5 -11
-46 43
43 48
21 9
41 -30
4 -49
41 36
-21 -25
-35 23
8 49
-4 0
32 2
-17 -19
-19 6
36 -21
10 -42
-49 0
16 38
8 -42
36 41
20 34
46 45
7 -5
-19 -40
-47 12
-20 -38
42 -19
-44 -25
-19 10
-42 -9
-49 -25
-46 -25
22 23
43 13
33 -9
7 -7
-30 -29
8 -27
13 33
-6 -33
-1 -23
-7 -25
0 -24
36 28
-7 18
-37 -27
36 49
-32 48
-27 49
-19 15
-28 5
49 -13
-47 10
-42 -34
43 21
-24 21
-9 0
-35 35
5 5
0 -44
-7 -11
17 -1
22 3
-42 23
-5 47
-34 -42
4 15
-14 -47
19 -23
37 -18
-33 -29
41 38
-9 37
38 -44
30 18
0 -44
-37 -6
-8 2
6 -43
-43 5
-30 -35
-26 45
24 -40
-19 -36
27 19
-6 -41
-6 25
-11 -4
39 -36
-6 -1
15 21
26 40
-26 -3
-7 18
-16 12
6 -9
26 -42
-5 24
38 0
5 0
-10 -27
24 -8
-34 -2
31 22
-20 -22
-22 -16
41 33
28 -42
-2 -26
-16 30
-7 -49
-32 23
36 42
24 -47
0 34
24 36
44 36
-35 40
-37 9
-19 27
10 9
-33 29
22 -30
-33 38
37 -44
19 29
-7 30
45 -14
22 -24
-7 -2
-37 44
10 -39
-49 -9
-15 -44
46 -28
30 37
-35 -36
-47 11
20 42
-16 -16
-13 0
20 15
-40 38
-46 -6
1 -48
5 -39
-42 -39
-20 6
7 26
23 34
13 -19
-19 -29
9 -14
-48 45
-8 0
9 -45
14 -2
-44 3
9 40
-9 38
49 37
20 28
7 -42
-43 22
3 3
38 1
-11 46
-18 28
-25 -49
38 2
-48 -25
-14 4
-29 -23
-34 -23
-48 -25
48 41
-12 20
45 37
45 -25
-39 -44
-15 38
-14 10
31 39
0 20
5 -23
5 39
-29 -31
14 31
19 -35
-1 43
-42 -37
45 33
0 -12
-43 -16
-19 -47
22 -29
-49 10
23 -24
-23 -33
18 6
36 -29
-48 -34
-12 -41
36 49
2 -46
-20 35
-36 46
-20 -30
-23 28
48 33
-30 10
17 -16
-23 -2
39 25
-7 -30
48 -35
-3 -12
-12 22
-44 26
28 -5
15 -4
0 24
-7 49
14 -46
-33 -36
8 -18
28 32
31 29
-42 33
9 -17
-31 -48
-19 -9
34 25
-28 0
8 15
33 47
21 28
33 -40
3 -32
-16 0
-20 -4
8 19
-43 -9
48 49
-18 -6
-32 -34
26 26
49 14
-28 38
-27 -35
-46 11
5 -12
-19 17
-20 37
-34 -23
22 17
-5 -9
32 34
0 -13
-36 5
22 3
16 22
-41 -6
29 48
-19 -22
-48 29
-8 46
-12 -32
9 31
27 -3
-43 -28
24 12
1 -24
20 33
21 16
19 16
-38 -26
-45 -16
-15 35
-44 -47
-18 -45
-27 32
-47 34
13 15
-31 35
46 26
-10 30
24 25
-38 -29
45 -10
14 -26
-28 25
36 -44
29 39
44 43
-35 35
-22 36
38 -48
-25 22
33 -38
-36 16
5 19
-44 -2
5 -15
2 42
4 16
30 -42
-25 -13
7 29
13 46
4 -28
-33 -30
0 -43
47 35
-15 -24
-40 -13
-15 24
8 29
5 0
28 -6
30 -23
46 -32
30 21
-3 -21
-43 11
11 -45
-3 3
37 37
-13 -43
-15 -29
23 -22
49 1
-41 -48
-30 -31
41 -16
-10 33
-30 -14
14 -44
-29 42
-43 43
5 -9
-10 -33
-24 -40
41 3
-10 -49
22 -37
-10 -29
0 48
39 19
-7 21
47 -28
4 0
25 36
24 5
3 10
-14 -45
-36 -18
24 10
13 16
-30 8
-6 19
-34 45
-1 0
-26 23
11 9
-2 -12
32 -43
10 -42
-23 0
-44 22
11 -48
17 -3
0 15
-13 -49
3 -40
15 -13
-27 20
2 21
-14 4
-46 33
23 4
-44 -48
8 11
3 23
-10 29
-20 -4
-41 -33
2 -11
34 45
40 10
0 -42
-34 14
-31 31
-4 20
15 17
15 -33
-49 -39
-42 -32
-12 23
-9 -25
-44 -29
1 16
-26 4
40 15
-37 -19
-25 34
-21 -40
18 -20
-9 15
-10 -15
31 0
26 -2
-29 6
4 -13
6 -38
-26 -18
-43 -23
37 28
-47 -47
49 -1
1 46
-42 -40
22 23
30 -26
41 10
44 -21
16 -4
-24 12
-21 -39
23 -13
-25 -39
-43 -35
-43 -28
8 1
-7 -45
49 -24
-42 -30
10 27
37 -35
-14 14
-27 44
-2 24
-8 10
18 -39
17 -17
9 49
48 32
-25 -23
12 24
-35 29
41 -42
-21 24
