39 0
22 10
-12 29
-29 -46
33 23
-38 16
45 33
-3 -41
35 -29
31 -3
-20 39
43 48
-43 36
22 30
3 40
23 46
27 41
-6 5
3 33
13 -38
2 7
-1 -45
17 33
-44 -4
-29 7
-43 -35
-47 -23
30 -37
21 34
9 -27
31 -14
19 -1
11 32
-44 -4
-10 40
10 -33
-1 -25
-37 37
-43 -34
6 -29
-43 -6
-2 -26
-15 32
41 31
-7 -5
34 15
19 -49
20 9
27 2
18 2
24 -32
31 44
-1 34
-11 -34
-3 28
1 -26
2 -20
6 -33
43 -49
-22 41
3 44
42 14
5 18
-13 3
47 1
-3 -2
37 4
-24 5
-24 23
-31 -10
-2 -29
44 -35
24 9
18 22
-8 5
41 7
45 35
-48 31
-12 -2
45 37
2 -15
40 14
-15 -34
-7 20
11 28
-31 -39
-1 -24
4 27
33 -20
44 36
20 22
21 -29
44 26
34 42
38 -25
-38 19
37 28
3 -16
31 -24
39 -24
24 30
-32 -9
-10 -27
38 -45
-47 8
-3 13
3 25
10 6
-44 -11
19 -31
38 -15
28 -46
-11 -25
20 -9
-21 -30
-47 44
31 -22
26 44
8 -21
-42 -45
-46 48
36 -5
-22 -2
37 -36
-22 46
23 26
40 13
-9 9
-17 -10
20 -33
0 31
47 -5
31 -18
-20 -39
-31 -44
0 -16
26 6
45 3
44 -17
36 29
9 30
0 10
-45 22
-14 18
-34 -39
-37 -4
10 43
46 6
11 41
47 -8
5 0
46 1
-36 1
23 18
8 -1
30 20
11 -33
23 -3
-41 -3
14 -6
-44 5
-7 -48
-36 -29
28 31
-18 -14
-20 -31
49 -42
42 -38
-22 39
8 -27
24 -17
48 -8
7 -18
-14 -30
37 23
36 -26
19 20
29 -41
-37 -36
3 -35
33 46
21 -5
28 -46
-37 5
37 16
28 -23
-19 -40
-44 -22
1 38
33 -18
42 -14
-13 -5
-27 35
-23 -24
6 -6
12 47
20 -41
6 -36
-12 -38
-10 9
38 49
-29 -34
3 34
27 -43
25 -5
13 27
-23 -8
19 -18
10 14
-45 7
-41 7
-42 -6
-28 -25
-32 0
41 -13
19 32
-13 24
-20 -24
-9 14
27 40
11 -12
-43 -48
7 23
-15 -27
-45 -37
-38 42
37 4
45 38
18 18
-16 26
48 -17
-1 0
17 -20
-21 36
-39 45
27 -15
-15 44
-19 -21
6 12
9 -38
36 -26
-40 11
33 47
-30 17
-39 -48
41 -47
3 -19
-28 17
30 3
19 -1
38 -11
39 30
-16 12
17 -39
4 36
29 -29
-6 -10
-16 -28
-45 -7
4 -30
40 -25
31 0
-28 -38
-27 -4
-39 -36
-46 -18
-43 7
-16 -32
11 20
-34 -32
-18 45
26 38
0 -5
-26 20
-6 40
37 -42
-40 41
-41 32
27 35
24 11
-40 -36
27 45
-11 -10
-23 21
0 -33
-27 -17
-20 13
0 -48
18 26
38 30
16 25
14 23
6 16
-14 34
37 -43
-24 -10
16 14
6 -11
0 -11
37 -28
8 18
36 34
36 11
-38 -23
-24 22
40 9
-14 16
16 -33
18 34
1 -3
-48 -38
-46 12
-3 42
26 -27
35 -5
34 -16
48 -44
32 -46
47 6
49 41
-36 -19
1 -16
0 45
-38 37
-37 7
9 32
31 29
49 48
3 15
-42 -29
15 24
42 -21
20 24
-30 48
-47 -13
-17 22
-30 49
42 13
-36 -30
30 -26
45 38
44 22
0 -29
20 14
-28 -4
8 37
-28 45
33 19
-7 24
-29 13
49 11
18 -31
27 49
40 25
-25 49
13 42
43 -26
13 -18
11 39
28 -47
-24 14
45 10
3 11
-12 26
-6 15
-31 -44
25 -11
-43 46
-7 3
14 -25
49 -47
-9 24
-32 -30
-37 45
-46 -31
-11 42
-22 -17
41 32
-47 38
33 10
32 -48
42 47
23 -30
-48 6
46 10
32 27
-40 -10
28 7
38 -5
-32 -3
-29 34
-43 33
-14 10
48 0
12 -7
8 46
47 41
-28 13
27 -25
-37 -17
21 33
-47 -23
3 -36
9 18
1 44
49 0
12 42
33 -1
44 -35
-7 33
-40 11
-49 -47
-27 32
5 25
-30 47
16 9
-45 12
-22 -26
-3 -43
-22 -25
-44 -6
17 -32
6 39
0 19
-46 44
-1 -19
2 48
5 9
38 19
-24 37
-25 24
7 -31
-35 6
40 -10
-10 35
17 -44
15 -33
33 -41
-39 -47
-31 -4
0 -12
37 33
-30 39
-28 -1
-12 -21
23 39
13 37
14 -41
-48 -37
17 3
10 -22
-45 7
-8 30
2 -9
-16 48
-32 -28
30 -7
-4 -16
7 -5
-43 -36
25 26
49 36
-4 35
43 -11
28 -2
-42 9
35 32
-20 -30
0 21
-8 -20
34 23
49 2
35 -21
-21 -11
17 20
-29 0
-13 3
-5 -49
-25 39
0 0
-30 22
47 -46
-22 0
-2 24
-6 -11
-32 13
0 14
20 27
-33 -44
25 -26
5 -38
35 -27
33 -14
44 -44
-9 11
-20 11
-13 -24
-4 -3
5 35
7 -24
24 -33
-32 37
-11 34
-1 -14
-26 33
-38 -45
-35 -29
25 46
-21 13
-42 25
27 -41
-7 -14
34 -5
37 -4
-10 -16
-2 44
24 -30
-16 -23
-44 39
-6 41
-27 47
-28 -15
-19 -3
27 -39
24 -42
16 18
2 -45
1 30
36 0
-23 19
-36 32
-22 3
14 17
-14 -27
-44 10
15 46
31 9
-9 29
-39 10
32 6
41 -1
12 -22
-25 -8
-3 14
36 14
40 -19
22 -5
21 23
33 -21
-42 -46
12 -30
6 21
-11 -10
35 -36
-9 44
43 -48
-42 36
40 -36
-18 -46
-15 9
-25 4
-33 -4
36 14
47 47
6 44
-32 24
20 12
-4 -36
-11 14
42 -5
13 -39
19 -31
-16 25
35 7
4 17
13 -30
-7 41
14 -25
-3 -5
19 -2
15 22
-46 -12
-34 -23
-17 -22
49 -1
48 10
34 44
34 7
-43 32
22 -10
49 -22
11 17
-42 -3
-5 27
-18 -40
-29 -1
20 -40
44 -20
-21 25
43 33
-48 -3
-16 -45
-48 25
-33 -20
11 23
-6 45
-37 -7
-39 -33
14 49
34 3
47 28
-49 25
-18 -8
1 38
5 -41
-37 -47
-49 -21
-8 20
12 18
10 -27
-23 -30
17 -6
-35 -35
-13 -29
-34 39
-38 49
-47 28
9 -11
23 9
-20 3
6 -45
-10 9
18 36
-15 -22
-8 -7
16 -11
-5 -18
-39 -9
13 35
-18 -13
-28 17
10 -6
-9 19
-10 24
18 -41
22 19
-15 25
20 -28
10 9
6 19
-3 -36
-45 10
-30 -30
46 10
-9 13
49 -24
-25 47
-37 -37
-35 -47
-44 31
-5 -37
-23 -9
25 10
6 46
48 38
37 36
0 14
-3 -12
33 30
31 49
9 21
-30 19
-41 17
0 8
-18 -45
45 14
-35 -36
35 37
-17 -12
-19 -23
40 42
12 11
-4 38
37 48
47 -49
10 -44
-42 -27
-3 -32
15 -21
-1 -21
-38 26
42 -36
-8 2
0 -2
-34 5
21 36
20 20
-30 48
-30 6
27 46
19 43
42 -17
-47 -30
-24 5
-40 10
28 -6
-10 -19
-19 -43
-35 7
-23 35
-27 -48
30 -28
9 -16
23 14
17 -40
36 15
-48 8
6 -33
32 31
-10 -47
43 16
-4 -38
-21 -4
-37 -17
14 20
-12 -11
34 37
37 -47
7 3
-38 17
-32 31
42 -37
7 17
-20 37
-34 38
26 -23
16 32
-1 13
-39 -7
19 -3
41 40
15 32
-11 8
38 -41
6 -7
-35 2
39 -12
45 -17
13 16
40 39
-16 12
-23 45
0 -28
15 -35
8 49
-19 -9
-24 0
-31 -26
-19 -15
44 -12
33 3
-40 -25
18 -4
3 -5
-23 -30
0 -4
-49 13
45 -7
-8 -11
11 -2
-23 22
-27 0
-40 -45
-29 -35
-13 21
-29 -16
10 -36
-15 47
-30 18
-3 5
28 9
-49 -24
41 -37
5 13
-14 -33
-24 -26
-30 11
-48 31
-40 12
-22 47
-39 -3
35 -2
45 21
-7 15
-40 34
14 2
-1 27
47 9
-39 -4
-39 -12
33 38
-20 -26
32 32
44 3
-7 -25
21 23
12 22
2 -29
-48 27
-27 -44
16 -22
-28 -36
10 -22
12 13
-29 36
40 16
16 23
-37 48
-29 30
34 34
-7 8
-27 36
2 -17
24 38
-22 35
-8 46
8 8
39 -4
0 14
-37 45
-37 -2
22 5
46 -6
42 14
-8 4
-45 40
-12 45
31 0
-30 -2
37 -31
-18 31
-25 15
49 6
18 1
-33 -46
-36 -19
33 -1
-26 45
-4 -37
48 -41
-26 -30
12 -44
8 3
46 32
-24 5
-40 11
14 -11
-3 18
30 -10
17 -35
34 49
6 21
3 27
21 44
49 3
-16 -23
-42 30
47 -6
28 27
-45 25
-18 -19
24 -11
36 38
8 31
-28 -45
-28 -31
-42 9
13 24
-48 4
47 -35
-20 -12
6 30
-36 -3
0 14
12 -28
46 36
49 -33
40 -2
-41 -18
-18 -24
4 -48
-23 28
38 27
-32 -48
-24 -12
5 -3
48 47
44 39
36 4
15 32
6 -16
-41 6
-39 42
-32 45
2 9
-18 -33
-22 -29
-42 -38
-31 42
-36 -43
-20 -4
-33 -47
37 -25
25 -15
10 -21
-32 37
45 36
-11 0
-32 4
31 4
-4 -36
-35 -12
-14 -35
-49 -28
6 19
-14 -16
-16 -43
-11 -13
-2 26
41 47
4 10
9 -48
-17 -30
36 -28
-30 -17
47 -2
-19 3
1 -14
24 -8
20 -36
-31 -35
16 -3
-37 -12
11 40
25 -30
28 -27
37 -33
-49 -1
-46 -37
-28 -38
6 -23
-18 3
-39 20
24 -3
-27 -17
-4 -15
-48 -45
-38 37
6 -12
-26 13
-32 48
-18 -49
-26 17
-44 11
-46 28
23 8
-10 17
31 -10
-43 -41
-1 -6
-4 35
32 -15
-21 -2
1 5
7 -33
-41 -42
45 -27
-14 27
-14 -7
-30 -42
-48 42
-4 -5
44 -42
34 -29
3 -29
17 -44
-24 34
4 6
-28 17
-25 -44
-31 -7
-37 -5
8 28
-23 44
-46 -35
-29 -15
17 -21
11 8
-12 -23
-3 -10
-39 -8
32 -26
-33 -7
11 2
40 -38
-20 33
44 -29
-8 -34
11 29
27 -4
-21 -47
43 3
-12 -9
-25 40
25 25
49 27
-46 47
-8 -32
-24 17
23 -33
14 36
0 29
0 37
-22 -1
17 -28
-41 12
25 -43
-21 -12
40 2
-33 0
-22 -15
36 33
37 -19
18 35
-30 10
35 3
-21 -35
-34 -43
-2 -11
22 3
21 27
-31 -21
-9 6
3 -4
10 32
-44 -44
26 -46
14 -16
-13 -1
3 28
0 -19
-34 18
47 -28
21 -45
6 29
-29 -5
5 -36
-1 -37
-3 -49
25 27
20 40
43 0
-8 -40
-13 -37
9 -39
33 47
-38 -8
-42 25
-35 -6
41 18
43 47
0 29
14 -21
15 -21
8 -40
13 0
35 -3
29 46
24 0
-39 -27
-10 -28
33 -32
-25 24
28 -9
17 10
48 -41
31 11
43 -13
-41 -32
19 -27
-23 -48
-5 43
-45 -18
2 42
38 1
30 -34
45 13
39 -17
-12 -20
24 -6
-12 6
-26 -29
-15 0
31 -45
40 14
-15 33
1 -41
-18 34
9 3
-47 13
-44 3
-19 -1
25 2
0 -14
5 -13
11 17
18 -46
32 49
23 49
-37 -43
7 7
11 28
34 -2
23 41
4 -49
21 27
-22 -20
20 19
20 -41
-7 -43
48 -47
-11 -36
15 20
27 12
8 24
-4 -8
28 -22
18 -37
-15 -17
-20 6
-27 -43
-42 -9
-11 -34
41 -27
1 14
-23 -2
29 31
25 -12
-38 9
-19 -43
2 23
-27 6
-6 -34
49 -35
-29 -47
19 40
-39 2
15 -40
-22 27
-5 31
-12 40
-38 -30
-36 11
25 -35
-35 7
-17 34
-42 2
-40 -9
46 9
4 0
-17 30
-48 -44
32 33
-30 -13
-13 45
2 -44
32 0
7 -25
-9 42
14 -22
31 -18
-26 -35
25 20
15 -3
30 -33
6 6
-21 0
-27 10
9 10
-48 -13
-14 30
-12 -25
40 22
46 47
37 -28
-48 34
-39 -22
47 -44
-6 20
-9 -18
-28 43
-17 47
0 13
39 -7
22 -22
24 25
-28 -45
30 -5
6 14
25 -17
-2 15
-30 0
-36 -38
-21 -38
49 22
41 -15
-26 -28
-27 7
12 25
-25 14
0 -40
-36 42
-8 18
-49 33
-20 -21
-12 -20
30 -46
35 -35
8 -25
-21 -35
-38 -45
-22 13
-47 -7
-31 -1
-19 45
-10 42
-29 -14
-17 -12
-7 38
13 -28
-47 -28
-38 20
-2 44
41 35
-2 19
-30 -24
-1 -2
28 -28
-16 -28
-32 -5
-47 18
33 46
3 33
-33 -11
-5 -43
-36 42
-23 -20
-12 -36
14 -26
15 41
-45 -33
-7 -35
-41 -36
42 -3
-21 41
-35 -6
-18 33
-26 -19
-38 1
43 47
-8 -22
-21 36
2 24
-35 -32
34 14
-39 -18
-46 -7
35 15
32 -7
-1 37
-7 -30
-43 4
-31 -46
-10 -23
-12 7
-25 -48
-30 32
-45 29
43 -12
22 42
48 32
17 -17
-44 34
-14 6
-5 -21
-41 42
42 41
-21 -46
30 -30
2 -22
10 5
-34 18
-35 -32
7 49
-37 -34
19 18
19 -6
-49 -10
-10 -22
4 13
8 20
29 -15
-30 -18
-33 25
-10 -15
26 -14
-22 38
15 -36
29 -48
11 -48
-6 45
-38 46
36 11
-34 -19
41 -36
41 37
-35 -5
-37 3
7 -7
38 21
-4 18
42 38
17 3
-23 -9
34 17
-49 26
-27 11
-44 23
-6 18
43 3
-24 22
-47 -37
46 -44
-28 -22
-11 19
4 42
-34 37
-3 12
19 -44
48 8
-6 23
1 37
10 -32
-23 35
-1 -43
3 42
-18 34
-41 34
9 -40
-25 16
-28 40
5 3
-48 11
29 44
43 21
-8 -26
10 38
42 -26
-25 -5
-31 34
-3 -6
-5 4
47 12
23 -38
-2 17
-34 -15
-10 -16
-31 -31
34 -3
25 -10
-48 -48
-26 -44
-46 -43
-17 31
11 27
-35 35
32 -27
5 31
-47 12
-44 49
-19 -33
9 40
33 -34
-6 10
41 35
-13 -9
-31 -8
29 33
-45 32
20 28
-20 -43
34 40
27 -26
2 46
-13 -33
39 -48
10 -30
-41 13
48 -42
-34 -4
-11 -2
35 -14
-36 -26
-43 4
35 45
23 28
17 -45
-40 -16
-15 12
-5 7
0 41
-9 49
11 42
-2 -4
-38 -26
-16 -4
48 24
39 28
-39 45
27 36
-47 -14
37 5
30 34
25 9
17 -43
19 3
-26 24
26 -42
-8 2
13 -39
38 -8
26 25
40 18
-40 45
-30 11
35 25
-27 -36
15 20
11 19
47 -33
8 -29
-42 -34
9 30
-21 -45
-22 41
-7 10
-46 -14
35 0
-45 46
29 6
43 6
-44 -8
-28 -45
-22 33
-29 -44
20 31
-13 -20
-30 4
-40 37
16 32
-22 29
34 44
0 -1
23 20
-13 -30
-45 31
-33 -9
41 -3
-38 -48
-9 32
10 27
-13 -40
35 -31
-39 -21
-34 46
4 -17
-35 33
-2 -43
7 28
10 -12
12 0
33 12
-43 -25
36 -15
32 -37
-26 -5
6 24
31 -44
18 0
-35 -23
31 -38
-24 -6
-6 -25
-27 -49
3 43
-15 34
-25 -15
16 -33
3 -38
16 49
35 11
34 -34
27 7
14 -27
39 -48
-36 38
21 3
39 -14
32 -4
-29 -9
-15 26
-17 -10
5 3
-24 10
24 22
-44 25
-27 -13
21 -32
-25 18
7 33
18 -7
18 -14
-21 43
10 -36
26 -34
48 -32
18 33
6 -39
-32 9
2 -33
48 -8
19 5
26 -5
6 35
41 4
-26 -16
1 -26
37 -5
-32 -42
-40 -6
-16 1
47 -4
-26 -8
-46 44
19 -21
42 -17
23 -14
-19 -16
8 49
-4 -32
8 -28
-41 -42
-15 41
-37 -24
-47 16
-8 13
-14 21
-34 32
-28 8
-23 -32
11 -4
38 -9
-48 -45
-45 20
31 -9
-47 15
-44 -33
19 -15
-23 -8
-18 -4
-11 -9
-46 -45
24 14
-48 23
-38 15
-29 39
2 -47
6 -26
44 48
-24 34
9 9
-35 -12
2 -28
-32 4
-29 25
-34 10
41 -12
-39 1
-32 45
24 -29
22 31
-17 42
0 -12
39 -23
10 20
-23 20
-19 23
17 -21
-28 40
41 20
-43 -45
33 31
37 6
48 -28
37 -23
16 30
-6 -44
42 45
32 37
29 24
-41 41
15 -7
-44 -48
7 35
-21 45
5 -27
49 10
40 14
29 28
-46 15
28 15
41 32
21 -19
28 32
38 18
22 -18
37 -49
11 47
-5 36
-31 32
46 -40
-26 30
41 -4
-9 -28
-3 19
17 49
40 -3
-5 22
41 31
-49 -32
-13 31
-10 20
-13 26
7 -40
5 -23
30 -19
49 -45
-49 24
-14 43
-28 12
-36 -31
12 10
40 -26
-37 37
-22 37
-43 -19
13 -4
27 26
24 -18
-30 -3
-37 -11
2 -36
-32 33
12 -12
-1 20
22 6
45 44
-1 31
-46 47
-24 -4
-29 12
-27 -23
0 0
-12 24
-41 -11
-2 -40
-36 -4
-21 -10
-12 -19
-1 29
-6 38
18 -29
19 -18
1 -47
-34 16
-24 17
26 -19
-44 -28
-46 -8
24 29
10 20
-34 -43
-2 38
-30 -21
10 40
35 37
32 0
-13 -12
23 -11
12 40
-32 -49
5 -28
1 7
-11 -45
35 -27
-29 23
-15 29
-7 -16
46 14
-43 -31
-9 20
-15 -2
7 -30
40 38
-30 -18
21 -44
14 -10
33 47
-6 -26
-20 -29
-1 39
36 -44
43 35
28 -47
6 39
-19 44
6 17
12 44
48 -39
46 -29
-1 43
-28 20
8 -31
-4 45
-21 -42
4 33
-47 31
40 -31
20 -45
-25 26
43 31
39 3
43 -25
-7 29
46 -39
8 -14
44 7
31 28
16 -29
-35 0
-41 -43
-37 -38
-36 17
-46 49
48 42
21 -12
-43 29
29 27
12 -47
22 26
18 -27
-15 -47
32 -30
3 -24
1 -2
43 21
36 25
-35 37
-35 0
-23 9
26 -34
16 30
-12 23
-7 1
-13 38
-24 48
-22 -20
20 46
0 18
-46 8
-14 -30
-12 -27
24 38
37 -6
5 44
43 -20
-6 0
-45 -22
36 22
5 36
-30 -29
-30 0
47 42
18 14
44 -3
-38 11
36 -46
46 -44
-37 -13
-34 23
12 38
43 43
43 -48
-4 23
18 37
-17 31
-17 -7
-31 47
-14 20
18 -38
-12 -17
0 5
-18 9
31 37
-19 -14
46 15
-12 -32
-25 -19
-45 0
2 -1
28 -3
9 -41
-23 29
0 18
40 7
17 -36
-22 3
41 -21
38 -31
15 -5
-35 20
-24 17
22 29
15 -49
49 -23
12 -36
49 -20
-1 -35
-21 -7
6 25
34 4
2 11
9 -34
-18 41
-18 26
47 -21
-30 10
-40 18
45 -45
28 -10
-21 -45
20 23
-31 -15
-29 7
48 6
15 12
-35 16
17 -30
-32 17
-1 7
26 -23
-3 17
36 0
47 -38
-18 -28
-16 36
29 -25
3 -25
31 10
-37 12
-24 -38
37 29
36 -35
48 -34
-3 27
25 -6
41 -47
24 31
-47 -31
-8 -21
-45 -17
12 -10
-44 -10
-44 -36
14 -29
-41 -43
-13 -7
-10 31
16 31
37 7
2 0
-40 -46
-17 7
-21 -21
22 -19
34 -48
-5 -30
-22 -26
40 37
-40 -10
20 31
47 -27
-9 -20
40 -2
14 34
20 17
-34 5
-10 31
-39 10
9 26
-26 42
14 -3
-8 29
-20 49
-22 34
-30 9
10 -28
4 -15
40 -20
-16 -15
-11 11
-7 0
-7 40
44 38
19 -24
15 44
-16 -3
6 -24
-47 24
-22 37
-20 3
38 -8
42 -24
-4 -36
24 -25
37 -4
-27 44
-8 27
-13 11
-19 -39
-46 4
15 26
28 36
-23 34
4 -33
42 -33
8 13
47 -28
-45 35
11 13
-20 -46
-36 -20
33 2
13 -44
36 43
-23 -14
40 -30
39 35
-35 45
-32 -41
1 23
32 -46
41 -45
-16 -46
-42 0
26 -27
28 12
14 -41
-46 9
-47 -37
49 16
-32 -39
7 7
46 -29
27 -35
12 -36
-24 47
-9 2
47 34
18 20
-38 27
-25 -49
-49 -15
11 -32
32 35
-39 11
-16 22
-1 -33
12 47
-26 -32
-41 -18
-33 0
0 32
-26 33
-3 0
36 -20
26 -21
-39 -13
-33 -10
33 34
15 18
34 38
30 47
0 26
-43 -42
2 12
-40 44
-34 -1
-12 -3
0 29
-5 -18
-31 28
32 23
-8 28
-47 14
46 -23
-45 7
35 -29
1 -13
-7 35
23 21
-46 -7
-30 6
16 18
-1 -14
30 16
43 -30
-42 45
-19 -15
31 42
-17 18
47 22
-14 27
20 -40
-43 -27
18 11
38 40
4 -38
-36 -14
1 41
-9 4
-40 -34
19 5
-45 8
15 -3
-15 45
-6 -45
37 -40
31 -21
5 47
42 37
-9 -22
-44 -47
38 37
-15 -40
12 -16
-12 -25
49 13
-14 7
33 36
-22 -9
0 -37
-31 26
19 11
35 49
-40 -43
-30 -4
-23 -34
-31 -11
6 23
-10 -21
18 22
-33 13
-24 19
22 13
26 -44
-25 12
9 7
-39 -32
18 31
15 -38
10 1
5 -46
-5 43
46 40
27 48
32 6
41 -32
-21 42
4 40
-11 -42
0 -7
-21 -46
-26 -5
24 38
33 26
41 42
-12 31
-4 44
-48 -26
-1 -34
7 41
-36 -11
-28 37
-7 13
-6 30
2 -39
36 -10
-45 18
-24 -33
-12 -36
5 7
46 11
-17 -12
8 -15
-12 -9
-44 11
-21 25
-43 36
0 -21
-40 -28
16 -32
-48 -43
-43 46
5 7
17 -44
31 -26
16 -37
-48 4
39 -2
7 -38
-37 3
-13 -37
-26 37
-41 46
-18 -7
10 28
13 5
24 37
-43 -8
46 33
-39 -36
14 -9
11 -49
22 14
-36 -13
46 39
-46 27
30 15
17 -29
-28 42
14 4
-31 -25
-32 -47
-29 24
-21 -34
8 -46
-25 -29
8 29
46 30
-48 -39
-36 16
-9 -3
-13 38
-38 -19
49 49
-48 36
-46 42
-6 7
3 -34
-18 -33
-4 47
-45 36
25 -33
-38 23
-39 4
-40 -17
14 -47
-37 -19
-11 -49
-28 7
-37 20
37 22
47 -47
-48 -13
15 -14
2 -42
34 -9
35 48
-21 12
-12 -20
-26 -5
29 -43
41 44
10 -4
-30 22
-12 30
-24 -24
0 -11
-7 30
4 17
16 -19
-37 -11
11 -10
-40 -36
30 15
-15 -44
7 39
-40 41
38 49
9 10
22 -13
0 47
29 -5
21 -38
23 -12
32 -45
13 28
33 13
3 -23
-7 0
-30 43
-28 -39
35 15
42 46
0 -34
-22 -8
-49 0
30 16
2 15
-2 -31
17 31
-29 33
6 14
16 -47
32 33
-15 -9
-48 -43
-48 -12
-49 -9
-24 22
-9 -2
21 -35
27 31
18 -16
-42 30
-36 28
36 -20
-19 27
18 -42
45 6
-11 35
12 -44
10 -41
3 -38
-31 -10
-17 -15
27 41
10 -4
-31 -42
26 29
8 6
45 -31
-20 -8
41 26
42 -37
22 10
-33 20
-37 29
-8 -11
-2 21
46 -1
-21 -48
-2 4
-28 1
39 -4
-17 47
17 27
40 -37
-27 35
-30 47
16 -1
-23 -2
34 -23
20 -10
3 20
31 18
29 -12
41 17
-8 41
6 -14
-17 -40
40 40
12 -32
15 -1
-24 -32
-41 -41
25 -4
46 3
21 -39
1 18
4 1
0 47
26 -46
22 41
-29 17
43 -5
-28 36
-36 44
31 -15
36 -32
18 46
-49 41
28 -25
-9 -17
39 43
-2 -3
4 5
-23 0
5 0
-24 -28
-47 -4
2 2
-12 -4
39 -15
-7 39
18 -21
-37 -32
23 -30
4 -3
17 -43
18 -29
49 8
1 16
36 37
15 29
9 -17
22 -46
-5 21
28 9
13 41
-13 43
4 -1
-18 24
13 11
33 40
44 -15
-23 -40
48 -15
36 38
-8 1
34 -28
-27 47
-22 21
42 33
28 16
-47 -42
-1 25
-33 22
-23 -5
-44 -32
-9 4
-16 -36
8 13
-41 -41
-25 26
-43 34
42 29
-45 30
-17 45
23 -47
22 -2
31 -41
-48 28
32 -44
5 47
-47 22
-21 28
48 45
3 -35
-33 -39
11 41
36 36
17 -49
17 6
-37 -23
43 7
16 -21
40 3
-27 29
39 36
47 -16
-34 24
-26 -47
-13 -13
-13 41
-45 24
6 38
43 42
-40 26
-47 1
12 -15
32 47
-6 -38
28 -38
-8 -13
9 -27
-15 -6
34 -3
0 -15
37 15
-17 -40
0 26
39 -32
36 24
35 18
-42 -35
39 -6
-37 -16
44 -21
-40 7
-42 2
-46 7
13 44
17 -37
36 9
18 35
9 37
-1 48
-10 11
-18 19
-44 0
44 -40
22 -46
-3 39
17 -26
-2 -48
-15 28
-5 9
-20 -11
-38 3
34 11
31 42
-5 42
14 -35
47 41
48 -17
-34 39
-32 -17
0 19
-42 42
2 2
24 -15
19 -22
22 -9
36 0
-6 42
-26 23
-4 -30
10 -47
-45 -48
40 0
19 -35
-26 -15
-19 7
-15 -25
26 29
27 -36
-28 -44
37 -29
-26 41
31 39
38 47
35 9
5 -35
-48 -47
-34 30
-5 6
31 16
-5 -2
16 -46
3 -38
-41 -20
-6 -43
-18 -30
-41 10
27 1
17 31
-37 -38
3 -42
17 -20
14 48
-43 23
14 -6
39 13
24 -2
-9 -21
-46 48
35 -24
26 -45
-4 15
-1 -28
36 49
-16 -16
38 -38
-9 15
-47 0
19 9
-46 44
-11 -40
6 10
37 36
33 -2
-1 20
30 -10
-48 15
-34 10
28 24
-21 11
16 13
42 37
-12 32
35 -16
-47 37
-30 12
23 -44
19 22
5 -5
42 27
-23 -9
6 -13
3 6
-11 -19
-23 -22
33 11
-11 19
-32 -1
37 45
-49 38
27 -44
1 -16
-1 -9
26 20
-49 3
-30 -47
37 39
37 -37
-48 -38
-29 -43
46 49
-16 29
-38 -41
-31 3
40 -30
21 15
-18 25
-40 17
49 -34
2 -33
12 -2
15 19
10 -22
-46 5
-48 -43
10 0
-42 -38
43 -4
29 -42
30 17
-24 32
26 30
-13 -7
10 -34
-26 29
39 -39
48 -14
-30 -41
-11 37
11 -26
30 21
14 -49
17 -40
11 1
-30 -46
-41 -5
-48 25
25 14
-4 48
-42 -21
-37 -37
-41 22
-43 45
-41 21
41 -15
-8 8
-19 -40
29 6
14 -39
44 44
34 -48
-2 -20
-14 -27
23 -21
3 26
33 47
-41 -17
-46 -5
20 -47
31 -44
-45 -43
16 -30
0 11
5 18
40 18
-39 -7
-41 8
-24 42
-1 40
-49 18
43 15
26 -34
34 -20
-47 -32
-16 25
-37 -7
-5 26
0 -9
33 26
-16 16
29 22
-30 -27
-8 45
-30 33
45 -41
-31 29
-2 5
31 12
4 -27
7 32
44 0
-21 -28
-10 -5
14 -33
-37 -24
4 -39
31 15
21 -14
-35 -13
-1 -36
-38 -27
9 -45
44 -49
22 -29
-46 -10
8 -37
-17 22
21 -22
-47 -1
-11 -41
2 -29
49 13
4 40
-16 -48
-33 11
42 10
41 23
30 -40
17 -36
-49 -40
-6 -20
27 11
1 -17
19 12
11 -46
29 32
30 26
-3 41
34 8
44 -32
-40 -47
-16 -49
38 42
-1 26
2 31
-32 -1
44 42
-22 46
6 -46
0 -9
-25 17
-35 17
43 39
8 40
-20 -2
39 4
12 -7
-25 13
-10 -15
-3 -26
-47 -43
-22 -4
44 -14
3 -4
-4 -33
13 -47
18 -23
16 -14
33 -12
48 -17
39 -33
3 19
-37 10
31 -35
-35 -27
-42 7
25 28
8 -42
-21 8
0 27
-12 10
-2 13
3 -38
-4 -33
-5 -35
9 -7
48 6
48 -3
-5 37
-49 7
45 -21
26 -11
-46 7
12 27
36 9
45 -41
-33 -44
44 27
6 -14
23 -21
44 31
-17 49
-3 6
-35 10
-41 44
-47 20
24 24
37 31
34 -49
-13 49
-6 17
-27 -27
-47 0
16 -17
-10 10
-22 -11
-12 -3
36 6
-27 49
46 21
-2 -48
49 7
26 6
27 25
45 44
28 -49
18 -48
-46 -19
3 45
-26 21
-17 30
-40 -5
-13 21
36 45
34 34
47 -15
13 -38
34 -16
-32 46
-33 -17
-13 -20
1 -41
6 0
17 -4
33 -11
26 -19
1 -10
-2 37
-32 47
-26 49
0 19
