-35 -42
32 40
0 39
34 -31
22 -40
-12 20
-29 5
49 -30
-10 -41
-27 0
6 -36
-23 -42
14 -35
35 -49
-9 43
31 34
40 -25
39 7
5 -27
-44 -20
-24 15
37 45
47 30
-13 41
-17 30
16 -41
41 0
2 -41
-46 -43
0 10
-11 -48
-20 -6
42 -16
17 -5
-17 -22
-49 16
-46 3
-42 -4
-48 -23
39 -20
12 -40
-3 -20
27 45
4 -32
-20 -29
48 14
44 27
35 -1
-24 10
-29 26
15 38
-25 35
22 22
46 34
45 46
-48 19
30 40
9 13
-24 1
-41 24
-26 24
-19 -10
-28 20
16 23
45 37
47 -49
-13 -17
-13 -9
-14 28
-5 -44
-18 0
42 -19
2 -23
-39 37
-25 45
8 -18
-41 48
0 -38
43 -23
16 6
-26 33
-42 -26
19 -29
-45 -17
-26 -19
-20 -46
32 -36
-4 -43
-15 -38
45 -44
4 -26
30 15
49 4
-30 -5
-3 20
-41 0
21 -7
9 28
-39 4
-11 -48
-44 27
-4 25
48 -13
-34 29
12 -13
-44 28
-27 -21
31 -21
32 23
-3 -49
36 -38
-31 49
-44 10
-20 -31
-30 -30
-3 -20
-16 2
-7 -7
30 -3
24 5
26 -25
0 28
-25 49
-33 -35
-33 -24
44 -28
-11 24
-24 -9
27 -18
4 -18
48 -10
-33 21
-45 -44
-45 47
43 3
18 -16
17 43
-31 22
-18 -3
-16 6
7 -46
-34 -6
-36 6
41 -20
-15 15
-7 35
-10 22
-26 -33
0 5
-6 29
41 11
-41 40
-2 -14
2 -31
-49 1
-7 -4
-34 -4
-37 -16
49 -45
4 42
0 -11
-30 40
49 -33
11 18
0 15
-26 20
24 -34
31 45
-8 -21
0 -46
-37 -11
-40 23
-23 17
-27 -6
27 -24
-39 -47
35 14
40 45
48 -1
48 4
23 0
-43 -31
19 15
41 0
-35 18
48 42
-18 29
26 -40
8 -12
-22 -43
19 -32
-37 30
17 39
-13 -47
-8 39
10 5
-6 49
-21 37
-17 18
-30 0
-37 -16
-25 -41
42 -37
-46 38
-12 8
38 -14
-49 -29
41 -30
-44 -36
-25 -42
20 35
-13 16
-24 -15
41 -21
32 47
-36 26
-13 9
23 -10
-36 48
-7 -15
46 35
-44 19
47 -45
-35 -9
-34 -9
2 19
-11 -22
-38 25
-7 31
38 31
4 40
-49 -43
-14 6
-37 13
-21 40
-24 -46
8 19
-47 -23
48 16
2 14
34 -5
-33 -45
-44 32
-27 26
-35 29
3 40
30 -32
-26 6
-20 -9
9 -40
5 -13
40 6
-18 -30
-10 42
-45 22
38 -34
1 20
46 45
13 8
-8 44
-26 -44
-21 11
44 23
-42 -9
4 40
-10 -19
26 49
-31 2
-6 41
-8 -15
-9 -47
-14 -2
-32 5
26 -8
37 40
28 0
-48 -23
15 -20
11 49
-6 12
-17 -13
7 -39
1 -34
-41 16
35 -40
15 -18
0 -8
41 42
25 22
37 -29
-41 4
-31 -9
-3 28
-5 7
-15 -29
-44 -19
18 14
-43 43
4 9
19 -8
46 47
31 -13
-33 25
-35 -7
22 -45
18 30
-40 -48
24 -8
12 20
-23 11
-16 -29
36 42
20 3
47 -10
-14 0
-11 -1
11 4
30 13
48 -19
-26 -5
39 -8
10 12
3 -25
20 -4
-26 -40
-29 6
2 -19
10 -47
48 -17
-44 -48
-42 25
-21 40
-10 -13
-35 48
-46 -23
-29 -18
3 49
-28 -15
-19 -8
-1 -29
11 6
33 -18
34 0
21 -40
-22 17
8 -19
5 -13
44 -31
-33 26
2 -17
30 3
-5 20
17 18
22 12
-19 -41
49 36
32 -49
-6 -4
35 42
-1 20
1 16
-17 -42
26 -20
-23 25
27 -26
16 -25
-17 34
-2 -7
20 35
3 -46
-3 9
-30 -22
-43 16
-5 4
-4 -2
-10 36
-48 -33
34 42
-12 -10
24 20
-31 -43
-8 36
14 -47
41 -11
-31 -21
-25 -31
42 13
45 -26
-18 -12
-29 3
49 27
27 23
38 -5
-46 -38
12 19
35 16
13 -22
-40 43
0 7
25 41
48 -10
27 -29
5 -32
-43 -43
-26 -37
43 6
5 -9
17 -7
28 45
44 1
-3 36
28 -39
-29 26
-37 -29
-31 -3
39 -26
4 21
26 -16
21 4
7 -6
-21 30
43 39
0 -24
48 -30
37 -4
23 47
39 49
-13 18
11 18
31 -49
34 -29
33 -27
0 9
-24 40
-28 33
-11 -3
-34 -24
-42 -34
-20 -22
35 33
46 -13
-46 36
8 7
-24 -47
-30 -37
2 -35
27 -34
23 -2
3 -35
9 -2
3 -1
-47 49
-8 3
2 33
2 -12
-24 -23
-41 -15
-3 29
23 22
-12 12
-32 -49
46 47
-31 -43
13 -1
-11 2
8 -21
-11 -29
24 -27
-14 -3
20 49
-26 12
42 -4
-41 -38
-12 26
-28 24
14 -42
-25 -26
34 27
-41 43
47 -26
-24 -18
43 36
-12 -47
34 0
-31 -10
4 -21
-5 17
-4 8
14 8
45 -13
38 28
36 -1
-26 -41
16 -15
-3 -48
-13 40
-12 -19
35 -47
-47 25
-29 -11
-6 -30
40 -37
49 -4
19 -13
-1 -35
-3 -11
-25 43
44 -28
-26 40
34 35
23 -37
6 43
32 -7
-46 47
-47 4
-37 -49
3 12
-12 -27
3 -39
-10 23
30 -18
28 5
-21 -12
-13 30
29 44
-39 47
-8 -23
22 -27
8 47
25 25
20 26
-11 13
29 28
-33 -21
39 -34
-48 21
-49 3
-27 15
10 44
29 -31
-1 9
47 -27
-48 -13
45 19
46 -42
-15 41
26 -36
9 -2
-1 39
-11 -47
9 46
44 6
13 -19
1 23
26 36
-37 -36
13 20
24 4
-24 -11
-49 -44
-43 -10
29 -8
-21 -37
20 27
-24 -12
0 -12
15 -10
32 -33
10 -3
-36 22
41 23
10 43
-11 -18
0 -28
-2 8
-17 26
21 -37
18 32
46 2
35 -37
29 -40
-46 45
14 27
-28 14
15 33
33 -33
17 26
-20 -10
44 -1
-1 40
-19 -38
-23 -15
0 -31
-12 21
8 -14
-4 -43
20 37
11 32
-49 -45
-6 -19
-46 -46
-8 -19
-30 -19
25 48
-40 2
20 -43
12 34
16 37
-42 16
-12 -17
28 46
-2 38
15 -17
-38 -2
6 -28
21 18
0 8
25 -11
7 6
-47 -18
48 -17
27 1
17 -14
0 25
33 8
-48 0
-47 -6
-46 18
28 30
-36 -47
-12 -44
7 -46
0 -24
-35 -35
-4 11
24 34
-35 -43
-49 -19
6 -18
49 20
13 33
-10 34
32 -35
-31 26
-16 26
30 24
23 -49
-4 38
11 10
24 16
36 16
16 31
26 -43
28 32
37 -49
29 -43
48 -9
-2 -33
-22 22
-46 -39
4 -27
15 23
2 -11
11 48
-20 38
-4 -12
-12 0
-18 -5
-32 -49
-36 -32
15 -37
0 -23
-22 32
6 -38
26 -39
-48 -21
30 8
41 45
22 31
-30 -9
32 -38
38 -12
-6 -20
41 -9
16 -23
8 22
2 39
-6 10
-5 41
42 -39
44 41
-2 0
-44 14
44 -5
-27 41
19 42
0 -9
16 45
49 6
13 0
-1 12
-22 -46
-33 -19
14 -22
27 21
19 0
-47 -38
-3 39
-8 36
49 28
40 -30
1 21
-42 3
-48 -9
-14 -7
47 13
-38 -37
-21 40
46 21
-36 11
47 24
-42 -46
-29 35
35 -34
-39 43
-37 34
39 -18
39 -34
5 33
-4 -44
-19 -41
-3 47
28 -24
-25 27
44 15
-10 11
1 -9
21 -4
-6 11
12 -16
7 0
0 27
-35 -4
-48 -45
-45 -22
42 6
-1 12
17 -4
-25 -14
-31 -21
45 39
-34 20
-28 28
-11 -2
-5 4
-8 39
37 -29
29 -30
-24 -48
-10 42
-46 25
49 -1
47 43
-20 -7
30 -26
13 -31
-43 20
-14 21
-41 2
36 41
39 -38
-11 -42
-14 -45
45 24
-2 7
-2 26
31 23
-2 -49
-32 -47
18 14
5 -37
45 -8
-20 0
-5 -28
-11 -37
-35 -36
44 46
-26 -6
1 26
-32 23
-47 -45
8 32
-29 -41
-37 -42
44 -2
0 -4
44 28
45 -6
-2 6
37 44
48 -17
31 19
47 -43
6 21
-30 23
-39 -29
17 -37
48 30
1 -34
26 10
40 -29
14 -27
2 43
24 37
-1 -33
34 15
41 41
22 -21
4 -45
-10 37
40 45
-17 -40
0 47
-20 -27
22 -39
0 -39
-37 -4
0 -42
45 41
30 -11
15 35
-20 -45
-24 10
37 39
16 32
-45 -8
3 -19
-42 26
-49 -33
-38 -43
48 3
-20 -10
42 -43
-19 32
-17 5
-10 20
-7 49
-31 -40
-36 -18
13 -29
-23 1
-35 49
-28 -38
-27 19
-17 32
40 14
-21 -21
24 19
-46 44
41 -32
10 -14
-44 -43
-21 12
-48 1
-34 8
-41 -18
45 0
48 -27
-2 41
1 0
34 -37
-41 28
-6 5
-38 43
43 30
19 -34
-3 39
5 28
49 -3
0 6
38 -14
24 8
48 35
-44 25
12 -2
48 -33
49 43
-1 -32
-22 -27
12 -27
-2 -29
23 35
-22 -5
43 -42
41 -24
19 -46
27 36
-7 37
1 41
40 9
-7 -42
26 -4
-19 26
39 -49
-38 -3
48 25
23 25
-20 -15
-10 42
36 -25
27 -19
-36 0
-30 40
-6 40
-41 -30
-33 17
46 -46
47 23
17 43
-49 38
-4 5
-31 23
-35 13
-3 39
18 -47
-23 45
6 -17
-7 34
25 -22
45 48
-13 -3
39 19
29 2
-49 40
44 -45
0 43
44 49
3 25
35 -17
-33 -10
-25 10
-40 39
19 -4
42 -44
43 0
21 37
-37 -31
-34 -30
-15 1
47 14
22 9
-5 -27
7 33
42 -19
-15 13
-21 -39
0 -13
4 10
-5 8
33 -30
38 31
43 48
1 -44
27 37
8 -34
-5 39
-11 -48
45 -12
-33 -24
-9 8
-23 41
-36 6
-8 25
-19 9
13 42
-13 15
0 -17
-6 29
0 44
-1 -34
36 -27
-11 8
-6 25
48 -4
-45 -4
42 1
9 5
-32 29
-46 -41
-31 20
7 31
-20 20
28 4
-44 2
12 48
-29 -46
-39 44
-8 9
49 27
7 -38
-46 18
-7 -42
48 27
42 27
-24 48
48 19
-32 24
22 -25
-8 -43
-12 -47
-45 45
8 -35
-30 48
-20 -47
15 -28
-36 49
11 9
-45 31
-15 6
-36 -38
35 -47
7 -38
-5 22
-44 30
6 2
3 48
17 38
36 -43
11 27
9 16
1 -16
-38 -16
-5 36
24 14
24 47
-19 -47
23 9
-24 -8
-35 30
-23 31
-47 34
-3 -16
26 44
44 43
-17 -48
21 20
-4 17
38 38
49 -46
-46 42
4 7
-21 0
-2 -35
-17 -21
19 40
-11 -37
0 16
-22 40
8 8
15 -27
45 -4
-40 24
24 3
36 -46
9 4
-47 19
18 -24
-20 30
-42 -1
48 -23
-12 34
-18 25
-33 -39
40 -14
-5 34
-14 37
-36 39
19 49
27 10
40 -31
4 -35
21 -23
-12 -33
-44 -39
49 0
-13 13
23 19
26 40
10 17
-44 -16
41 -45
25 5
-28 2
19 28
-32 44
38 -8
15 -5
4 -49
43 48
-23 -1
-8 -47
45 -4
-20 -19
2 -25
26 4
-17 42
-18 11
48 -19
-39 -9
0 -20
-43 -34
15 -14
39 26
-35 -13
39 -6
-19 -38
26 -45
-37 49
-7 -38
-49 -10
-10 46
16 -22
-1 -24
38 -19
-6 -26
42 0
16 30
-39 -19
-9 -28
-8 -32
-13 -48
-36 22
-2 -46
-47 -20
9 -27
43 20
6 -49
46 6
22 -24
9 47
44 -4
23 -3
-49 -39
7 16
14 -41
25 -27
15 47
3 -24
-46 14
16 -48
22 22
-7 -22
0 2
-44 -39
-43 -34
-11 -20
-33 -8
-22 26
-42 37
-1 4
39 -14
17 -49
-35 11
0 37
-29 11
-22 8
42 -29
-32 -31
21 -13
30 33
26 11
17 -9
-23 -49
3 -25
-42 20
-29 14
46 9
1 28
-10 22
47 -36
11 40
38 2
-13 10
-49 -45
-21 35
2 44
-49 1
-9 -11
-27 -12
-18 49
46 -10
-30 -8
-37 -45
1 39
-1 -11
29 -7
-5 -38
-31 -44
-1 -24
11 24
-2 -1
20 28
44 -15
7 -14
-27 46
22 10
-22 13
-12 -7
-17 45
-41 -22
16 41
31 17
2 -38
11 47
-5 -29
4 -4
5 38
33 -42
40 34
-43 31
-20 32
38 9
-31 45
26 -47
16 -34
-13 -22
-27 -35
-4 -16
6 48
24 24
24 23
1 40
36 -43
11 -20
36 32
20 -32
-29 -39
42 -30
26 38
-14 -30
-42 43
47 17
4 42
-20 1
18 -36
33 35
-30 -25
32 37
-30 34
-12 -13
-25 -17
8 14
9 31
-29 -18
8 -9
-25 22
-18 -42
-40 49
3 33
-41 0
-33 22
18 -6
-43 -25
-30 -49
-19 9
19 5
33 -49
15 -24
-8 42
27 25
0 15
49 7
-34 -22
20 -44
-29 -25
40 -8
0 -18
27 -42
2 19
22 24
31 -30
-13 15
-41 20
-1 -31
3 6
-40 21
17 30
-18 2
31 14
-34 22
5 -3
10 -33
15 26
5 -49
-16 4
-32 15
-24 -26
-2 -9
6 -11
-11 -12
13 11
-46 0
41 -20
38 -45
21 13
44 -46
16 -15
0 16
8 -10
-39 -13
24 7
-5 43
-7 1
43 -33
20 -31
18 -16
-13 -6
-43 1
-28 -24
2 -2
-8 -43
24 -9
-44 44
-13 -22
-49 -11
42 39
18 -7
-15 -37
43 22
-48 31
29 35
-16 -30
27 43
26 2
5 -32
3 -14
31 0
20 -29
-14 9
3 -1
-10 -8
-41 22
-30 44
9 -30
-41 -6
-14 42
-27 -15
20 -43
36 30
1 -43
45 36
-12 -39
11 30
45 7
-41 -41
-10 40
-17 10
3 0
-40 18
-40 23
41 -19
-44 -29
46 16
14 8
10 -38
0 -26
26 11
0 39
-47 -46
-5 -5
34 -31
-40 -6
38 12
21 26
41 28
-8 2
5 3
-36 -36
-18 -45
31 26
45 49
38 15
-25 14
0 29
24 -1
42 34
13 -9
-3 20
5 -38
-6 3
-42 46
2 -23
30 9
-31 42
38 -22
-24 -43
-12 26
-14 22
-18 27
4 -35
-35 -44
-22 -6
-1 48
-30 31
-35 -13
41 -32
-20 38
35 10
45 -29
-26 12
32 -16
-32 18
-12 -35
28 -46
18 -12
37 -28
20 32
-49 -20
-20 -37
-20 -24
-37 -32
-33 -1
-19 17
2 -10
39 3
47 11
-15 -21
-43 -30
-1 30
-25 -29
-43 5
31 -44
28 39
-41 48
-48 0
30 -40
-40 -48
11 -40
23 26
33 -30
-8 14
-35 -27
-6 -13
48 -17
-16 -35
-31 24
30 7
35 19
3 0
41 33
40 -49
20 -1
9 -1
40 -48
-19 43
-48 -43
32 -25
-31 15
34 -13
-36 -47
-37 -17
47 -11
13 4
49 -3
-39 -17
19 -1
-23 25
-38 -20
-39 37
-48 3
-21 9
-22 4
25 16
-36 -33
-17 -23
17 33
-30 4
6 2
22 -13
-6 16
-37 -39
38 16
-28 -18
25 -39
-18 -34
10 -17
-40 -7
-47 42
-25 -49
34 0
-34 -39
29 -7
46 4
-3 42
-47 38
-7 -2
-9 -3
-45 -22
33 -28
11 -10
17 -43
13 26
-17 -41
-13 27
-39 17
-16 3
33 -41
-46 -5
-42 -6
-47 26
28 -12
-11 -45
37 -49
33 15
3 17
41 48
-39 6
-31 10
32 -15
39 19
-5 -42
-1 -31
-42 46
34 7
26 18
34 28
-16 -32
-19 42
31 15
-17 -38
17 15
-21 24
-42 -5
5 25
-29 -12
16 -18
8 5
42 11
-41 18
-10 35
5 -11
3 36
-30 16
-13 15
-19 -23
1 25
-9 -48
-28 5
36 -22
14 -5
-3 -20
-5 10
-45 15
-26 12
-49 -30
15 -20
-42 35
15 16
-15 -8
32 22
43 -7
-37 0
31 -39
24 -1
-46 1
1 4
42 48
-25 -18
46 5
-20 -16
18 13
22 15
-20 -17
48 17
25 14
-36 12
25 7
15 -11
-25 -5
-8 -24
-23 44
-23 -30
-7 -34
-42 30
12 29
-49 -39
15 17
-12 2
35 -47
46 -9
-26 37
-17 -19
0 -16
12 -36
46 25
-7 43
-16 -17
-39 15
23 16
40 -49
-19 -27
-33 18
-13 -35
37 18
23 -5
-7 38
-6 42
15 27
-46 -38
-34 39
48 -30
-36 38
-9 -24
22 -9
-25 -44
46 23
-11 -25
15 14
17 39
-43 16
-34 36
6 -11
-30 -47
-4 -49
-44 43
20 -16
-28 33
19 49
3 -12
39 1
36 -12
-24 -34
12 -21
31 -43
11 43
16 2
21 -36
-33 -8
-43 -20
-20 -43
-43 1
-31 40
28 -3
-46 -43
-3 26
-20 -26
-26 -27
-25 7
31 -5
-36 -7
-17 30
34 -48
27 19
-40 44
-37 -7
-16 0
6 12
-35 -10
18 3
-47 6
9 4
12 36
-36 -39
43 -6
4 6
-35 26
-13 -31
-44 32
-37 36
47 37
-49 7
47 46
3 19
-9 23
11 -8
45 7
-18 35
45 34
-35 42
-41 10
-15 -13
12 -33
-37 27
-43 -31
38 -12
-27 28
-26 13
19 -34
-38 10
25 -47
-36 40
-32 46
0 44
-16 -35
10 34
22 36
46 42
42 -18
13 -9
-17 22
10 -38
-28 40
27 5
-22 39
6 32
-43 34
47 48
-41 34
-22 13
8 31
28 -15
42 16
49 -7
22 4
0 -6
-2 -1
22 -30
28 -14
27 -36
-44 2
2 24
3 26
18 29
-20 -19
-49 40
0 39
-22 -1
24 -31
19 -40
37 41
-31 -14
-29 -19
-33 -27
47 11
21 37
16 7
-12 -27
-28 -31
0 37
-39 -20
14 34
-40 1
22 1
8 1
-44 -6
9 15
-3 14
-16 -15
-25 32
45 -22
12 -28
35 14
-44 0
32 -14
-7 20
-34 40
-30 28
-23 -28
19 17
7 -22
-36 15
36 33
-31 43
-43 45
34 -11
-21 -49
16 44
13 1
41 -26
29 15
14 -10
-12 26
-2 23
10 8
41 -26
-6 -23
17 -5
-40 -19
-24 -14
11 21
25 -33
-12 27
46 38
13 4
-48 35
0 -33
-39 23
-28 23
-30 47
0 -39
14 29
-8 7
40 39
-44 33
36 -35
-48 27
-12 -2
-28 -15
9 34
29 -17
3 -34
36 -4
-13 -10
-45 40
-34 -48
5 -24
-11 40
6 27
12 21
49 3
49 5
-35 -4
7 -20
-15 -48
46 29
-32 6
-2 -34
-42 11
25 -3
35 25
31 21
-44 39
29 30
-24 -2
3 22
-42 4
-34 42
-39 -48
34 49
-42 8
-22 -23
-36 -28
15 -35
19 5
20 -32
-27 12
-43 22
43 32
35 3
41 -44
34 5
-45 43
-15 -38
24 27
20 -12
46 9
-9 -39
16 34
35 -41
38 4
-12 38
0 -10
-28 -40
32 17
-16 -29
-45 21
-41 11
-36 38
-14 -40
0 -7
-15 46
3 28
41 -14
-42 -18
-12 -36
48 -46
1 -12
-31 -4
-20 -31
-11 -49
-8 6
-4 19
-30 -20
-27 -38
-32 28
-8 11
0 2
-22 36
-13 -5
33 14
13 4
-25 16
7 -20
24 40
4 34
46 16
16 36
29 31
33 -4
-26 0
29 -25
5 23
12 35
31 -1
35 16
21 -35
-29 20
44 5
-41 42
-5 47
-28 32
-13 -10
-32 33
-18 -27
-47 -36
31 -42
-31 49
-3 -43
-22 26
-6 -8
33 27
-33 33
47 3
9 39
-26 -31
9 27
9 -12
-46 15
-47 -46
31 -5
41 0
-23 -38
0 17
-42 -48
25 -5
29 -37
-32 -46
42 -48
14 -47
3 20
28 37
48 -29
-27 -31
-18 30
43 -7
46 7
41 -40
13 12
12 36
18 26
-49 39
37 -7
-8 -18
45 -27
-10 -39
17 36
-35 -33
4 -33
-2 4
-35 -11
-32 -35
27 37
47 -23
-28 46
33 -23
-12 -43
27 27
-26 -1
-11 4
1 -13
38 24
5 -4
25 -13
-15 -48
-18 24
30 25
30 11
-13 -4
-25 40
-37 29
36 -47
0 -19
46 -9
-4 -42
45 -7
7 -44
-6 -25
13 -25
19 39
24 -21
-22 19
-38 45
-46 30
45 -14
33 -9
-20 -29
-38 -11
2 36
-15 -45
38 -46
-40 -15
-7 -21
-2 39
32 2
4 2
34 7
29 37
20 29
42 29
-36 25
44 38
6 -29
-36 6
-39 15
-11 -8
9 48
-31 6
7 -19
-22 25
-23 -34
0 42
-30 30
19 -4
15 -26
-18 13
-16 2
-34 15
-38 -17
-12 33
-8 46
-6 -1
13 -12
10 13
34 29
41 30
-13 33
25 -16
21 17
43 22
-17 47
-46 -17
15 45
-44 40
-33 4
-36 44
17 3
-38 1
-3 11
-6 -36
31 -31
-5 -28
-40 13
-41 15
38 -21
19 21
-2 -20
-24 -29
27 31
-44 22
32 1
39 20
-49 38
44 -18
21 13
12 3
-12 -13
-10 -49
0 34
22 9
-28 -29
8 -37
8 -29
-27 -2
-20 4
-4 -25
-20 41
19 38
-4 35
-23 25
-37 11
-27 -6
17 0
-6 34
5 47
0 -25
42 4
-30 -1
-2 27
-32 47
-31 35
31 -30
-23 -36
45 -18
-11 0
-13 9
30 40
43 47
-29 -26
-12 -35
-41 -44
-34 28
35 3
36 2
-34 21
0 -19
3 -7
0 2
7 -26
-6 -22
46 -39
37 -3
18 -19
45 3
-31 -46
-13 -8
-34 -32
-49 -1
22 -40
20 34
39 -21
-29 -38
13 41
1 -5
-35 -44
-4 -40
-46 2
-5 -32
-26 6
48 14
-27 37
-19 35
6 -19
28 47
0 41
33 34
12 -11
2 12
-38 -21
14 10
-41 19
-7 -42
-36 26
8 -26
-4 -44
5 -29
-32 -46
14 -31
13 -17
24 21
-33 3
45 32
-2 37
42 0
6 -25
19 5
-31 -37
4 3
37 30
35 10
-40 29
8 38
-23 -14
-25 22
-26 -22
-45 25
7 39
-40 -7
16 -26
-28 34
-29 -43
-35 -1
-1 -36
33 -25
-4 19
-25 26
-38 16
-35 31
-4 3
15 26
-39 49
-13 24
22 46
11 -20
8 -13
-49 5
42 3
47 -33
-23 0
-15 -48
1 32
32 47
-7 39
6 4
-36 30
2 -36
-16 33
22 -35
-35 22
0 43
-34 25
-10 38
4 -19
19 -28
-32 -7
12 11
-33 6
12 30
34 29
19 -27
43 30
-14 -44
-29 20
18 24
13 -12
38 41
-8 29
37 -28
-18 -19
26 -2
11 -33
2 31
-16 -44
30 40
-14 24
-5 48
39 24
-9 -28
-29 -5
10 -5
-33 25
29 -26
-11 -11
1 -36
14 8
-41 31
-3 44
-37 32
-14 -23
-47 -44
2 -10
14 21
31 24
45 -36
-20 -23
-14 -32
-42 -42
-29 -48
-37 31
-11 26
-35 -20
39 -45
42 -30
-48 40
21 -12
-37 -8
-22 -31
-45 39
43 4
22 23
-2 12
-38 -29
4 34
-24 -16
-34 35
-26 -20
36 43
33 -34
22 40
27 -27
-31 -20
47 -42
34 -44
13 37
23 -19
10 -31
5 -29
2 14
-22 -41
35 -1
48 -38
-6 30
30 40
-22 28
2 -20
17 46
-39 0
15 31
48 -6
-32 -26
-34 32
9 49
-30 -22
-47 -37
-9 27
-13 -22
49 13
-36 -17
15 -28
39 40
5 29
22 25
48 -34
35 -34
-2 -4
-43 1
40 36
-48 -13
-30 -31
-2 36
22 5
17 23
3 28
17 -36
31 6
4 31
5 -37
36 -29
-22 -14
-3 12
33 -2
-20 -36
-36 34
49 26
-49 -32
-45 39
-37 16
-4 -48
-22 -18
-18 -16
14 3
-21 -13
41 30
1 37
-3 28
6 -21
-24 25
34 8
-20 16
-37 26
5 -9
-20 4
-21 -34
17 3
26 26
-38 14
47 -33
23 -10
-40 23
-28 -19
-11 -1
-3 0
39 0
-34 34
-22 42
-3 -35
-22 -20
4 -29
9 -15
-12 -11
-14 -46
-37 -2
34 16
20 -3
-21 -30
22 -3
30 45
-31 -49
-19 -48
48 -43
27 -28
24 -24
-16 -49
1 -21
-12 0
19 47
-27 -25
31 -26
2 -3
43 31
-16 46
-31 -17
-28 -1
-44 -37
-35 -23
-5 4
44 33
27 3
-22 -22
-33 4
-20 29
-35 44
28 36
25 38
27 -5
-22 9
35 24
14 25
39 19
13 -15
-30 6
-21 36
-22 16
-26 -6
18 -5
29 0
-39 1
-39 -17
-26 -44
2 24
-17 -2
42 -18
21 34
28 11
-24 -11
32 -41
4 5
-2 -14
17 -25
5 -2
-17 28
-3 -30
1 1
11 42
-6 -25
42 6
14 -32
-38 5
13 -40
41 -32
-10 13
-19 20
-38 -4
47 25
42 -25
-34 4
-11 48
5 -22
-4 40
-11 49
49 -44
-14 32
44 39
35 45
-38 -48
-30 19
41 -43
-33 31
-20 3
32 -32
-24 -44
43 7
47 48
13 -40
-3 -49
-40 -37
13 -15
2 -21
-3 -47
-44 -7
13 -26
-33 -18
47 -1
26 28
-47 34
-10 -24
-24 17
42 -17
49 49
12 -14
-7 2
36 -10
27 9
-10 34
41 -2
37 9
49 -36
-6 -31
14 16
43 1
41 -30
48 11
46 36
-23 -3
-39 34
-39 24
-4 -44
-43 29
-12 0
-19 1
-22 -4
-23 3
-46 33
22 30
-6 -7
-16 -1
29 -9
10 3
-20 4
-5 45
-45 -5
45 -49
-33 25
-18 35
-44 37
-6 31
28 -1
32 22
1 -22
-46 19
-36 47
-36 -49
-8 24
-47 38
13 -11
20 12
-35 15
-29 -37
-46 -22
26 7
-7 15
-2 -20
-28 12
39 -21
-19 20
-28 -26
35 -3
34 29
-10 21
-40 -16
26 23
30 47
-36 -23
-31 38
-32 47
12 4
18 -12
5 -18
-14 -44
37 -8
25 -18
14 27
-10 35
4 18
0 -49
-24 24
42 26
41 -16
-32 -16
34 9
-31 -9
41 -12
0 18
-8 -33
27 26
28 -37
-10 -33
-24 -46
25 41
-29 22
-47 20
-10 38
-26 32
40 -34
-35 24
-10 -46
-7 43
-1 -14
-45 -25
32 -16
30 12
-33 -29
32 -12
24 23
49 13
-10 -9
13 32
36 -14
-15 -40
21 10
-35 42
-35 29
-7 27
-18 -17
-9 35
-21 -42
35 11
-42 -7
38 0
-39 -7
-22 24
-38 -29
-24 -49
27 27
-23 0
-37 -7
-15 48
16 20
4 -35
49 34
-33 23
43 -26
33 -15
-1 -48
-45 -28
-20 14
-31 3
49 -12
-18 0
8 -29
3 26
20 -48
47 42
-38 9
48 20
4 11
-26 -28
23 -21
49 32
35 -11
-39 -22
-20 -21
-20 49
17 46
-26 -8
36 36
6 42
48 26
10 -24
33 -20
43 -20
-13 -40
45 5
38 14
35 -2
43 -44
-41 12
-17 -31
-48 -44
-6 -40
-36 -33
-13 -46
-17 36
46 16
21 23
-22 41
-49 37
9 -4
-2 -45
0 -25
0 -13
36 43
-14 35
-17 -44
11 -27
-39 -1
30 -24
-17 -24
-34 -26
28 -36
-3 -6
-44 -21
46 20
4 15
-20 -15
9 -15
-40 26
3 22
-37 34
19 6
7 -11
-29 -25
46 -29
-49 23
45 10
20 -39
24 -45
-14 22
13 29
3 44
-31 -33
-36 6
9 39
-37 16
-49 22
-21 19
-38 37
-16 37
16 31
1 -41
1 32
-21 -12
-9 -9
2 -42
-38 13
38 -7
-27 -46
8 -28
30 42
45 1
-48 48
15 -8
-43 30
34 7
-38 15
32 -28
-30 21
37 -32
38 -22
43 38
-29 -37
-32 -47
-31 -4
5 34
9 -26
8 22
17 44
3 2
38 17
20 27
4 24
-39 2
25 36
-18 -43
41 -6
-38 45
-38 28
29 8
-40 -25
16 -42
-8 46
-38 44
-4 -10
7 24
-49 -37
14 36
0 10
-21 -13
2 36
38 46
9 43
-40 -42
-10 -31
18 -16
-37 -33
30 13
-45 22
29 20
-10 1
-16 -33
-10 -42
9 -22
-18 -6
31 17
25 13
0 1
16 14
-47 -49
-36 16
-10 -1
18 24
1 16
12 14
33 -8
-41 -41
4 29
-12 -47
-23 24
29 12
22 44
-23 -43
-28 18
-43 -44
-44 21
-10 -22
-18 -35
24 -9
16 -18
38 12
3 6
25 33
5 -4
18 13
-40 32
-27 -2
46 -9
-17 44
37 9
20 -16
-6 44
41 48
-30 3
-5 30
-8 0
15 35
5 -32
22 -33
-41 43
28 4
-11 18
6 -33
42 -4
27 -45
-39 11
-3 10
37 35
-45 -38
47 -22
45 -2
-18 -47
11 6
3 3
-44 -44
-25 -17
-4 -5
18 -37
46 -49
-26 -15
-11 6
2 19
5 -2
-32 -39
43 -42
22 -35
6 13
34 32
-17 -46
42 -33
-3 -28
23 15
8 -8
-8 36
-5 41
32 -39
4 21
-32 47
49 36
-42 -43
48 -23
46 44
-47 -17
48 5
-6 40
-44 -47
-2 1
-12 23
-23 0
32 -44
39 -33
-26 23
-42 12
-22 9
-6 -47
-12 -19
4 -19
-32 13
-32 25
-30 -7
-26 9
-1 48
35 17
29 -15
-41 1
-42 -42
-20 -19
-35 15
-8 0
-38 32
-35 35
-20 -12
33 -1
8 26
23 43
9 -26
-10 -32
7 2
-27 -34
-4 5
20 -36
17 5
-33 -2
-28 -14
45 -49
-16 -12
-15 -8
-38 25
-33 -3
-37 -39
-1 -3
-12 16
46 -21
-16 25
-46 -18
38 -16
17 -25
-39 13
-15 31
-42 -12
19 33
-18 -48
25 25
48 -33
-15 -28
29 6
3 22
-3 37
9 -3
-2 3
18 37
-33 -2
0 -5
21 3
38 -24
20 -7
-37 22
44 -13
-19 41
-41 48
-8 -29
-39 -15
47 -32
0 -21
-36 11
26 -46
44 6
18 18
46 45
40 -21
-13 -5
40 40
-15 -1
4 -46
-25 -22
49 -43
3 40
39 -16
19 48
41 15
-20 32
13 -9
10 -47
-42 44
20 14
-5 29
-22 -46
-33 1
-7 -7
-43 47
-8 -45
-23 20
-24 -9
-17 28
0 36
0 -13
17 -20
44 25
-8 49
4 -33
49 -14
-30 -38
30 -40
18 -28
-40 49
8 48
24 -40
-18 37
37 -3
-33 -34
-4 -27
45 -48
-43 19
-35 -16
-29 22
-24 -46
36 0
46 45
30 42
17 -6
4 17
48 17
-40 47
3 26
-31 10
-20 -15
-2 -1
36 -29
38 9
3 -42
-15 15
-34 -35
-15 38
17 -4
47 47
39 -3
13 -40
41 -7
-25 -25
16 -2
-8 15
0 -45
-30 16
40 10
49 -21
42 -29
-12 -17
42 -13
-36 25
21 -22
-11 -41
1 -32
-28 -4
