6 38
-15 -46
28 -2
17 -18
19 -36
-34 -3
48 16
12 -28
42 24
45 -6
32 -5
26 12
47 -41
39 -37
28 34
43 -38
22 -24
13 -13
-7 -42
-9 9
-18 -1
-27 3
14 19
13 -39
16 -7
-26 39
16 7
9 -32
40 9
6 -13
15 27
33 32
-44 17
39 -34
-25 -10
32 -46
36 -22
30 35
-36 32
-36 37
19 -10
34 33
15 -32
13 49
37 19
-22 -40
42 13
13 41
36 -14
-37 40
-43 -35
21 -14
-32 -38
34 32
3 14
24 25
39 12
22 -45
-2 12
-41 -7
-17 -5
25 -41
34 42
-17 -39
38 -27
21 -25
3 47
25 49
0 29
10 -7
30 29
7 -16
-47 -16
23 -35
24 10
1 -34
-4 31
-49 47
10 29
-20 38
49 -19
-10 6
-27 2
-26 31
-43 -47
-9 -42
30 -10
34 17
-41 -46
-31 25
35 31
-29 20
0 47
9 28
-47 48
0 -31
-23 -12
-26 33
-40 24
-43 -37
43 -13
-7 35
1 12
10 7
-48 27
3 47
-47 33
25 -48
-40 44
-33 21
-14 -41
42 -13
-29 39
-42 24
-32 -5
-45 43
-41 -2
47 36
2 13
40 -27
5 16
-11 -33
6 -9
-46 -18
-38 -12
-26 -27
-3 -43
-27 -12
-19 -37
-42 -46
-2 -37
-14 0
19 3
33 45
25 10
-44 46
-10 22
17 36
-2 27
-25 -20
0 19
-22 -23
-37 46
23 -29
31 4
6 -38
-32 47
-17 -42
29 -46
42 10
1 -28
-31 -11
7 32
-33 -43
-27 -5
-16 0
4 -9
41 37
16 43
11 13
24 0
-31 43
-46 -23
-6 37
-44 15
-25 -40
14 -34
-41 15
-36 -47
-31 18
28 -42
11 43
-17 18
4 45
35 -2
-18 -38
-38 -36
-32 -44
-41 35
5 -8
38 5
-47 43
-42 -42
-19 -41
48 -43
5 -22
46 17
14 47
-8 -23
-42 -20
47 41
-23 -46
3 0
-47 -46
5 -49
-3 46
26 26
-38 5
5 19
-12 47
-39 -33
37 -44
47 -46
-12 -1
33 -4
47 41
-29 -32
29 -37
42 -49
-21 -47
-46 -3
11 -16
32 48
15 -33
11 -35
0 17
37 -45
44 -41
-35 -8
0 -26
-20 5
5 4
-25 26
-12 -34
5 49
18 13
42 25
-39 41
18 -1
-47 49
31 11
-26 38
26 -27
0 27
-40 0
-41 1
10 -13
1 -2
-32 -46
48 43
-18 25
0 -48
-40 21
46 37
2 -14
44 15
-23 -27
19 -21
-28 0
-26 12
44 1
1 -46
-11 -37
22 8
3 14
39 -4
-27 8
-40 -25
30 -11
16 22
-5 46
43 33
-17 -37
26 -18
28 29
43 -32
38 25
1 -46
-41 1
-25 9
25 -15
3 -12
-26 -26
31 40
41 45
33 -43
49 15
43 -28
11 41
23 -23
4 -38
-47 -20
-47 -29
12 23
-37 -45
13 19
21 45
22 20
-29 6
-39 48
-24 -32
-20 9
-42 25
-25 14
-25 -29
-44 11
22 35
-23 7
-12 0
27 38
-13 13
-1 -25
11 11
-39 27
-29 -7
27 41
-12 34
-19 -10
47 23
19 4
-19 3
-2 8
9 -13
22 -34
-27 -43
-31 24
35 -5
-29 38
-36 -20
31 -9
-49 31
20 -49
-9 18
-41 -9
22 22
-48 9
11 -2
-20 47
15 18
-49 14
11 13
-1 -35
25 49
-46 29
22 0
-1 -11
40 -18
11 47
-23 -17
4 -28
14 -30
4 11
20 49
48 -27
46 6
22 -12
-30 35
-38 42
2 -2
-14 -22
-20 -15
-12 -33
17 20
-32 36
-40 17
-21 -44
-26 46
-40 29
-44 -38
45 26
36 27
-26 35
-24 -21
43 4
-5 -16
-27 0
-46 19
32 28
39 36
-9 -36
42 -3
39 -41
-28 -14
-33 -43
7 22
16 8
28 13
8 6
-45 1
-38 48
-22 -33
-34 5
1 27
47 -37
-5 46
-29 49
8 -47
-8 40
36 19
-21 27
-11 27
42 -46
-1 25
25 35
-21 14
-24 38
-27 23
-34 28
-39 32
19 -21
-24 33
-24 -48
41 -11
-40 -23
12 -43
25 13
23 8
-5 41
-14 -39
-36 -24
-49 46
27 39
-34 -12
-48 -20
4 -34
25 -14
-12 15
-42 -47
-35 9
-6 -33
41 -30
0 35
-20 0
19 32
-35 -23
-26 38
10 38
3 -10
-44 4
32 26
31 -13
-18 -18
-29 29
-8 -34
13 -29
-11 -45
-29 21
-27 6
15 25
40 18
29 46
16 -24
-39 -39
22 -21
23 17
29 -3
-24 35
5 -22
-46 -47
31 -24
24 -31
39 -16
-11 13
38 1
-48 9
-2 13
14 36
-12 -31
24 -42
-49 -30
28 -22
-23 9
44 5
17 37
31 41
-2 -4
-46 38
17 -30
-19 -44
-19 47
-28 14
-5 -46
24 8
-40 -42
28 16
34 34
29 -24
49 26
-21 45
-43 -45
-34 -4
-14 -46
19 -8
-36 5
14 -40
-43 38
44 4
-10 32
8 46
-41 -11
0 -40
-30 18
28 2
22 37
39 -18
22 39
13 46
0 5
-27 -33
21 -13
47 -34
22 -19
-23 30
-4 -38
44 13
-40 -15
9 -37
-14 26
45 33
42 -44
19 -33
-49 47
-23 -19
17 -32
-16 12
-15 -41
-42 -13
-31 -42
-17 44
13 49
-43 22
10 45
10 1
-41 41
11 37
33 -43
-18 -40
-1 17
-16 -32
-32 -21
-34 -2
-25 -1
7 -20
-12 21
-15 34
-7 8
48 47
-23 -29
32 14
-48 -39
-13 7
29 26
13 20
-25 44
-14 38
47 -15
14 31
34 12
22 42
-35 12
38 -11
8 -10
-21 44
17 6
-18 3
-25 -43
13 27
22 41
25 36
-26 -24
-10 -34
-49 -49
-22 32
-35 -33
1 36
-4 -2
-19 -19
-31 41
38 8
-21 20
-32 43
-23 -28
-18 47
44 -22
49 -28
-49 28
4 -16
31 -1
44 0
-36 30
48 30
24 38
2 -14
48 -12
-24 47
18 0
-33 35
-46 26
24 -1
-29 32
-16 43
14 37
23 28
-9 -39
-32 24
9 -38
32 -24
12 -12
48 10
46 38
28 -7
-44 -26
-8 -32
-10 -35
43 25
46 -12
-47 19
47 21
22 2
-19 -28
1 16
-40 1
-29 0
30 -3
42 -34
-37 22
-8 15
37 -40
6 11
19 7
47 46
43 -20
-8 43
47 -18
-10 -35
42 -20
-26 -36
-25 4
36 31
-31 -34
34 42
10 43
8 -10
39 41
-48 42
17 -46
31 34
35 10
-42 -13
-1 20
-26 46
-30 -23
-23 12
-32 -12
-8 42
-14 6
-24 32
46 -36
-18 -35
-8 -38
-1 -21
7 -16
-35 27
4 -22
-30 17
-32 -13
-34 -9
-13 -38
-17 -27
-16 7
45 22
-30 36
15 -38
23 9
13 -29
16 48
32 -47
3 4
18 -32
-32 23
-34 9
18 44
-1 20
-38 30
-9 47
-2 -38
40 -25
30 -4
28 -49
-21 6
-26 43
11 -35
-42 5
-26 11
6 -49
32 16
-6 -42
-40 -30
-26 24
42 -21
-9 -5
39 13
-44 37
15 -15
-38 8
35 36
-15 -20
41 -24
22 3
22 -24
-41 17
-26 -41
17 32
14 -32
15 -22
16 44
-42 -1
46 46
44 32
-46 35
7 37
37 17
39 14
-41 -46
-15 -20
12 -40
14 -36
36 11
-40 -44
10 24
43 -25
-9 -37
-28 -14
36 37
-10 33
16 3
5 -24
5 15
37 24
-43 -2
-20 6
-6 -45
46 -34
-31 -48
-45 -4
5 -32
-20 3
8 -42
-45 47
11 -40
-10 -36
13 -18
-38 -45
17 -27
-44 -47
35 -18
34 -11
-26 46
6 49
-29 -49
44 -5
25 -31
-25 29
-19 46
42 3
-21 6
-35 19
6 45
2 -8
16 -32
28 -33
5 26
-6 -22
0 3
-8 -32
-25 -22
-16 21
38 -41
-43 13
45 -19
-20 -24
4 47
-9 15
-49 17
47 -1
42 -2
-27 29
5 2
-23 18
-23 -11
44 12
-49 31
-21 40
45 -23
9 -48
-46 2
29 0
-8 0
-42 -46
-39 -39
3 17
-12 -14
17 10
-49 48
-43 18
0 -1
-25 49
32 -6
47 15
1 38
-21 39
-21 35
25 -46
-28 34
-47 25
1 -7
-2 -11
-19 10
-22 7
6 21
-35 40
26 30
0 -25
-28 5
8 31
-40 28
-7 -36
-47 -11
32 11
40 -4
-30 28
8 31
15 31
-8 -29
36 0
-14 -30
23 18
-49 -31
21 -2
16 -22
-12 47
40 24
18 19
22 -2
41 28
3 -43
39 15
20 -37
-16 -38
-35 -41
-36 30
-31 28
0 4
28 -4
17 -43
17 15
-41 -31
24 41
38 44
41 -18
-10 46
49 -2
-7 -35
-47 23
-34 25
-27 -22
-47 2
-47 49
-16 35
10 35
-36 45
-46 -27
5 46
-25 0
-48 -8
-30 33
-1 21
-45 4
39 -23
-13 31
-15 -38
3 -35
-11 11
25 42
-3 25
5 17
-19 -22
-15 35
5 6
-24 18
-1 14
18 23
45 -18
7 -7
-22 -1
-16 16
-26 -9
-40 -44
34 0
-40 -49
19 -11
-31 -39
4 -31
33 22
39 -7
11 44
18 -15
4 43
-44 10
-41 -35
27 -34
27 -7
48 26
-1 -37
49 27
36 -49
49 -21
13 -9
-18 42
-10 16
33 45
48 -15
23 30
35 -40
17 47
-5 -20
-7 -23
-7 49
9 11
-19 -15
21 -16
-6 -28
-20 -44
-48 -22
-12 -27
33 16
17 1
-35 -13
0 4
20 2
26 25
42 -40
36 -9
30 -32
-37 -17
-40 38
41 7
-4 48
0 -14
-44 0
-20 32
-7 21
9 19
-12 27
33 -28
6 -22
-44 21
-9 13
-2 44
-8 -37
-32 -44
-17 18
-15 43
35 -9
37 -46
43 36
-40 -14
21 29
31 24
-32 37
-31 27
36 0
43 40
42 -11
17 5
-39 49
15 36
22 -24
27 21
-47 -17
0 9
-2 -27
-25 -6
4 -30
42 -10
-31 41
-21 35
32 -46
15 18
-7 47
3 37
25 35
24 -37
41 27
-9 -43
-18 7
-37 35
-2 46
36 48
-16 -41
0 30
-9 31
-30 -5
9 -19
24 -41
22 -31
7 0
-29 38
-35 -39
-38 -9
0 -23
24 -9
-26 42
-14 9
-32 32
12 -25
-49 32
9 -36
8 25
8 -12
19 -19
31 -27
40 -30
-10 27
7 36
-17 35
-23 -21
49 -19
-18 -18
-44 13
-29 2
33 -31
34 0
-47 -29
-25 -6
-45 -14
37 6
-15 -27
-2 -13
26 -11
0 -12
6 -26
-48 1
12 39
-7 -2
-37 29
25 0
-15 -12
27 30
-13 16
36 41
45 45
22 -33
-12 -45
23 26
43 19
-37 36
-4 -37
5 35
3 -27
47 -13
-37 -18
12 -14
26 31
2 17
41 -40
-46 -41
-43 -9
-32 27
-10 -26
-7 -4
13 44
13 0
-42 35
33 42
19 -30
32 -1
-21 13
-47 -8
-5 34
9 -32
-46 -49
4 -29
-18 0
-19 48
5 -17
17 -44
30 -43
17 -32
47 -35
36 13
-36 -14
3 -48
-18 -25
-17 16
-19 -34
-3 -41
30 -47
38 -45
-13 -48
-18 -35
-31 -16
-17 -35
-43 -16
-40 21
3 38
31 47
-35 31
45 -26
10 36
48 25
33 -39
38 10
-47 -16
-49 -21
0 -26
13 -7
7 2
2 -44
-13 -17
46 -30
0 -25
-6 -49
24 5
48 -25
7 32
30 -8
-10 -23
0 -15
-13 -11
-11 -30
19 38
-7 -40
43 -7
5 26
36 -44
25 7
33 46
20 -34
-5 31
19 38
-20 18
-17 45
25 -31
26 9
32 37
-27 1
47 -27
-30 -39
15 -39
40 -31
-37 -11
39 8
24 44
23 24
-30 41
4 42
-11 -38
6 -29
36 -2
48 29
-6 37
-43 8
48 -15
28 37
35 14
13 5
2 22
-6 33
-45 -41
37 28
8 -33
48 -2
-38 -43
49 2
42 -41
25 -19
-33 -15
-4 31
41 35
-3 -9
-40 44
40 -29
38 45
-36 -31
19 -16
-32 46
-13 -33
-22 20
34 -36
21 -29
12 33
0 -8
-35 33
-44 -21
0 18
-4 0
-10 20
38 0
-9 4
8 -12
10 -46
45 47
-36 -29
-2 25
7 -29
43 -49
22 -27
-9 3
-39 -12
34 15
-5 -30
1 -6
-2 21
24 -39
33 -48
31 40
23 -1
25 -49
-15 -42
30 41
38 -16
17 -45
31 -2
-1 25
-42 22
21 -17
48 8
43 16
-18 -14
-42 -16
37 11
43 -37
-9 28
-4 1
-1 49
-33 -38
-45 40
20 34
-15 30
46 5
-21 33
-35 36
25 -8
18 44
31 -16
-8 -48
31 -30
-32 14
33 37
20 -18
9 37
43 0
-10 48
28 22
43 -49
38 31
-8 0
-18 11
35 5
33 11
39 25
-40 -16
-2 -8
-37 42
-49 40
0 28
44 27
-43 0
47 -49
-38 -16
40 -27
-49 -42
49 -14
-18 12
-24 -30
-24 -31
19 -17
-15 -36
-14 -33
-30 -30
18 28
-34 -6
-43 15
-19 40
-11 9
-47 3
-44 49
34 47
-37 -48
18 29
-16 -21
1 -39
-42 40
9 -18
-43 -30
-9 0
26 49
-10 15
42 -16
35 -15
46 27
44 -2
17 1
-38 -40
-11 11
-28 -19
25 -39
-41 34
-6 -25
-42 10
43 -42
-19 -36
33 19
28 30
-8 24
-44 46
-36 -20
10 43
39 -23
-19 37
-42 -7
38 -27
8 -38
24 -26
11 -47
13 -1
49 -15
-22 -23
-49 -47
-14 -10
-42 -8
4 -10
-48 -19
1 41
-33 22
4 38
10 35
-26 -6
10 -43
-21 46
-23 -40
36 -5
-42 43
47 25
42 19
-1 22
-40 -31
-1 35
-13 -26
14 -1
-43 -7
22 -16
-26 10
31 30
41 -12
-11 -6
-25 49
-11 -10
-24 34
-38 -16
-34 30
-39 8
-1 -32
-35 18
12 44
-8 35
-16 -20
36 30
46 -31
48 5
32 20
34 31
-4 21
-7 -6
1 -46
-8 45
23 41
-48 -21
7 -44
19 45
-12 -43
36 24
-33 -34
20 -23
28 5
43 43
39 33
48 -17
30 22
21 29
12 14
37 -11
43 -13
8 -49
26 0
-22 -5
44 18
-36 43
21 2
9 -21
-43 -40
42 -36
-18 27
-17 32
-2 -29
0 -46
-14 -14
-26 -36
-7 38
13 -28
-4 42
-23 28
-25 -27
-31 -33
44 19
11 6
-19 30
36 -9
1 -39
0 12
-5 8
40 6
33 -40
22 3
0 -12
7 5
-21 0
36 45
46 6
22 -33
8 45
40 16
-49 25
-48 1
48 9
-2 0
-31 -20
4 -20
-25 44
-43 -36
16 49
30 31
12 -21
38 39
40 -5
-7 -47
-1 -27
-18 -47
42 30
-42 -17
-11 -46
42 -45
24 29
-21 14
22 -18
18 -19
3 0
-14 -31
-22 34
30 0
14 -39
-8 29
-38 26
-25 -32
-1 0
-10 26
39 -11
44 -24
43 31
-8 24
1 -14
-25 -38
28 34
29 36
-5 37
-44 26
-11 -36
44 -19
-15 -23
26 -24
-1 -14
4 46
32 -39
44 -23
38 37
38 40
-9 13
-17 -3
4 41
-13 25
49 -26
8 -24
-40 17
-15 -23
2 -34
48 26
-49 -28
-46 13
-6 25
37 -5
25 -45
48 -18
-16 -45
-3 -4
42 19
-11 3
38 -33
17 24
41 24
-22 11
20 -40
18 5
15 -49
-11 23
-42 37
8 22
29 46
-40 -45
-12 49
-12 -49
37 6
37 45
39 26
45 -30
22 41
-34 -41
-25 31
-37 -41
48 19
-13 -8
-2 -44
8 -34
2 -37
32 -26
35 28
-6 20
-28 35
-1 -20
15 23
24 41
-41 -29
34 -41
4 -36
-27 37
-34 -4
2 -42
-7 -16
39 15
-17 -16
-18 5
25 -17
-8 47
46 20
11 -27
28 -16
9 -49
-14 -33
15 24
-41 -21
38 -18
44 -36
47 37
2 28
-24 -33
-39 1
34 44
-9 -46
1 -7
40 -39
32 28
-7 14
-45 -46
-46 -15
4 -20
26 -10
12 14
36 46
-12 -18
-12 -14
6 37
-12 19
13 6
-12 49
2 -4
-6 -26
-4 17
44 -45
24 47
-5 34
3 12
-13 -13
-7 -34
15 -2
-26 -33
36 -47
3 34
-2 -18
45 -49
12 -10
-9 -33
5 -43
6 27
42 42
21 -9
6 -22
-4 -35
-11 33
35 24
47 24
-6 13
30 -40
12 26
-41 18
-5 27
44 -31
42 -7
-22 -37
-45 43
-14 16
40 42
-29 35
42 38
-43 4
-6 14
-19 31
47 22
25 34
-27 -43
45 26
21 48
9 48
26 -20
-36 12
-48 -48
-36 39
49 33
-16 30
-1 31
17 31
-22 -9
-32 -10
-48 43
-38 -14
-43 -33
46 -28
-35 -14
-27 -20
15 14
-47 29
-2 -36
27 44
-4 -41
27 49
-36 -8
-46 -11
36 -35
11 33
-37 -34
1 16
42 -40
-19 8
-48 -11
-45 35
42 49
-24 -11
-28 -29
-9 11
31 -2
49 33
49 9
-18 -5
-21 -43
31 -20
33 28
-12 -44
2 -25
-45 39
28 36
-30 -12
-29 13
37 7
43 23
45 -39
-20 -46
-15 -11
-21 19
-41 42
1 -30
-43 -29
-12 -32
27 21
21 0
38 -11
20 5
-3 -9
-3 -43
-25 48
16 33
15 -20
0 27
-16 28
0 37
5 -44
-47 -15
49 48
22 -22
1 8
41 -3
-41 -1
17 -34
-33 1
-30 2
36 -44
-12 0
25 -30
5 7
-15 35
43 20
-32 -37
22 -7
47 46
34 1
3 -7
27 -42
33 -38
-23 4
-20 24
43 42
-10 8
42 -35
0 18
-11 -11
-3 49
-19 48
-12 5
47 39
30 12
-25 46
-6 -27
-39 -8
15 -29
-39 -25
47 -25
-48 45
-47 4
-34 -12
-16 0
-27 15
11 -17
27 35
9 -29
-47 0
20 47
21 26
-10 28
-45 23
-27 -6
-5 -39
-43 -31
0 -4
-48 -28
-18 -49
-8 -2
0 -46
46 -40
-36 -36
11 37
11 -17
-5 -15
-12 26
-29 8
3 30
-15 -25
47 -21
-37 45
-1 -46
2 -7
19 -13
-20 48
29 -21
0 -21
-22 40
-44 -37
30 48
31 -23
41 -10
16 34
42 -8
-28 -37
44 -1
4 5
5 44
17 -27
3 30
40 22
-27 -2
-48 -1
35 -17
-31 -17
-37 -35
-15 19
-36 35
-31 45
44 -22
40 -40
-4 -10
45 -20
2 -30
35 10
-35 -1
30 16
43 -8
-41 -39
-18 30
41 43
43 -24
-29 -1
23 3
7 -47
37 48
-32 0
-44 -7
41 16
-6 44
-18 16
-16 -9
12 -23
42 -15
8 17
-43 -26
-35 -44
-47 8
-10 -46
-21 10
-29 26
46 -10
-9 48
11 14
27 6
28 -38
46 37
-46 16
31 -49
-37 36
-23 2
39 16
-22 -28
-2 -8
-24 -21
3 48
-15 8
-39 -35
39 30
-17 -47
40 18
-45 -24
-7 19
-31 -48
8 -42
14 -38
9 19
27 -39
45 -7
28 9
-44 41
43 -6
22 45
28 0
-13 -20
-37 39
-45 -33
-15 15
-10 -13
42 12
-32 -12
-14 -27
47 -47
22 13
-32 -4
-24 -27
-48 26
-13 -45
-7 -48
-28 -13
19 14
-29 14
47 6
1 24
-32 -49
41 -40
-23 23
20 48
-47 6
-41 22
3 -8
5 19
0 4
-27 28
45 -10
32 12
45 43
38 23
-1 46
-19 20
0 42
-43 28
28 -9
23 26
-19 -28
43 33
25 0
12 44
-13 31
13 -2
11 -9
37 23
12 -12
19 34
-3 -6
36 -18
8 -29
-13 -22
30 28
-8 24
-37 11
32 -24
0 -43
26 40
29 -36
49 44
-43 -21
-8 -6
-36 30
18 -11
-17 20
0 -36
1 2
-42 -29
29 -9
-31 -17
19 -22
20 -29
-12 40
-46 -19
-37 7
24 -12
-28 41
-5 42
8 -1
-46 -27
20 -47
14 29
20 -26
-43 -23
-39 -33
21 27
2 46
-32 -33
-23 31
30 12
-40 -15
-9 -46
-20 7
-12 -42
29 -38
36 11
-14 -7
-37 19
31 18
4 -3
19 29
-44 -26
-47 -15
41 -3
30 -12
21 -12
-23 30
30 -40
-29 -37
16 -44
0 -45
-16 -7
-23 -45
11 32
23 28
37 22
-42 11
31 35
-7 37
-10 -35
-28 49
18 7
21 14
14 36
-36 -15
26 -37
40 36
46 11
-36 36
-8 41
47 34
25 7
4 -1
31 -26
35 43
32 -47
-15 -31
-15 0
49 -17
-27 -35
-12 0
-20 14
-5 -39
-26 44
-48 10
-10 29
-31 16
13 -26
18 -43
34 -37
24 -30
-9 -46
39 -34
15 18
-16 29
1 37
-3 -25
-3 -2
23 -25
-11 43
-32 38
-22 -49
48 31
-20 37
-43 -21
21 -16
-1 -19
22 33
-47 4
22 -32
-48 -9
-11 -41
0 21
26 -4
37 -44
5 -39
-16 13
-40 21
-45 -24
33 -35
-29 -42
6 46
-22 24
1 15
-40 1
43 49
-34 -33
-34 -49
23 38
37 -24
42 -49
-44 -10
-48 31
45 27
-10 -35
22 45
32 -17
-8 28
-27 43
7 -14
23 -48
-14 45
8 -34
-17 -2
-3 -35
34 -5
18 -40
47 42
-24 -22
-48 -34
46 40
-22 0
-18 -31
45 44
31 21
-48 28
-41 -14
-21 7
-43 -27
15 10
-39 -28
4 24
18 35
-45 44
-2 44
20 3
-5 5
-27 4
-7 -4
12 42
-5 36
17 -9
-11 45
-31 -11
22 46
-12 20
0 -28
-19 15
-5 10
16 -45
14 -23
-24 -35
-15 -20
19 45
-21 -12
40 17
-13 -40
36 -43
21 -6
23 -9
25 38
24 -11
9 49
36 -26
46 45
-20 12
22 34
-9 47
-22 -17
-21 -4
8 11
33 -38
29 -37
-19 -36
-43 37
-28 38
-15 37
30 -49
-27 32
4 -35
1 6
46 12
-20 -10
-8 -43
5 40
-1 17
-39 -3
36 24
-22 -41
-14 34
9 -12
-33 -17
40 41
-9 -22
-24 -35
17 48
8 -29
-30 -4
0 35
-23 -35
-48 20
-18 -6
-13 -17
38 14
-16 -33
-7 36
-30 37
-31 17
-4 -48
-1 -26
39 25
-22 34
-28 44
-48 -25
-35 37
-29 4
-44 -12
-24 -25
16 -2
2 11
-14 -2
24 -34
-25 -38
-43 40
-13 -9
8 -15
-17 -35
47 -39
-9 23
-19 -19
-28 -7
-4 -22
48 -16
-16 -39
-22 -48
19 14
20 -28
-22 -46
18 -46
-32 16
-24 49
8 40
2 -40
-31 0
46 -37
-8 33
-7 26
-33 -8
7 42
7 4
41 -40
-8 5
-39 -45
43 6
-24 -25
-43 -14
-27 -41
28 21
-12 1
3 -3
-3 -20
46 36
-31 5
24 22
35 13
11 37
-2 -6
35 46
-23 22
-44 -40
-40 33
-16 -15
-19 -20
-35 48
-47 9
5 10
-1 -19
42 3
26 -15
-24 5
-25 27
9 21
-49 -46
12 -1
30 -49
-39 -36
-5 -4
21 -4
-40 29
29 -3
-3 -37
7 10
-34 12
46 0
18 -31
-29 40
27 -28
-16 31
39 -36
-16 -38
-20 27
10 -7
27 5
-1 24
23 21
31 37
-10 -37
43 -27
38 38
-45 16
-8 6
3 34
26 3
19 -48
-7 -2
-9 46
21 -9
-11 -22
-49 47
-45 -5
-36 37
-23 2
-18 17
-10 13
-12 40
-27 -33
-28 11
33 -36
4 -21
-25 9
-10 27
-39 -34
-43 -4
-47 -29
-43 18
30 -22
-15 22
-4 -23
36 -44
32 47
37 41
25 7
-13 -5
35 -43
7 11
-34 24
-29 -5
36 -47
-28 0
2 19
17 39
-21 41
-19 5
-5 10
-5 -42
-40 -35
18 -36
-8 -15
4 39
-28 10
25 -44
-17 -11
45 9
31 7
-41 -21
-16 -13
-11 -20
-3 20
26 42
33 -39
-45 18
-20 40
41 -3
-39 7
0 -7
-6 26
49 13
30 -34
-46 -25
10 -37
46 -34
0 -22
36 14
-3 23
-2 -11
26 -42
-16 33
-35 -37
-3 5
13 42
47 -22
-33 -27
48 -34
-7 23
28 30
-6 -23
-29 13
-33 -1
-5 1
-19 49
14 -9
-26 -6
-43 9
16 -9
-17 -46
38 35
29 36
12 -29
-13 32
18 -15
-3 32
-11 -47
-45 -16
-26 47
36 -11
-37 45
10 12
6 39
9 0
-39 33
-45 -45
-43 -40
-9 2
-8 8
41 -47
42 1
1 47
43 -15
28 -40
-12 16
-12 37
-2 -24
27 -29
-32 -16
28 -36
-36 -40
0 48
-17 -14
-9 -13
-4 -22
-26 -6
19 -33
48 -25
28 22
-35 -10
-30 27
44 -12
45 22
36 15
16 0
-40 -47
-23 23
41 3
10 -21
5 -6
-24 32
0 -18
-7 31
-17 -3
41 -34
36 42
21 -4
38 24
-40 12
-22 16
-49 34
40 24
0 26
-44 41
19 20
37 -28
-12 -15
1 -36
-23 -34
-23 -48
34 -16
16 6
-41 6
6 -6
-7 -34
33 -11
-38 22
-35 -26
-22 -8
31 -10
6 -44
-40 -32
-31 6
-38 -15
-16 32
-36 31
-25 -41
-20 -6
1 29
-4 22
40 -30
22 35
9 31
-36 -6
19 -24
43 -41
47 -37
-21 29
35 -25
11 -4
49 -9
-24 5
20 -48
45 -15
0 -49
-4 -19
-2 -21
14 17
27 21
15 -34
35 -4
46 37
-20 49
28 18
7 27
23 -8
9 25
22 -33
28 0
41 -11
-20 34
-8 -44
45 40
-18 48
47 38
-16 -35
8 -13
11 30
6 -20
-11 49
-42 -40
9 -36
-19 0
-13 7
-17 35
-11 36
7 1
37 -41
-34 43
-39 18
-48 28
-25 -2
-11 -15
-33 -2
35 13
17 -38
-17 23
-42 -18
-19 28
42 14
49 21
18 -8
-5 45
-32 -46
-28 -5
-46 32
-48 -18
22 -34
3 28
-23 37
33 -17
26 7
5 -22
-14 5
-37 -12
11 -2
-41 29
6 -13
12 -38
18 12
-23 15
41 -14
-13 -10
-2 44
11 -7
45 -13
14 -13
-30 -27
0 39
24 15
-13 38
24 30
7 28
38 -7
40 6
-13 -7
-25 -31
31 -43
-44 45
45 1
-41 44
36 46
40 11
-45 12
34 -20
25 -32
2 -19
28 28
-5 3
-4 3
34 -14
3 41
-45 8
26 27
-35 -49
43 26
-20 24
29 31
-38 -18
-10 27
-47 29
-9 -19
-31 29
2 47
-32 0
-28 -48
25 -42
44 31
37 -44
16 28
8 -38
-14 -6
11 49
-10 -48
-30 26
46 45
-34 21
29 39
-12 21
9 3
12 -8
6 45
39 -28
-47 4
33 -7
1 8
-33 -49
-6 49
35 49
-27 5
-14 -20
-46 45
-19 48
43 30
-24 39
-35 22
-48 -25
-49 34
44 27
-6 -40
33 -4
34 29
36 -1
-47 20
48 15
47 15
-35 -1
8 -3
-49 -46
28 -3
48 -33
34 16
-24 -13
-44 0
15 -46
34 -46
17 -22
-11 -12
-16 10
-33 48
-48 -9
48 -27
30 15
25 25
42 41
8 24
38 -36
-40 -24
2 46
-16 -39
39 25
49 32
-7 -33
-46 -41
13 -46
49 -44
-28 -34
-48 12
34 3
-5 9
41 13
-6 44
31 -28
4 -3
-47 27
46 22
27 -10
44 -17
-47 6
-45 -35
-15 25
31 25
0 16
-28 24
38 -23
-23 -8
-27 34
-39 -29
32 40
22 28
-44 48
-30 34
-31 29
14 12
-33 -22
-3 -26
22 42
-7 13
-37 -40
-9 -34
20 7
18 22
-47 14
-40 -47
-43 -16
-38 44
-16 -8
-20 -19
-7 -49
19 -40
-11 -49
32 14
-16 -44
27 -11
12 30
7 24
14 -17
-5 30
-43 25
45 -36
41 49
-17 45
0 47
16 -6
-28 -18
-10 13
-5 -44
-41 28
22 -9
23 -13
48 -8
13 -12
-39 -38
-26 7
26 36
35 1
-11 31
4 -24
45 -16
-27 -7
37 16
-47 -24
45 -9
34 31
2 14
-22 0
-45 -37
-7 47
-5 -15
6 32
-11 -24
-9 26
24 -7
-18 -23
41 34
-45 47
31 -29
-11 35
-29 36
23 16
15 24
24 -14
-29 -24
45 24
-45 -12
46 8
3 18
22 18
-2 17
-1 -41
20 27
-26 -33
-29 -36
8 -22
-19 16
-33 -31
37 -37
2 5
-17 -41
45 19
10 -47
-12 33
42 -1
23 -45
-16 -6
-7 -2
-22 16
-46 14
45 29
-43 9
5 -40
-24 10
8 -41
34 -18
44 38
6 -8
29 -23
32 -11
-18 46
27 21
30 8
-1 -41
-43 -41
-25 44
42 -47
40 15
-47 12
48 -22
27 -6
40 -14
14 -26
-11 -42
-46 -31
-17 -44
33 -49
-13 47
24 -15
28 46
-47 3
34 -32
-12 24
-15 37
-3 -46
19 4
-14 -8
-32 47
29 9
21 18
10 -28
-46 -38
-13 45
-18 -41
-26 23
-40 -23
39 11
34 39
16 26
7 -20
-12 49
24 -47
14 31
-42 -8
-7 -41
-42 12
43 10
17 43
-12 23
-47 -39
27 -5
-35 -28
29 0
-7 -27
-25 43
25 33
-9 28
-4 49
-34 -6
24 -3
-5 9
42 -11
-23 -38
-30 41
34 -27
-46 47
15 26
-46 -11
-49 10
-14 -21
30 -6
-15 40
45 -22
-19 -33
12 16
-31 -16
-47 -45
20 9
-9 -48
17 12
3 34
39 36
11 45
-49 -35
-46 0
6 27
31 -10
9 -38
-48 -29
-9 2
-24 -4
9 23
-18 46
-41 -22
35 -25
-1 -22
-1 0
-33 19
20 18
-13 -11
39 -36
-44 42
-35 21
-15 -8
-17 12
-36 14
-25 -5
47 -24
-15 -19
-5 -14
-36 44
20 -16
22 15
27 -48
-3 37
25 4
18 -27
-45 7
-41 -31
-41 -20
22 23
-38 -42
8 -15
48 45
-28 0
15 -4
-14 -37
27 -2
-22 18
10 -44
-16 22
11 28
-12 49
-19 8
4 28
-30 -11
22 29
-10 -44
-45 12
49 -25
2 26
-43 35
-44 14
-6 24
-11 4
-24 -45
-25 44
38 1
33 -45
33 -1
-3 -17
2 -24
-4 -8
41 -4
-4 -10
1 45
-47 16
27 29
-20 -3
33 46
-45 11
-35 30
5 -17
48 -41
-29 9
21 -14
9 -26
-33 -7
18 -47
-33 48
-24 5
20 21
8 42
-36 46
47 -47
49 -7
19 35
33 5
-30 0
-42 30
-14 40
-26 45
-10 19
-3 16
-25 17
-34 16
-29 -26
-20 5
-17 -1
-1 -20
-6 -44
-5 29
-28 -37
6 -48
-45 47
-4 -34
27 40
-20 -38
-21 45
-13 5
15 45
6 -2
-4 -9
14 28
-41 29
-31 43
-24 0
-36 -24
-30 32
-39 19
9 -8
-11 -21
6 -26
-48 -12
-44 42
36 -22
43 -17
-23 -13
29 27
-39 -43
-43 -7
32 4
-9 19
9 48
-12 31
30 0
31 -35
45 20
27 -18
11 38
12 -45
36 15
25 3
42 -9
-29 -49
11 26
27 30
29 27
-2 41
-14 28
-6 -4
40 5
-15 47
-8 -19
40 37
7 1
46 -16
-29 -6
27 -7
49 -23
5 -45
4 10
-28 -15
49 -41
-12 -45
8 49
46 -44
-37 -25
34 -31
4 9
29 6
46 -22
-17 25
38 36
-18 40
40 39
22 33
30 -1
-22 20
34 17
-44 1
-44 18
17 -6
-4 7
18 32
-4 -36
7 45
-38 41
18 29
18 -6
-35 -29
0 0
27 -33
-30 8
-7 -12
4 32
19 9
-26 -44
44 34
-23 23
29 -25
2 -18
-45 15
-1 35
-4 -17
40 46
14 -14
21 21
5 37
47 24
16 -2
9 -12
44 26
24 -38
0 -44
5 42
33 34
14 -16
-30 31
28 -21
-5 17
-10 40
-34 45
4 -42
-10 -27
26 -44
17 32
2 -1
6 2
-48 12
-5 23
10 -5
9 -34
15 -10
48 23
-13 9
-41 46
37 32
9 -33
-27 20
-31 4
8 21
-26 -26
39 13
-25 -20
-34 -30
-1 -40
20 47
13 -43
-39 -29
-5 39
33 44
34 22
-7 -22
-16 44
15 -23
12 -33
-23 -36
43 -40
9 43
18 15
-30 28
-8 22
-20 -29
-34 -12
-26 23
45 -46
46 -26
46 20
-18 27
-22 5
-37 -33
23 6
47 -17
-42 -35
-20 9
42 30
-9 -18
36 24
-24 12
-29 7
-35 -34
28 16
28 -32
-6 49
-47 -36
-23 -18
-26 -49
15 24
-36 -5
34 8
-25 17
41 -20
-47 13
-21 -32
-3 12
49 35
-16 -39
39 23
49 22
-35 -16
2 49
17 9
-40 -23
10 41
-1 20
25 -17
-25 -32
-10 47
-35 13
-31 1
10 28
11 -9
-13 -36
-49 2
7 18
-7 22
31 14
-23 -47
26 -20
-24 -11
-6 -4
-18 8
41 -30
41 -29
36 21
12 19
-20 -1
38 45
39 -2
41 40
15 12
17 -22
21 49
-16 -42
45 -4
-37 20
17 4
45 21
-28 1
-26 -15
23 -8
44 -38
-17 20
3 0
34 -49
49 20
19 47
-14 -22
38 46
-47 20
45 12
-2 -39
48 43
-27 -29
-34 -13
33 -3
-12 -11
27 -41
-22 -36
5 -13
41 -2
-46 -8
30 -3
-28 4
-36 44
-49 -5
32 36
-28 -39
-9 3
-31 -44
35 -12
31 -22
-9 0
-23 -10
-19 -4
38 1
-21 -49
-19 -34
-10 24
20 -48
46 14
-22 8
36 -11
-22 -6
1 -15
-40 -22
27 40
43 -10
12 -21
4 -28
-23 43
-21 -48
10 28
30 30
-40 -25
22 9
-18 -38
-18 20
-22 22
-45 -28
-44 26
-13 23
-29 0
45 29
-11 13
3 -27
45 -22
0 34
-31 -40
36 -1
30 -16
6 -26
11 -45
-7 -9
-38 -27
-30 -18
31 -24
18 -28
-46 22
-24 -2
-20 16
35 44
22 12
12 44
0 0
42 -28
-34 23
-38 -23
-39 -21
-12 -18
-1 23
18 -46
15 -36
1 22
25 -40
10 2
-41 44
-39 -8
-19 49
27 -5
45 -10
11 35
-42 -39
-17 -47
-18 20
-26 -16
49 3
-48 49
41 22
20 -48
24 -11
-21 -27
29 36
-13 -48
33 25
49 -24
22 12
49 -20
22 46
40 17
42 -35
0 -38
-9 4
26 -20
-48 22
-5 -4
20 -35
-5 11
-28 -18
39 12
-29 -1
-15 26
-37 9
-33 37
8 32
-21 -24
20 29
-3 33
12 27
-12 42
-25 25
-6 -44
-1 -4
11 -37
-3 15
-34 47
14 -42
-12 47
49 -10
-44 -40
33 7
34 -39
38 18
32 -31
38 -44
-36 -9
43 -23
-16 26
-46 42
10 10
49 30
-44 -23
-2 49
20 16
-2 -15
-4 2
-45 -38
-15 -11
14 0
4 11
-33 44
-1 21
25 12
-8 -41
19 46
5 1
18 20
-10 -44
-24 44
45 -49
41 20
-16 49
45 -23
13 46
43 12
46 32
38 43
0 -11
-17 -1
-2 28
20 -18
-21 -12
-21 -49
15 -11
-46 10
38 -20
-32 16
-9 -45
19 35
13 -4
-2 -7
-29 1
38 43
23 47
-41 -12
-44 -41
40 26
35 1
-44 45
46 -37
46 26
29 49
-45 6
37 8
-39 -33
2 13
-44 31
20 -11
7 43
-36 19
-13 6
33 33
31 -26
-7 -49
21 4
-16 11
-41 10
-36 -47
48 -12
7 35
-7 3
-30 43
-42 -48
-33 -10
-9 48
-9 -20
25 -34
-16 -31
33 47
-18 41
5 -49
-35 3
-9 -17
-4 -23
-39 -6
-32 9
-39 -23
48 -10
-15 13
10 -27
3 -13
-4 -27
17 -1
31 -16
25 -40
-14 22
39 -11
41 -46
-25 42
2 -15
-13 -5
31 -3
47 23
11 16
-40 44
25 -42
28 -43
-25 -44
-22 16
-4 9
4 -14
-4 -40
18 6
-25 -42
24 -20
20 19
-40 17
35 26
13 30
-10 -12
-23 -9
17 10
36 -5
22 -36
-3 0
31 22
-17 -36
-4 28
0 -18
-38 -39
23 3
13 27
16 -2
43 -15
-45 -2
19 22
-43 2
9 -27
23 -24
-30 -5
-17 2
-3 -3
13 24
-32 41
13 33
-21 37
28 4
-38 15
0 45
-18 29
-5 21
15 -13
22 30
-43 7
-10 24
22 30
17 -2
44 -13
45 37
29 -10
3 -19
-34 9
1 33
-27 25
-24 -47
-13 39
-2 15
-38 -9
7 -38
-24 -22
23 -29
-47 -23
41 24
43 32
-9 -6
-10 15
-5 41
13 -22
-32 10
25 38
-12 11
-9 -25
1 45
36 31
-22 -27
16 41
29 8
-12 22
-34 -12
17 -7
30 0
31 9
-14 43
-4 -9
-5 -42
34 5
20 -39
26 -21
-10 -6
-43 -48
-8 6
39 -19
-31 0
47 39
1 -44
12 -2
43 10
23 35
-37 -29
15 26
1 -44
35 -5
7 -37
-44 -9
-32 49
47 19
-25 -22
31 49
26 -7
-10 -9
30 8
-4 31
47 -23
48 -30
42 27
-21 7
-8 26
3 -27
42 0
25 -8
-11 18
41 40
25 2
40 48
10 -39
-7 -29
-24 -12
-36 40
-16 21
-34 -20
37 32
-8 38
5 42
-8 5
36 -2
45 -27
-19 -33
-4 -9
41 -43
40 23
-32 -20
-49 -23
24 -12
-7 -40
9 43
-8 15
45 34
-12 -36
5 -42
-4 -8
-16 -28
0 27
14 -18
38 -23
-23 47
13 -6
25 20
5 -8
-45 -34
2 -29
33 41
11 36
-31 -47
-23 -38
-17 -37
42 6
-39 4
-31 -27
-6 -39
42 19
16 23
-39 -3
-29 -31
0 5
-3 -22
-47 -16
-44 -34
8 -48
-48 46
14 -49
-13 -27
6 -12
49 39
-9 -10
-37 26
17 -38
-17 2
44 -32
30 -30
49 -46
21 36
-45 42
48 -6
24 -3
-49 5
6 30
-18 31
47 31
-13 7
39 -8
46 -36
33 4
-38 26
43 35
3 -3
48 -21
47 1
18 -42
-42 34
42 28
23 -31
28 42
33 44
-23 28
30 -29
28 21
17 -14
-35 -34
-39 38
44 -48
-2 -49
-3 26
-25 -16
21 -43
26 -48
-3 44
43 -37
-21 -42
9 35
42 7
-36 1
44 -34
-21 19
-38 -38
-17 -7
49 33
0 -22
49 -42
46 -12
-4 -29
46 15
2 33
44 -29
47 -13
16 31
-47 20
10 -24
-1 1
-24 22
45 19
31 -24
13 44
-29 9
-2 -9
34 -32
-47 38
30 -20
17 45
-17 25
20 19
-49 -33
6 42
-7 -2
8 -38
42 20
32 9
40 -31
7 -5
-32 42
-35 -38
47 15
18 38
18 -16
25 -13
32 24
0 -10
-12 19
-38 -1
-10 47
5 30
-46 -29
-27 5
26 20
1 -42
-16 26
41 24
-35 -29
8 39
-2 -24
41 41
-1 -27
-43 -46
-19 -34
25 18
46 -42
-41 -37
22 -48
30 -32
-31 -40
-17 30
17 -14
31 -45
1 -46
15 -8
-44 -34
46 22
-42 48
-4 13
-1 -34
-31 13
-7 6
38 24
6 -23
-29 49
9 13
-18 0
-29 -36
30 -1
-14 32
28 21
-42 4
48 37
28 -2
-33 44
-20 -34
-38 -19
-13 43
-9 -35
-49 31
-14 37
-11 -27
42 49
-35 -4
27 35
-23 1
-24 -29
41 -19
-39 -11
-42 46
-19 -36
15 35
45 26
-8 37
41 4
45 38
38 6
-10 -36
6 -23
-14 0
33 -33
-8 -3
-7 47
49 48
13 -6
37 48
-38 14
-44 25
15 26
-28 49
33 -38
20 48
36 3
25 -45
22 46
-46 4
34 31
-28 28
12 11
-25 -19
-12 31
-49 47
16 -20
37 46
37 -3
15 30
-26 -12
-49 48
23 -41
37 -10
-16 -31
16 -18
-36 49
-37 44
-10 -23
36 41
-29 16
29 -29
40 16
48 -20
-8 0
-18 46
17 39
1 5
0 16
25 34
-9 -8
-29 25
7 -14
29 15
32 41
-16 -9
41 -9
-45 46
35 24
5 6
28 -26
-29 23
-24 -24
-13 30
-23 -1
1 -35
34 33
2 47
33 36
-14 42
-16 48
19 9
-20 48
-35 45
-37 25
-42 -30
-33 -20
25 23
38 -33
-41 -38
34 -15
-32 -37
13 25
-39 -8
39 -49
-42 -2
-1 -35
48 49
-5 -15
1 47
11 -20
24 -46
3 -12
-47 41
38 47
19 -16
26 24
21 -48
-37 -9
47 -15
30 -34
-33 -22
-23 -18
-44 14
-10 -39
-25 33
6 24
48 -8
-45 -29
-34 27
22 -18
-35 -34
1 -31
-17 -48
21 44
40 0
24 -24
39 0
-4 -44
7 -47
41 6
-48 1
24 31
-22 0
18 40
-36 37
-34 -47
35 23
40 30
46 -49
17 15
36 -41
-25 19
45 0
-20 -44
-26 -7
8 39
-21 10
43 -1
-27 33
-30 -5
24 2
-6 -13
17 6
38 -31
-34 18
-22 -3
17 47
24 0
-47 -18
-4 -49
-19 -11
-34 11
12 47
23 -39
39 -30
-35 -3
28 31
41 -6
47 17
-8 -4
49 30
-36 23
-49 -38
-13 18
15 -35
-30 8
-14 -2
-37 -19
-2 15
-3 26
-16 16
-6 -21
6 31
35 37
-44 45
22 14
-3 23
36 -30
2 -23
38 44
-17 -22
27 35
-20 -18
6 8
49 -45
-2 39
-6 42
32 -30
9 -44
-4 26
21 33
23 -24
43 -22
40 -29
-14 45
-43 4
33 -31
-35 23
9 36
-30 -19
-25 -18
8 -31
48 35
43 49
10 -21
-36 35
-28 -37
30 -40
49 13
16 -21
26 14
-36 -2
37 36
36 38
28 35
23 -48
6 -39
36 16
47 -11
-20 21
22 -9
-34 44
-15 -27
16 -8
-4 31
35 33
-37 -29
5 36
40 -3
-18 20
-23 15
-2 22
-18 -12
8 -41
-31 0
32 21
47 24
-15 13
32 -6
13 -30
14 -42
-37 -36
-41 11
-40 11
-29 -37
-44 20
-24 -30
-38 29
18 14
-1 7
49 15
-6 42
-48 5
-30 -30
43 15
-44 24
45 28
43 8
49 39
-46 -19
-23 -41
6 48
-44 -22
33 -29
44 -12
-24 -5
-6 -24
41 -11
-44 15
-34 31
-10 -28
-46 9
9 -7
12 -26
15 -16
22 -13
-14 -45
-34 -35
8 -40
17 -46
28 15
-22 -11
2 6
-38 -49
-34 3
-34 47
0 -41
-10 2
17 41
33 -1
-28 41
-16 -2
-8 28
-39 -25
-39 44
-47 -37
-46 -38
7 28
33 21
-20 13
13 -3
-3 -33
-2 -30
37 42
-5 -38
-40 -39
-14 -47
39 -30
-39 49
-34 -32
-26 -19
5 -43
2 -43
-37 -12
-19 -40
32 -21
33 -42
18 32
-34 -39
6 -8
38 17
18 1
28 -8
6 38
-31 -10
-38 -27
-28 -44
-25 -7
-21 48
-18 -40
-19 35
-48 20
-41 -46
-39 0
30 38
15 13
-6 -45
24 -28
37 -12
-35 37
-40 -39
35 32
-10 49
23 -27
44 -39
13 -29
44 29
-16 -37
40 -45
-30 -17
-20 -24
-11 -12
-44 24
16 7
12 -29
32 31
31 -28
-7 18
49 10
39 11
-11 -9
24 19
18 -9
24 -17
2 -42
-5 13
-4 48
-28 41
1 47
15 32
37 42
-24 -9
47 18
3 -45
-39 -41
16 37
14 24
16 35
-42 -30
-13 37
4 33
-5 46
22 0
-14 8
44 -14
16 -18
20 -30
28 -26
-32 -7
-31 -23
48 8
-35 11
-38 -24
-22 -30
42 -22
-9 17
45 1
-39 -28
-49 29
-12 13
8 48
-5 48
-32 2
47 46
10 14
11 14
-2 23
43 -26
41 -43
-44 2
1 -31
-25 24
-13 26
-22 -42
31 8
-22 -19
35 24
46 -38
-27 24
-11 21
38 -1
-1 -6
36 -10
18 15
7 -29
-40 -13
-25 46
37 -27
-5 42
3 22
16 15
7 -30
10 31
46 -14
39 17
10 23
-33 36
-20 -28
28 19
45 -20
41 23
-22 3
-9 -2
3 20
14 0
-28 23
17 0
39 32
18 1
38 42
24 -38
0 -18
-2 6
-45 -12
6 -24
-20 -25
-24 -29
34 -44
-23 46
10 18
-27 42
24 -20
-3 -23
5 -2
23 -18
41 -33
8 -49
23 39
-16 12
-29 49
16 24
7 27
30 -17
-43 -25
-11 43
22 -8
-7 -2
-34 13
-20 33
10 -16
-32 -38
-8 -26
-12 37
6 0
6 41
34 36
-3 9
4 -48
-21 34
-23 -39
-32 -34
-24 39
44 7
41 18
-8 -29
49 23
4 32
0 -37
-6 10
32 -6
-6 -47
-40 30
-25 -43
23 46
40 28
-42 43
24 -46
36 -35
18 -26
49 -45
21 -31
-44 36
-49 -34
42 41
39 -22
-25 -40
48 -18
29 -27
0 -3
-4 15
0 28
38 -27
40 -29
-6 24
21 30
-40 -36
10 -26
-31 0
-37 11
-36 -23
-12 -2
41 -33
11 -15
-3 44
-16 18
-32 16
39 31
8 24
7 -22
-27 12
0 43
-19 17
-33 11
32 -31
45 37
24 -33
43 17
-40 -43
45 -6
-8 -28
-15 46
-38 30
15 -38
10 44
-24 -49
-24 -43
-13 30
30 -18
-4 27
15 -1
-23 -25
-46 42
-24 44
-25 3
45 1
-27 -40
3 37
-45 -40
41 -20
-41 6
42 4
45 49
-28 15
48 11
-26 48
-42 17
-38 2
39 -7
-38 43
