38 -25
0 -5
-2 -20
-19 49
37 -16
16 42
40 -39
0 37
26 -3
44 -21
-13 29
35 8
43 0
9 -41
33 -22
-36 -3
-48 43
36 49
-13 37
26 -8
7 -32
-41 35
14 32
-9 -24
32 30
13 -6
-27 -25
3 18
21 -25
5 -39
-3 9
42 26
28 -11
-10 20
-14 28
23 8
14 22
9 -22
-5 -13
16 25
-32 1
1 1
22 -7
-10 36
0 23
47 -48
-30 -27
-22 36
-3 28
32 25
-10 10
41 -23
-24 7
37 -18
-33 24
-25 -10
-22 -44
-11 31
-11 27
-43 -25
-6 -1
22 10
4 -11
-18 12
4 -45
-39 -40
-25 -14
-3 6
-18 2
-20 -18
-35 17
23 -21
-17 -31
36 -32
35 23
-30 -32
39 -40
-10 -16
26 15
30 2
13 -7
0 -21
45 32
44 46
-21 11
30 -46
0 -35
-31 49
45 -12
-29 -7
45 10
-38 32
45 32
35 -37
17 -32
7 6
33 -7
44 15
-4 -34
13 4
-19 -20
-35 -43
6 -18
-36 -44
-39 -28
-31 -31
-49 27
16 -44
-37 -5
-46 -10
30 -34
-27 4
-29 46
14 8
8 8
49 0
-4 39
-28 0
14 13
46 33
-36 -22
-10 28
-13 -36
-13 10
-24 -20
48 -10
24 10
-44 -6
2 25
43 -32
-32 7
-6 44
-7 -12
25 36
49 -31
-4 12
-21 -40
17 3
-26 28
26 -4
28 15
-37 18
24 -13
-22 -36
-12 48
-15 -42
5 -40
-16 36
-21 -25
-25 -27
-40 -13
8 41
-24 -1
33 -29
20 45
-37 -6
-30 -16
28 49
10 -17
-7 -9
-16 -29
46 8
-32 -31
-22 -5
8 30
-41 19
-40 19
14 -49
-35 -48
15 23
-43 -32
-26 -32
19 0
-48 -28
29 44
-42 -45
4 -2
-43 -48
3 22
4 3
18 10
47 -45
9 48
0 34
9 33
-40 -29
-14 23
7 -31
-28 25
10 22
26 45
30 -11
-1 28
40 -18
-10 7
40 -9
-12 -32
12 15
9 17
-33 -44
-33 19
26 -37
-34 -13
19 -21
6 3
-10 43
12 -7
-18 44
46 20
37 40
-30 31
10 31
13 46
11 14
26 -1
19 -20
46 -29
14 36
15 -36
33 -28
44 13
25 -44
47 44
44 -7
-10 -23
31 28
18 -16
11 -28
28 7
7 -17
40 -22
-35 33
11 -12
-41 -11
43 19
31 3
12 -42
-7 -34
-47 -33
-15 35
-15 -35
10 39
41 14
-37 -20
28 -25
11 36
22 -34
46 -13
-17 -11
48 -23
4 18
-32 24
40 -28
3 -3
45 1
-10 -39
-22 -44
-43 22
-11 41
-15 24
33 1
45 -31
29 38
1 -41
-19 14
-19 38
-23 -9
2 20
-16 -45
40 42
4 -28
-8 3
7 -9
47 -32
-4 -20
-4 -25
-32 -26
35 -32
29 -3
45 -48
-5 -48
28 42
-28 25
-32 -24
-36 32
1 43
-48 3
11 47
33 -34
0 15
-46 1
40 25
-27 27
28 -46
-46 -46
-29 7
-34 -9
40 -40
-39 -5
-43 -41
46 38
-10 -4
-33 -23
27 40
-14 -42
24 -8
3 10
36 49
35 -3
29 -45
-35 48
-11 -7
7 -2
-40 -37
31 -11
34 42
32 24
8 -23
21 -2
-31 42
42 -47
11 -27
49 -44
-44 -24
-49 -14
-26 -12
-41 -18
-23 3
40 23
-24 -49
-33 -7
-24 34
-17 -3
-5 2
43 0
34 -6
34 19
40 -36
6 -46
17 -13
2 -37
12 -14
-9 -22
-31 -1
-40 28
-6 -8
-47 -24
29 -49
-44 -31
-32 5
2 -26
40 10
-31 -2
17 17
-37 -47
22 48
-27 -13
31 32
20 -25
-46 -42
22 34
33 1
6 5
7 -6
-12 -48
14 38
16 6
-13 5
-17 12
32 -36
-23 7
-5 -42
-25 48
-8 33
-11 31
13 -38
-33 3
-49 41
30 3
-7 -25
-16 -38
-10 5
-2 -35
-49 33
19 13
42 -28
-6 -9
-37 23
9 45
-3 3
14 -29
-20 4
43 42
-15 37
-3 0
-17 49
40 -48
39 15
4 -9
8 -40
